>id 1234|Hs|est|Adipose||adipose tissue|normal||tissue
>part
>ku
>uu
661807
592933
593016
578401
726651
588384
598983
699815
738942
661804
661806
>kn
436500
634143
107740
529053
85155
523262
461214
534346
350268
643267
474233
445497
79387
743215
438311
500104
381219
591014
155247
632252
523715
304475
434937
510635
534847
487062
31869
301989
439481
379466
508725
695
154654
272673
100426
218040
256278
524210
79334
155597
47338
594307
727580
632339
9234
190544
19196
488861
279784
471917
484813
706355
516105
652334
516243
504877
521924
170131
145068
8752
655387
418668
351296
515415
487458
533287
349905
591569
546287
708096
705517
743252
300141
11392
533903
446685
279594
654572
415067
227253
191734
129758
513153
38621
531111
441072
150580
514063
487200
614974
8944
743370
631951
655327
416073
655199
496068
77422
75812
712617
6551
525462
491232
192233
436944
57698
743503
475506
713956
443625
605153
656657
943
408018
211511
441664
644628
654401
535972
12956
82793
459632
201858
726355
279669
728823
301853
26506
558396
293274
515046
330073
514920
489284
7946
523774
8904
618145
523789
278694
89643
512675
513296
333427
23582
469473
370937
469154
2795
643910
584851
83753
6191
503546
517815
162032
77876
19413
451090
593075
233240
700576
409965
76224
436383
433419
514297
288284
239500
524183
409934
75243
741169
53454
470907
5912
437145
62880
740494
123464
77135
524219
15591
356502
296422
492427
91283
524121
655455
494691
132989
33476
593422
503163
503093
709967
272259
472558
500047
523454
643801
534527
524250
156667
429180
109590
510833
46700
75182
604915
533624
591288
434980
165195
515417
610958
477789
114033
519162
557850
512619
112341
558528
197644
654744
69089
524760
677570
8102
546269
546285
483238
655476
730597
138378
258314
11417
513617
572535
509414
144468
645317
59719
296731
731454
108301
307734
445827
487511
707013
478868
2853
743259
631860
655572
438429
7101
180933
179986
333418
653679
370480
591691
344151
190722
592327
500842
119598
288959
75528
530024
351279
279257
439726
32470
278573
530096
202097
446427
198241
715083
39925
356061
224152
741157
350927
296310
7778
743291
436446
309849
85539
494738
368353
443258
134296
632717
513646
462913
741199
584782
471851
458973
494173
516674
286226
527105
169900
270244
249211
632873
516707
743223
525557
212838
495419
533273
515515
597349
706674
384598
490330
35052
49433
103502
75890
559459
527412
433701
720388
517817
486031
720151
534307
658598
136905
654568
591610
118633
114172
696211
498569
332708
406678
46894
467824
743430
743509
741263
494556
185055
279929
370504
209113
592224
280805
397153
633514
306791
437277
54457
741363
421907
433863
709321
3416
660640
472330
430075
503787
443914
75724
274329
596643
505824
557550
720177
106212
25597
407966
78771
471619
655519
516111
15977
355264
743241
250493
369670
524484
449609
731481
29595
106469
632865
289108
477128
520989
503297
280130
62886
632486
343380
220950
202207
78183
4944
103147
78944
369284
397609
515493
191219
440494
593923
655614
309763
743271
195471
370024
465433
524271
592004
708195
529512
435001
19400
1869
31720
430551
657058
80552
356799
288229
433068
440950
514997
212332
391561
437647
66713
448229
564611
514636
591133
567968
293629
514806
706124
57732
511143
518562
199368
514196
713579
471014
388739
415414
632144
529860
515785
413812
544577
283749
25590
17441
372378
2533
627414
118076
513779
732776
710488
743263
16529
740394
513058
596449
516087
483305
415299
514560
471452
728813
445890
156509
2006
1116
500721
672131
104570
731661
719927
731317
185172
481371
522891
335513
723254
529303
319481
99962
387755
419240
250758
530053
149255
586423
652114
80358
151218
399800
709660
18442
58679
356190
743453
517969
469820
655057
34136
25786
268785
376064
654444
5836
516155
50755
162458
607212
400295
460317
591387
23918
374596
103253
381282
268742
648394
654404
40966
654824
77961
292078
199743
524579
311363
488181
311187
594912
153629
150107
520341
523443
252828
705431
178551
255935
24301
221597
433901
380953
743229
491737
112318
475963
233389
515371
514581
286192
162963
214043
603930
222055
654643
49582
154104
644231
272822
109051
275775
519337
298280
743256
528305
193566
731537
520973
477420
558422
419640
19121
591087
470477
75864
406096
20315
535873
518750
719925
151134
731646
143703
512464
153177
3094
498586
527193
654671
525622
643548
440401
414579
691131
118243
110571
631733
22242
163893
444818
732291
74050
421194
84190
644997
656790
462693
162233
119815
126517
533709
423935
534770
9589
514412
356626
701472
151536
420272
38039
74137
474751
28491
436527
652712
406510
431081
728829
584790
371889
463045
594952
731505
56729
581021
443077
268530
591945
604479
471528
514199
567943
53155
368149
80658
730710
713131
444332
731659
469694
642660
591151
609336
335079
515687
204041
696631
479396
647334
50813
534301
534477
32018
647117
73875
132868
610830
462086
412370
441047
631616
519168
743218
289092
511839
513490
523238
516075
406234
498727
437083
241575
104519
466471
64691
647371
192586
500822
397010
733319
486360
136309
546291
432760
401842
657312
650680
284279
356719
277035
529509
462214
546502
279696
381123
499839
437638
531561
160786
471403
520967
28780
446357
154510
414795
522699
821
525205
434241
108080
173724
445570
430425
90753
517962
410037
3376
369520
472010
659274
467284
462998
733168
462550
513267
196176
371823
128824
7236
490795
410977
632282
208680
407368
301404
514535
491494
713981
502612
433529
473296
372031
123450
97199
375957
268515
632456
412707
410596
523463
143873
349470
371597
150458
406861
448854
483521
66
633601
530291
522616
476365
396644
371001
511251
11747
501578
532768
524910
525634
86859
75527
647086
621695
203099
373560
365706
370581
106124
129910
706793
518827
743268
310429
516157
475387
503911
8033
491148
24178
414480
368527
183684
505735
719951
257761
12211
518250
654620
21765
654563
799
523131
263671
444356
517949
499620
590958
132513
274415
600940
726012
431668
592121
515972
435080
430646
655108
334587
79347
643357
118241
50425
643447
8867
458324
500466
743304
525163
529038
444106
443021
380250
459652
433427
131269
654543
438245
716456
5662
463421
531081
474010
437058
626404
508738
250899
368934
156367
7636
740477
502775
524161
512842
591768
522110
515210
740452
500333
111577
382202
497816
76873
75189
523299
741537
180414
655105
272011
530930
151777
13967
643051
643544
730799
725787
202238
594084
654965
515329
530871
536663
301613
197143
406683
417004
516114
632368
507755
421257
77318
482521
592086
518525
488877
405880
433615
500156
442378
445203
547172
432121
487046
636480
512627
591969
274313
523185
383403
731619
433222
502745
144873
202424
473286
195464
523838
36473
335068
77269
481542
655336
406223
514495
442798
437178
517145
39429
173840
85962
743449
410406
469872
7744
370312
513520
603040
194329
706889
709609
482144
523309
271383
643552
193491
311640
81328
496587
23642
649965
647419
741213
254042
592095
510324
154073
567235
75117
409602
509765
502769
654473
632685
239631
109655
26023
466987
692209
466662
256549
546288
266728
518464
47357
120
29444
374973
4747
96852
446149
652183
338207
632460
129563
481186
379414
370771
741420
522632
511605
24763
522555
445893
464472
207776
740501
517033
120949
408355
526521
381126
87752
183109
467701
520287
389461
311100
445498
518249
519659
632380
9315
6838
504687
104305
38516
567501
655012
184233
446315
221847
150718
374650
675564
490415
743313
519523
49688
3459
502842
390738
643455
269560
435761
449585
531371
535192
414565
533499
557655
371021
654500
523560
520348
7644
491767
150087
435661
520245
517155
34341
118474
8595
335139
709257
434251
512773
433203
428027
546292
436445
644095
730768
474737
467192
431367
464572
21577
166011
718483
232375
418175
467807
494337
120323
211594
24135
26530
592313
713548
4055
494614
5062
142074
460923
129195
494419
24598
333786
500067
534679
593187
125113
497599
136979
75348
743272
337766
524430
467279
438720
503178
372914
515500
213470
502773
643498
438227
58351
45231
626637
278569
381061
293884
199625
181444
103934
408903
144835
78224
647421
179838
129673
512636
654784
493791
567562
380887
433307
514220
105460
379018
495473
662152
531064
584784
643951
156178
25292
529631
12970
246112
473583
289347
527874
741153
356572
63335
369039
77060
525134
741168
335163
180903
455493
724025
404119
546286
647450
75514
597216
654609
519818
602573
407955
282901
546271
591605
509872
445040
9235
146602
696497
647064
356769
284217
169982
486458
258798
355141
743285
43322
591733
15738
741457
632466
604551
378103
643683
103854
363137
631580
520070
75318
505729
520189
571841
273621
602015
31819
458414
36859
66708
594444
192374
288798
179260
512680
644610
181301
446098
604588
436568
61995
486589
473109
471933
733403
485130
505337
371642
460978
732708
170622
95260
481571
503368
522805
4997
408054
645427
435933
468840
129798
593920
70312
435228
304682
189075
631587
79322
105606
31082
523739
5120
198072
502948
741202
272630
352018
584908
741167
92732
517888
259605
151220
741204
502914
646568
572518
407995
334603
82482
500013
194236
450230
508716
34492
592115
534360
437594
106674
154163
591178
532359
269990
542050
523852
519839
535464
713051
435655
111903
129683
435052
155829
743274
433951
743404
220963
408073
435369
309288
592108
35828
123933
90280
253146
108957
524502
436037
1872
533237
523080
743390
432976
55682
524308
275243
485246
534312
462946
523456
163867
188456
498371
374990
508021
444467
518203
593833
655066
288981
531418
470417
518267
351099
528572
523936
522578
7626
731376
271135
694119
378501
1027
529317
523302
102788
440475
567381
234898
591607
498720
7884
265174
525600
446588
180919
520640
632629
213394
524464
495471
720376
274402
533282
368525
465498
466804
146542
433845
355927
369144
632729
405590
28988
155396
10842
743239
517106
591665
368631
527778
432132
193133
484363
525196
381167
292493
301350
13351
76152
602528
482077
433670
522817
743245
136247
494457
516023
76686
593645
604001
370703
730607
1211
592982
593928
517357
181244
179675
510328
743226
195685
321541
517232
474643
115088
337594
656875
210367
446852
317190
529798
654836
720220
465784
65029
388347
632093
731715
631590
8739
654720
374378
101150
591506
301540
75835
520898
522789
523230
115242
17719
495755
461988
632191
465645
559718
562901
712676
713245
695185
708114
429608
523512
126688
517134
171695
465885
176503
492859
180878
271667
656020
516711
512676
599039
339639
208681
483454
509736
655317
282410
368325
158870
474783
15250
409034
654968
500483
196065
76753
248746
380118
719137
469970
425125
13543
420529
488189
290404
524418
655329
703237
726547
433159
743352
525017
492599
444451
67726
546289
529782
465744
656931
603657
353454
516297
14333
314359
419463
512693
369607
29189
166924
460574
647118
25450
292524
369819
650174
502328
100921
533977
515247
438683
657204
496487
13759
654380
681743
188495
182825
6734
479808
244595
464336
43812
436687
522373
513083
654351
591314
438678
655916
595053
421622
118651
1422
501853
656547
213424
515388
445315
405144
743278
438863
463074
337295
459940
367854
180909
464071
406300
743260
497684
654475
292056
111024
492407
513734
78065
534255
436873
7296
438782
2420
567229
534404
408061
653262
59729
584884
25674
506997
515534
82028
310421
75360
591160
484241
474584
205627
444600
112405
4
709466
643030
233552
194669
516746
592945
43233
661891
579079
55044
93675
>un
690911
694262
708386
648590
731821
708522
732934
660621
597020
664480
713664
714318
731577
723529
732361
723327
743220
741566
633059
714549
713718
598985
274184
708811
295626
309753
86538
715053
656753
713936
713706
708253
661803
656194
592625
569800
708558
728901
708359
554024
333388
659776
731601
656374
713644
661731
732349
721310
661730
712725
731478
561602
743327
634052
708925
4865
712632
661805
664670
644944
707244
706897
708630
700350
702741
661732
741595
585199
593927
713621
682003
36915
98943
708337
661808
628957
709442
714554
528668
517207
595847
715773
714487
741178
661729
720521
29952
592946
657346
597982
632573
597364
659640
669724
706070
512525
732026
708256
594095
514118
709727
76171
449114
667843
643648
512542
519520
707090
657308
597496
658643
601075
706927
708272
712650
708459
738936
594775
735826
432792
708426
595887
713634
632796
731679
700699
450979
708120
708083
713809
600088
729239
609454
567352
713854
740803
732348
714023
310781
659431
598688
632626
713078
705884
705892
496271
7753
655575
592599
699851
448226
655550
642990
645344
713721
720458
713750
520974
702164
707587
731515
703770
730918
5298
735650
712763
702126
720303
656532
540115
707081
713655
567702
712899
719719
718749
733165
714486
732254
386793
733075
655763
555895
356721
741398
721030
486304
705877
380956
645450
707184
743219
719698
631554
727345
720560
708162
>part
>ku
>uu
661807
592933
593016
578401
726651
588384
598983
699815
738942
661804
661806
>kn
634143
436500
107740
85155
529053
523262
461214
534346
350268
643267
474233
445497
79387
743215
438311
500104
632252
155247
591014
381219
304475
523715
434937
510635
534847
31869
301989
487062
439481
379466
154654
695
508725
218040
100426
272673
256278
524210
594307
47338
155597
79334
727580
9234
632339
190544
19196
471917
279784
488861
484813
706355
516105
652334
521924
504877
516243
170131
145068
8752
655387
418668
351296
515415
487458
533287
591569
349905
546287
708096
705517
743252
300141
11392
533903
279594
446685
415067
654572
227253
513153
129758
191734
38621
531111
441072
514063
150580
487200
614974
8944
631951
743370
416073
655327
77422
496068
655199
6551
712617
75812
491232
525462
192233
57698
436944
743503
475506
713956
443625
656657
605153
211511
408018
943
441664
654401
644628
82793
12956
535972
726355
201858
459632
728823
279669
26506
301853
558396
293274
330073
515046
489284
514920
7946
523774
8904
618145
278694
523789
89643
512675
469473
23582
333427
513296
370937
469154
2795
584851
643910
6191
83753
162032
517815
503546
77876
19413
593075
451090
233240
409965
700576
76224
433419
436383
288284
514297
239500
524183
75243
409934
741169
53454
470907
437145
5912
740494
62880
123464
77135
524219
15591
296422
356502
492427
91283
524121
494691
655455
503163
593422
33476
132989
709967
503093
472558
272259
643801
523454
500047
524250
534527
429180
156667
109590
510833
46700
75182
604915
533624
591288
434980
165195
515417
610958
477789
114033
519162
557850
512619
112341
558528
197644
654744
69089
524760
677570
546285
546269
8102
483238
655476
730597
138378
11417
258314
513617
572535
144468
509414
59719
645317
296731
731454
307734
108301
445827
487511
478868
707013
2853
631860
743259
438429
655572
7101
333418
179986
180933
653679
370480
591691
344151
190722
500842
592327
119598
75528
288959
530024
279257
351279
32470
439726
278573
202097
530096
446427
198241
39925
715083
224152
356061
741157
350927
296310
436446
743291
7778
85539
309849
368353
494738
632717
134296
443258
513646
462913
741199
584782
471851
458973
494173
516674
286226
527105
169900
270244
212838
525557
743223
516707
632873
249211
495419
706674
597349
515515
533273
384598
490330
103502
49433
35052
559459
75890
527412
517817
720388
433701
486031
720151
658598
534307
591610
654568
136905
696211
114172
118633
332708
498569
406678
46894
467824
743509
743430
741263
494556
185055
279929
370504
209113
592224
397153
280805
633514
306791
437277
54457
421907
741363
433863
709321
660640
3416
430075
472330
503787
75724
443914
274329
596643
720177
557550
505824
25597
106212
407966
78771
471619
655519
15977
516111
743241
355264
250493
369670
524484
449609
731481
29595
106469
632865
477128
289108
520989
503297
280130
62886
343380
632486
202207
220950
78183
4944
103147
369284
78944
397609
515493
191219
655614
593923
440494
370024
195471
743271
309763
524271
465433
592004
708195
529512
435001
1869
19400
31720
430551
657058
80552
356799
288229
433068
440950
514997
212332
391561
437647
66713
448229
564611
514636
591133
567968
293629
514806
706124
57732
511143
518562
199368
514196
713579
471014
388739
632144
415414
529860
413812
515785
544577
283749
372378
17441
25590
627414
2533
513779
118076
732776
710488
743263
16529
513058
740394
415299
483305
516087
596449
514560
471452
445890
728813
2006
156509
1116
500721
104570
672131
731661
719927
731317
185172
481371
335513
522891
529303
723254
319481
99962
387755
419240
530053
250758
586423
149255
151218
80358
652114
399800
709660
18442
743453
356190
58679
517969
469820
655057
34136
25786
376064
268785
516155
5836
654444
50755
162458
460317
400295
607212
591387
23918
103253
374596
268742
381282
654404
648394
654824
40966
77961
292078
199743
311363
524579
488181
311187
594912
520341
150107
153629
252828
523443
705431
178551
255935
433901
221597
24301
112318
491737
743229
380953
475963
515371
233389
286192
514581
162963
603930
214043
654643
222055
154104
49582
272822
644231
519337
275775
109051
298280
528305
743256
558422
477420
520973
731537
193566
419640
470477
591087
19121
75864
535873
20315
406096
518750
719925
151134
153177
512464
143703
731646
3094
498586
527193
654671
643548
525622
440401
414579
691131
118243
110571
22242
631733
163893
732291
444818
74050
84190
421194
644997
462693
656790
162233
126517
119815
533709
423935
534770
9589
514412
356626
701472
151536
420272
38039
74137
474751
28491
436527
431081
406510
652712
584790
728829
463045
371889
594952
56729
731505
443077
581021
268530
591945
604479
53155
567943
514199
471528
368149
80658
730710
444332
713131
731659
642660
469694
591151
609336
335079
515687
696631
204041
647334
479396
50813
534301
534477
32018
647117
73875
610830
132868
412370
462086
441047
631616
511839
289092
743218
519168
513490
523238
406234
516075
498727
437083
241575
466471
104519
647371
64691
500822
192586
397010
486360
733319
136309
546291
401842
432760
650680
657312
356719
284279
277035
529509
462214
546502
279696
381123
437638
499839
160786
531561
520967
471403
28780
446357
154510
414795
522699
821
434241
525205
173724
108080
430425
445570
90753
517962
369520
3376
410037
472010
659274
733168
462998
467284
462550
196176
513267
7236
128824
371823
490795
410977
208680
632282
407368
491494
514535
301404
713981
502612
433529
473296
372031
123450
375957
97199
632456
268515
412707
523463
410596
143873
349470
371597
150458
448854
406861
483521
66
633601
522616
530291
371001
396644
476365
511251
11747
532768
501578
525634
524910
75527
86859
621695
647086
203099
373560
365706
370581
129910
106124
706793
518827
743268
310429
516157
475387
491148
8033
503911
414480
24178
183684
368527
719951
505735
257761
12211
518250
21765
654620
799
654563
523131
444356
263671
499620
517949
132513
590958
274415
600940
726012
431668
592121
515972
435080
430646
655108
334587
79347
643357
118241
50425
643447
8867
458324
500466
743304
525163
529038
444106
443021
380250
459652
433427
131269
654543
438245
716456
5662
463421
531081
474010
437058
626404
508738
250899
368934
156367
7636
740477
502775
524161
512842
591768
522110
515210
740452
500333
111577
382202
497816
76873
75189
523299
741537
180414
655105
272011
530930
151777
13967
643051
643544
730799
725787
202238
594084
654965
515329
530871
536663
301613
197143
406683
417004
516114
632368
421257
77318
507755
482521
592086
518525
488877
405880
433615
500156
445203
442378
547172
487046
432121
512627
636480
274313
591969
523185
383403
731619
433222
144873
502745
202424
195464
473286
523838
36473
335068
77269
406223
655336
481542
442798
514495
437178
173840
39429
517145
85962
410406
743449
469872
370312
7744
603040
513520
706889
194329
709609
482144
643552
271383
523309
193491
311640
496587
81328
649965
23642
647419
741213
254042
510324
592095
154073
567235
75117
409602
509765
502769
654473
632685
239631
109655
26023
466662
692209
466987
266728
546288
256549
518464
120
47357
374973
29444
4747
96852
446149
652183
338207
632460
481186
129563
370771
379414
522632
741420
511605
24763
522555
445893
464472
207776
740501
517033
120949
408355
526521
381126
183109
87752
520287
467701
389461
311100
519659
518249
445498
632380
6838
9315
504687
38516
104305
567501
655012
446315
184233
374650
150718
221847
675564
743313
490415
519523
49688
3459
643455
390738
502842
269560
449585
435761
535192
531371
414565
533499
557655
371021
523560
654500
491767
7644
520348
435661
150087
34341
517155
520245
118474
8595
335139
433203
512773
434251
709257
546292
428027
436445
644095
730768
474737
464572
431367
467192
718483
166011
21577
232375
120323
494337
467807
418175
211594
592313
26530
24135
4055
713548
494614
142074
5062
460923
494419
129195
24598
333786
534679
500067
593187
125113
497599
136979
337766
743272
75348
524430
467279
438720
503178
372914
213470
515500
438227
643498
502773
58351
45231
626637
381061
278569
293884
199625
181444
408903
103934
144835
179838
647421
78224
512636
129673
654784
493791
567562
433307
380887
105460
514220
379018
495473
643951
584784
531064
662152
156178
529631
25292
12970
473583
246112
527874
289347
741153
356572
77060
369039
63335
741168
525134
335163
180903
724025
455493
404119
546286
647450
597216
75514
654609
519818
407955
602573
546271
282901
591605
445040
509872
146602
9235
696497
647064
356769
284217
486458
169982
355141
258798
591733
43322
743285
378103
604551
632466
741457
15738
643683
103854
631580
363137
520070
75318
520189
505729
602015
273621
571841
36859
458414
31819
66708
192374
594444
288798
179260
512680
644610
181301
446098
604588
61995
436568
486589
473109
471933
505337
485130
733403
371642
460978
732708
95260
170622
481571
522805
503368
408054
4997
645427
435933
468840
129798
70312
593920
435228
304682
189075
105606
79322
631587
523739
31082
198072
5120
502948
741202
272630
584908
352018
259605
517888
92732
741167
151220
646568
502914
741204
572518
407995
334603
82482
194236
500013
450230
34492
508716
592115
534360
437594
106674
154163
532359
591178
542050
269990
435655
713051
535464
519839
523852
111903
435052
129683
155829
433951
743274
743404
220963
408073
309288
435369
592108
35828
253146
90280
123933
108957
524502
436037
1872
523080
533237
432976
743390
55682
524308
275243
485246
462946
534312
523456
163867
188456
374990
498371
508021
518203
444467
593833
655066
288981
531418
470417
351099
518267
528572
523936
731376
7626
522578
694119
271135
378501
529317
1027
102788
523302
440475
567381
234898
591607
498720
7884
525600
265174
446588
180919
520640
213394
632629
524464
495471
720376
274402
533282
465498
368525
466804
146542
433845
355927
632729
369144
405590
28988
155396
10842
743239
517106
591665
368631
527778
432132
193133
525196
484363
301350
292493
381167
13351
76152
602528
482077
522817
433670
743245
136247
494457
516023
76686
604001
593645
370703
730607
1211
593928
592982
179675
181244
517357
510328
321541
195685
743226
517232
474643
337594
115088
210367
656875
446852
529798
317190
720220
654836
465784
65029
388347
731715
632093
631590
654720
8739
374378
101150
591506
301540
75835
522789
520898
523230
115242
17719
495755
461988
559718
465645
632191
562901
712676
713245
695185
708114
429608
523512
517134
126688
171695
465885
492859
176503
180878
271667
656020
512676
516711
599039
339639
208681
483454
509736
655317
368325
282410
158870
474783
15250
409034
654968
500483
196065
76753
380118
248746
425125
469970
719137
13543
420529
290404
488189
655329
524418
703237
433159
726547
743352
525017
492599
444451
67726
546289
529782
465744
656931
603657
353454
516297
419463
314359
14333
512693
369607
29189
166924
460574
25450
647118
292524
502328
650174
369819
100921
438683
515247
533977
496487
657204
13759
681743
654380
188495
6734
182825
244595
479808
464336
436687
43812
513083
522373
654351
591314
438678
655916
595053
421622
118651
1422
501853
213424
656547
515388
445315
405144
438863
743278
337295
463074
459940
180909
367854
464071
406300
743260
654475
497684
292056
111024
492407
513734
534255
78065
436873
7296
438782
567229
2420
653262
408061
534404
584884
59729
25674
515534
506997
310421
82028
75360
591160
484241
205627
474584
444600
233552
643030
709466
4
112405
592945
516746
194669
579079
661891
43233
55044
93675
>un
690911
694262
708386
648590
731821
708522
732934
660621
597020
664480
713664
714318
731577
723529
732361
723327
743220
741566
633059
714549
713718
598985
274184
708811
295626
309753
86538
715053
656753
713936
713706
661803
708253
656194
592625
569800
708558
728901
708359
554024
333388
659776
731601
656374
713644
661731
732349
721310
661730
712725
731478
561602
743327
634052
708925
4865
712632
661805
664670
644944
707244
706897
708630
700350
702741
741595
661732
585199
593927
713621
682003
36915
98943
708337
661808
628957
709442
714554
528668
517207
595847
715773
714487
741178
661729
720521
29952
592946
657346
597982
597364
632573
669724
659640
706070
512525
732026
708256
594095
514118
709727
76171
449114
667843
643648
512542
519520
707090
657308
597496
658643
601075
706927
712650
708272
708459
738936
594775
735826
432792
708426
595887
713634
632796
700699
731679
450979
708120
708083
713809
600088
729239
609454
567352
713854
740803
732348
310781
714023
659431
598688
632626
713078
705884
705892
496271
7753
655575
592599
699851
448226
655550
642990
645344
713721
720458
520974
713750
702164
707587
731515
703770
730918
5298
735650
712763
702126
720303
656532
540115
707081
713655
567702
712899
719719
718749
733165
714486
732254
386793
733075
655763
555895
356721
741398
721030
486304
705877
380956
645450
707184
743219
719698
631554
727345
720560
708162
