>id 1233|Hs|cgap||bulk|brain|normal||tissue
>part
>ku
>uu
665858
601778
601777
566255
665557
665553
634775
665685
336868
634797
665577
634780
564977
741679
664497
697212
588968
663258
664496
665264
590708
634375
>kn
654762
464622
26612
113876
741212
518055
741286
301419
695681
82432
524947
655702
703025
446376
731836
350268
521212
681616
443935
199343
591140
21837
356549
36053
5345
567438
471200
380897
439481
290243
445503
508725
478465
246590
187657
37982
516966
591768
523004
529735
275865
32984
126280
368647
709893
298573
416925
731928
591643
524094
279583
560655
515517
720321
121870
522484
522493
741324
412870
473927
179565
9597
719203
515164
463483
432413
723178
654422
469060
446685
18631
77318
213198
632013
484259
239666
490874
439152
546387
382044
577256
569205
62003
145284
173878
712543
516954
655327
558364
496068
513856
636480
143250
509067
546298
482497
474596
201034
28608
502745
713641
21380
731438
507243
605153
731388
337251
310645
730749
143187
148767
631504
516543
408528
201858
477287
530331
289008
728908
21958
234355
132760
516859
432862
601562
619396
7744
38449
119177
44532
592081
311640
726063
322430
33455
408427
54609
469473
237536
513851
481819
6540
124147
632200
657360
445733
356331
167317
529495
270291
164060
182982
632685
75243
239631
332382
229988
741236
77768
515053
181046
731633
256549
156346
31439
524219
9873
516853
591416
632226
512144
494691
522590
157429
446414
643801
514505
524250
171057
17109
28326
231616
10326
172550
522555
520943
434102
718506
368240
654815
209983
474833
533624
196983
356231
87752
655341
532286
653144
515162
445498
512619
197644
433445
567501
446315
522885
159223
675564
193557
741172
11417
9061
86912
712707
115284
435051
154429
485899
170156
437943
703523
414565
449009
521937
162877
409223
210586
440544
518731
332197
179986
632242
720136
433332
475382
29288
724
203952
201641
659950
145230
462598
471156
443330
549751
436166
533712
530096
166011
202097
413123
1063
445981
529094
229641
625133
589924
437060
489873
39925
709461
592313
443061
731383
496267
460923
444957
248267
302903
500067
632717
303649
157351
371249
372840
435255
436657
21422
569831
446083
12409
655552
466539
446260
593985
372331
58351
741319
352541
272062
522274
714425
436405
212838
349705
654899
519445
655498
43899
422181
148988
129673
446574
509264
509451
15580
533855
720388
731909
20107
647011
658598
471130
591610
136905
498569
518611
673984
469030
379018
8986
591412
740386
55940
122561
471441
532786
280387
146804
332706
578443
491172
437277
77060
649307
335163
455493
404119
546286
507076
555956
485262
472330
519818
7517
73625
502705
159590
207459
489824
106212
421608
78771
720509
472437
513266
644108
61268
291196
515714
513871
516111
289271
250493
300304
103183
436550
522257
458485
525629
378103
198612
535319
599470
24379
564847
444179
523215
596014
159525
241543
351475
590870
407190
280130
517436
62886
503878
632486
707401
433764
262857
374446
500375
273621
397609
509343
468442
177766
31819
71465
461647
8526
192374
459590
208358
293653
632082
444118
533526
645792
516948
246413
731459
46679
461131
436568
25333
741305
29173
473109
48950
314543
413297
632385
149305
408054
418055
171939
460988
6217
726477
159481
350194
356647
109731
645344
388645
145404
304682
388739
632066
134623
741151
715348
485915
544577
70769
148340
372541
76662
25892
334603
696570
657350
513451
226390
483305
654939
662276
50098
437594
728813
509163
63128
19114
603131
148272
388188
34333
458367
521973
740420
140903
191073
532359
252229
647046
156231
481836
299315
509791
654980
529303
155829
458657
387755
530053
586423
740389
436439
522378
408073
309288
503047
416207
709581
741365
469820
188606
505033
76244
288215
5836
434213
584957
400295
460317
380803
9527
502302
415478
643452
2563
55682
374596
731784
77961
199743
89983
50823
534613
704983
465928
12084
311187
368046
9534
15476
21861
523443
178551
424126
512932
255935
631844
112318
29665
491737
433180
388654
91612
611911
725151
513954
423348
632438
370140
4082
489287
310809
298280
113919
731537
159711
443134
119251
503048
278277
469331
525600
75864
532399
201921
20315
406096
660757
518750
511915
520640
741594
306123
657301
153177
440219
459070
313905
200668
649054
147492
369755
643548
628831
195060
6396
656613
335918
405590
440534
293077
591340
518774
449909
448872
444818
201058
5019
356076
461787
144949
170422
346575
425777
292493
592207
518123
654991
368982
112933
256667
361323
116428
706116
20930
534770
27744
433670
522817
9589
631861
246381
467151
34780
740360
270525
30213
162996
530734
507910
521651
370703
567502
408461
631954
108332
654583
519220
375616
367656
479911
444229
321541
283851
156540
3068
389171
501114
507669
591384
380233
129966
662411
535711
446852
513633
370360
487341
164419
352839
534482
302977
65029
643702
135270
368149
612096
436429
741635
440049
609336
647075
57079
500165
335079
406534
515687
458573
728762
659143
534454
495755
480653
486798
169815
308074
282998
591016
523512
106005
511454
708867
644384
126357
523446
138211
643537
512676
559412
513490
592170
525626
500756
130293
517622
556063
320151
302257
282410
465808
130438
598832
643813
644697
654968
524224
29203
643610
61430
21811
517864
500822
522615
733319
446392
290404
210995
521800
516160
567342
356719
401218
445489
200716
468099
492599
655520
381123
109672
201253
523009
21374
171458
558296
438953
458644
122337
643896
590575
445977
160786
465744
524920
527021
508848
710255
77558
354056
518609
446357
353454
19383
247077
416755
419463
204449
432638
173724
458320
250905
522085
458482
741709
510078
484950
431307
467284
740412
592188
128824
490795
235750
654380
491494
198760
510927
182825
479808
14222
127286
196102
436687
318894
522373
302341
104925
646775
631854
479116
700188
732366
565319
523463
414362
176977
349470
190028
416024
741238
705490
213424
740459
154495
633601
151413
167700
13349
740404
75066
524910
294041
463074
533732
621695
634882
591110
180909
199763
22399
489448
508480
374503
159130
654475
435610
58471
504908
111024
522933
504517
516090
534255
24178
593803
136901
438782
75438
534404
643536
741289
515534
587979
75360
82002
484241
358997
644802
517949
47062
16003
508010
516746
98170
19012
>un
708492
479728
728912
596713
665558
596054
239108
658884
530077
715064
713777
559612
248158
570545
708186
459935
741471
712799
594321
591907
654763
713758
634602
664608
731819
733575
665687
702976
653586
731873
593187
151184
693760
707430
499453
585854
291680
721034
547396
601895
603055
731601
504844
15738
592599
720502
643780
645643
709723
599723
709438
713721
731561
214218
520974
713923
706130
701076
710934
731871
708292
602580
732176
700083
597011
656291
737941
660698
715879
714025
723245
432345
643495
732346
349207
353163
708295
713072
731490
567929
596052
665265
370287
486246
707165
733730
599767
731944
713747
596067
723399
713771
600707
517557
741178
71912
633861
656585
657858
721030
720597
557142
708460
453857
651358
732902
714620
654855
701436
733614
>part
>ku
>uu
665858
601778
601777
566255
665557
665553
634775
665685
336868
634797
665577
634780
564977
741679
664497
697212
588968
663258
664496
665264
590708
634375
>kn
464622
654762
26612
113876
741212
518055
741286
695681
301419
524947
82432
655702
703025
731836
446376
521212
350268
681616
443935
199343
591140
356549
21837
36053
5345
567438
471200
380897
439481
290243
445503
508725
478465
246590
187657
516966
37982
591768
529735
523004
368647
126280
32984
275865
709893
416925
298573
731928
591643
524094
560655
279583
515517
720321
121870
522484
522493
741324
412870
473927
179565
9597
515164
719203
463483
432413
723178
469060
654422
18631
446685
632013
213198
77318
484259
490874
239666
439152
546387
569205
577256
382044
145284
62003
173878
516954
712543
655327
558364
143250
636480
513856
496068
509067
546298
474596
482497
201034
502745
28608
713641
21380
731438
507243
605153
731388
337251
310645
730749
143187
148767
631504
516543
408528
201858
477287
530331
289008
728908
21958
516859
132760
234355
601562
432862
7744
619396
38449
119177
44532
592081
726063
311640
322430
408427
33455
469473
54609
237536
481819
513851
6540
124147
632200
445733
657360
529495
167317
356331
270291
164060
182982
75243
632685
332382
239631
229988
741236
77768
515053
181046
156346
256549
731633
31439
516853
9873
524219
591416
494691
512144
632226
157429
522590
643801
446414
524250
514505
231616
28326
17109
171057
10326
172550
522555
520943
718506
434102
368240
654815
209983
533624
474833
196983
356231
87752
532286
655341
653144
515162
445498
512619
197644
433445
567501
446315
522885
159223
675564
193557
741172
11417
9061
86912
712707
115284
435051
154429
485899
170156
437943
703523
414565
449009
521937
162877
409223
210586
440544
518731
332197
179986
632242
720136
433332
475382
29288
724
201641
203952
659950
145230
549751
443330
471156
462598
436166
533712
413123
202097
166011
530096
1063
529094
445981
229641
625133
589924
39925
489873
437060
592313
709461
443061
731383
496267
444957
460923
248267
302903
632717
500067
303649
157351
371249
372840
435255
436657
569831
21422
446083
12409
655552
466539
593985
446260
58351
372331
352541
741319
714425
522274
272062
436405
212838
349705
654899
519445
43899
655498
422181
148988
129673
509264
446574
15580
509451
533855
731909
720388
20107
647011
471130
658598
136905
591610
498569
518611
673984
379018
469030
8986
591412
740386
55940
122561
471441
532786
280387
146804
491172
578443
332706
437277
77060
649307
335163
455493
404119
546286
555956
507076
485262
472330
7517
519818
159590
502705
73625
207459
489824
106212
421608
78771
472437
720509
644108
513266
291196
61268
513871
515714
516111
289271
300304
250493
103183
458485
522257
436550
525629
378103
198612
535319
24379
599470
596014
523215
444179
564847
351475
241543
159525
590870
407190
280130
517436
503878
62886
433764
707401
632486
374446
262857
500375
397609
273621
31819
177766
468442
509343
461647
71465
8526
459590
192374
208358
293653
632082
516948
645792
533526
444118
246413
731459
46679
461131
436568
25333
741305
29173
473109
48950
314543
413297
632385
149305
408054
418055
171939
460988
6217
726477
159481
350194
356647
109731
645344
388645
145404
304682
388739
632066
134623
741151
715348
485915
544577
70769
148340
372541
76662
334603
696570
657350
25892
513451
483305
226390
654939
662276
50098
509163
728813
437594
19114
63128
148272
603131
388188
458367
34333
140903
740420
521973
532359
191073
647046
252229
481836
156231
299315
529303
654980
509791
155829
387755
458657
530053
740389
586423
436439
522378
408073
309288
503047
709581
416207
469820
741365
188606
505033
288215
76244
434213
5836
584957
460317
400295
502302
9527
380803
415478
643452
55682
2563
374596
731784
77961
534613
50823
89983
199743
465928
704983
12084
311187
368046
9534
15476
523443
21861
512932
424126
178551
255935
631844
491737
29665
112318
433180
91612
388654
611911
725151
513954
423348
489287
4082
370140
632438
310809
298280
113919
443134
159711
731537
503048
119251
278277
469331
525600
201921
532399
75864
660757
406096
20315
518750
511915
520640
153177
657301
306123
741594
313905
459070
440219
200668
649054
369755
147492
643548
628831
195060
6396
656613
335918
405590
440534
518774
591340
293077
449909
448872
444818
201058
356076
5019
461787
144949
170422
292493
425777
346575
592207
368982
654991
518123
112933
361323
256667
116428
20930
706116
534770
522817
433670
27744
631861
9589
246381
467151
740360
34780
270525
30213
530734
162996
521651
507910
370703
408461
567502
631954
654583
108332
479911
367656
375616
519220
444229
283851
321541
3068
156540
501114
389171
591384
507669
380233
662411
129966
535711
446852
513633
370360
164419
487341
352839
302977
534482
643702
65029
135270
368149
436429
612096
741635
440049
647075
609336
335079
500165
57079
406534
458573
515687
728762
534454
659143
495755
480653
486798
169815
308074
591016
282998
523512
106005
511454
708867
523446
126357
644384
138211
643537
512676
559412
513490
592170
500756
525626
517622
130293
556063
302257
320151
282410
130438
465808
598832
643813
654968
644697
524224
29203
517864
21811
61430
643610
500822
522615
446392
733319
290404
210995
567342
516160
521800
356719
200716
445489
401218
492599
468099
109672
381123
655520
201253
171458
21374
523009
558296
438953
458644
643896
122337
160786
445977
590575
465744
508848
527021
524920
710255
77558
354056
353454
446357
518609
19383
416755
247077
419463
173724
432638
204449
250905
458320
522085
458482
741709
510078
467284
431307
484950
740412
592188
128824
235750
490795
654380
491494
198760
182825
510927
127286
14222
479808
196102
436687
302341
522373
318894
104925
646775
631854
479116
732366
700188
565319
523463
176977
414362
416024
190028
349470
705490
741238
213424
154495
740459
151413
633601
167700
13349
75066
740404
294041
524910
463074
533732
180909
591110
634882
621695
489448
22399
199763
374503
508480
159130
654475
435610
58471
504908
111024
522933
516090
504517
24178
534255
593803
136901
438782
75438
534404
643536
741289
515534
587979
82002
75360
484241
358997
644802
517949
47062
16003
508010
516746
98170
19012
>un
708492
479728
728912
596713
665558
596054
239108
658884
530077
715064
713777
559612
248158
570545
708186
459935
741471
712799
594321
591907
654763
713758
634602
664608
731819
733575
665687
702976
653586
731873
593187
151184
693760
707430
499453
585854
291680
721034
547396
601895
603055
731601
504844
15738
592599
720502
643780
645643
709723
599723
709438
713721
731561
214218
520974
713923
706130
701076
710934
731871
708292
602580
732176
700083
597011
656291
737941
660698
715879
714025
723245
432345
643495
732346
349207
353163
708295
713072
731490
596052
567929
665265
370287
486246
707165
733730
599767
731944
713747
596067
723399
713771
600707
517557
741178
71912
633861
657858
656585
721030
720597
557142
708460
453857
651358
732902
714620
654855
701436
733614
