>id 1234|Hs|cgap|||adrenal medulla|||tissue
>part
>ku
>uu
600436
543313
545247
539011
600431
540857
729537
578198
600430
542174
663933
544594
538233
720993
634466
542043
600432
564047
634468
663925
600449
540775
664048
600442
600516
545138
663923
663841
600443
600446
539163
600447
663928
600429
600441
600439
600512
663840
600513
634467
565291
600445
663932
663838
634489
600517
600438
541014
600514
540826
600444
567118
600440
634487
600448
540522
541846
544539
600435
550438
543374
634465
583770
540736
634486
600603
584497
600437
663836
>kn
709356
517113
287518
654713
528335
696032
371096
514636
562587
199343
6217
558519
504765
655088
569742
498740
197043
227782
642874
631587
444933
602319
458747
297343
460872
322462
632708
460459
382202
524116
29288
408581
118681
432416
233458
440535
631993
494875
473254
32995
95162
466625
517622
437388
733324
268939
118640
634120
463456
377783
463035
348618
52788
632032
457696
412586
602898
408846
743352
57652
507584
90443
533613
332173
370362
375975
522895
113157
654588
280951
347524
530698
658723
443656
416707
555992
729805
631842
631752
373941
40888
655502
22907
324335
370885
460807
534040
530338
731393
442339
368157
373947
598850
213144
37916
147025
657028
513247
128866
474069
523822
709539
444391
709458
298079
128738
6385
412406
174273
163990
731633
449909
308613
473256
208081
631865
84190
731707
476270
381329
654503
732712
271044
431850
586264
654415
534404
533898
510812
515554
118964
469543
594444
32374
87306
477089
5302
134514
535619
372286
733046
>un
712922
540541
537253
663839
678608
663927
152812
443715
650658
663835
663930
633120
633191
550723
112808
202201
663926
655512
602360
581613
611242
202314
693984
506711
741669
691122
104033
645327
663931
521304
651533
464404
675607
>part
>ku
>uu
600436
543313
545247
539011
600431
540857
729537
578198
600430
542174
663933
544594
538233
720993
634466
542043
600432
564047
634468
663925
600449
540775
664048
600442
600516
545138
663923
663841
600443
600446
539163
600447
663928
600429
600441
600439
600512
663840
600513
634467
565291
600445
663932
663838
634489
600517
600438
541014
600514
540826
600444
567118
600440
634487
600448
540522
541846
544539
600435
550438
543374
634465
583770
540736
634486
600603
584497
600437
663836
>kn
709356
517113
287518
654713
528335
696032
371096
514636
562587
199343
6217
558519
504765
655088
569742
498740
197043
227782
642874
631587
444933
602319
458747
297343
460872
322462
632708
460459
382202
524116
29288
408581
118681
432416
233458
440535
631993
494875
473254
32995
95162
466625
517622
437388
733324
268939
118640
634120
463456
377783
463035
348618
52788
632032
457696
412586
602898
743352
408846
57652
507584
90443
533613
370362
332173
375975
522895
113157
654588
280951
347524
530698
658723
443656
416707
555992
729805
631842
631752
373941
40888
655502
22907
324335
370885
460807
534040
530338
731393
442339
368157
373947
598850
213144
37916
147025
657028
513247
128866
474069
523822
709539
444391
709458
298079
128738
412406
6385
174273
163990
731633
473256
308613
449909
631865
208081
84190
731707
476270
381329
654503
732712
431850
271044
586264
654415
533898
534404
510812
515554
594444
469543
118964
32374
87306
477089
535619
134514
5302
372286
733046
>un
712922
540541
537253
663839
678608
663927
152812
443715
650658
663835
663930
633120
633191
550723
112808
202201
663926
655512
602360
581613
611242
202314
693984
506711
741669
691122
104033
645327
521304
663931
651533
464404
675607
