>id 1234|Hs|cgap|||prostate|neoplasia||tissue
>part
>ku
>uu
702919
634415
663505
600219
663511
634411
663503
600205
663507
663479
634416
634422
600233
559742
663526
663563
663753
543171
683395
663618
548305
634474
600609
663882
600605
600536
733534
663881
541954
600606
600604
600666
664126
663066
600074
662983
729496
600075
554579
540329
663188
663181
663051
663183
540753
663116
664355
664406
598527
634565
664241
651547
677221
663356
733581
572260
598708
635704
346856
664271
661136
690323
664237
729087
664399
653574
664219
664401
598707
663438
664221
661381
664565
664210
664343
572285
663355
664240
671180
663351
664344
664567
634401
663338
663963
664364
664228
663966
664564
663954
96360
162891
663358
663440
663354
671167
565377
664403
634587
671181
663366
664361
663959
661138
663360
664436
538010
275663
634492
634532
663364
540584
664566
634399
539185
600160
661409
663363
664573
663960
664363
600778
664405
661403
663962
664396
664065
671170
663958
661383
663112
545460
663349
664232
664392
664531
663365
661378
465730
664422
663359
663333
664529
634535
664394
664407
664224
658279
551042
663332
579390
671169
664388
671166
661384
664356
565813
664423
663337
663330
575301
671168
670725
664222
671179
664272
683893
661382
664358
600864
621141
664251
600471
663602
663719
600288
540093
663604
663610
663611
325198
663867
733444
663095
639443
551409
662952
663108
663103
634342
663101
663096
105428
600015
663094
663091
567106
663097
634343
518145
664375
661371
663734
663984
600866
430851
664236
670723
599869
664427
560725
671175
661312
661392
662779
662677
661135
634309
303427
664131
664410
661397
661410
562304
664418
664376
661389
663851
649121
634564
664417
663850
539414
720700
662778
664411
662774
664414
600520
635651
663983
663940
662783
600346
664206
663735
663777
671182
606549
664061
664416
662776
600321
572568
663944
664705
634558
544119
663939
664370
664323
633997
636819
661407
577314
661370
664415
670438
574757
653603
634490
664428
664062
664430
664132
600813
566159
664218
598705
377508
324207
661309
664205
662775
600521
663778
663936
661408
664534
547732
649591
664250
663982
664377
661394
663945
661373
661391
600742
662782
664059
651531
663732
664431
663776
634455
600760
664570
664245
664342
720761
661379
670728
>kn
460232
701398
558387
681616
249718
133337
500104
29106
523715
434937
505874
211463
439481
632703
654989
75056
594307
49774
9234
93670
279784
407694
504877
16622
293563
203717
654827
234642
520182
319334
29899
444959
86543
546287
407856
743286
743252
432413
258855
374950
446685
334846
731854
158497
513153
520122
595458
550906
516954
65135
130098
75812
474935
519035
686171
713956
943
580300
523680
82793
496710
133135
301853
422986
498892
293274
47517
601562
6076
523789
446429
89643
656782
469473
522665
531856
513851
83753
584905
173611
524648
148641
433419
368078
75243
741169
5324
594658
510407
409140
377830
655455
407604
494691
593422
726537
471779
518236
510833
26890
275352
156727
507333
474053
532286
221761
519162
144407
58633
546269
514051
196990
606584
181128
144468
267245
3100
75799
730654
446374
632787
631923
19156
325978
631814
719938
288487
344151
592327
591456
530024
444099
167641
276808
530096
731513
333907
486548
231411
743291
731575
741382
248267
134296
632717
513646
435700
413416
194110
494173
631768
509499
301904
286226
593446
204773
741319
270244
558799
584842
69293
458358
208765
369056
531614
270833
471401
48297
720388
433701
211079
720151
497893
323342
406678
741280
97439
743296
474384
283565
654580
471441
419171
370504
587350
631551
633514
54457
591363
300772
438994
155040
270017
430075
40499
437256
443914
533655
167017
557550
505824
317243
473152
567513
503692
528634
516111
6815
743241
78880
369670
731481
478125
187636
460789
62886
77793
518270
468442
13781
435557
343244
743271
524271
208597
430551
645792
95612
181326
159509
654952
269577
440950
591360
274531
128453
59889
498115
211929
518562
109731
62578
502917
514196
415414
372378
2533
592490
284292
516087
23119
369624
471452
118681
23650
567431
368160
731661
1908
489040
469313
278695
63290
250758
78089
586423
89545
571246
80358
151218
652114
591671
516933
516826
434053
515846
416207
335355
162458
607212
105465
326
620596
534141
77961
439894
22546
639609
199561
128548
149168
520341
677623
743229
380953
647774
517066
436803
49582
298280
4029
255230
355753
79625
82719
591457
482390
644306
91579
705617
149500
75516
72290
43744
414579
129206
532609
7910
133044
482043
439620
490789
655373
652255
472475
740434
4276
398989
502176
504609
381134
701472
420272
445588
534375
474751
306307
521056
491861
6126
415342
308992
499709
351461
3192
516505
497391
440049
463785
387057
728762
162241
647334
479396
5258
284630
292882
534261
372924
499941
519168
743218
654604
592170
144513
472564
660010
443417
504115
525105
75361
493750
195080
522384
733412
644524
612782
700344
647069
546291
514489
516160
284279
445711
13495
741412
708393
592124
519702
250905
430425
508644
410037
731718
743237
407368
514535
283869
529023
100874
712915
471675
521640
743317
304362
368996
530291
532768
373857
272927
600681
465985
350899
518827
733045
23349
177841
370510
415172
420244
516032
528803
294145
387804
458283
555866
591868
478275
406014
484741
598475
655108
518055
96513
21899
743287
144011
145386
574492
654463
71040
431048
424484
355570
743277
434253
446664
654803
632773
528780
655684
729062
75189
101307
78619
128576
445387
151777
643544
198269
522493
743298
279837
591002
740414
109520
23363
333579
417004
3439
516114
443572
516986
732509
524630
485365
444558
12420
577256
487046
513856
653202
636480
656137
368610
289015
482497
596136
513457
515155
515111
465924
408542
460238
498292
39429
370895
504320
612155
387255
518417
252839
654591
467960
443673
482144
159028
496587
81328
737206
493739
512564
77254
254042
520636
509765
476448
174050
483036
148078
692209
495960
522823
333120
524518
480356
204564
467862
29444
496544
446149
652183
467866
632226
522590
568209
511605
449098
288178
189409
302738
434102
5308
595983
1342
152414
467701
732047
437460
153458
293753
546239
150718
121540
464779
112444
743302
706016
155983
449585
1239
414565
513803
12865
334832
743234
466919
500674
409223
632314
440544
534560
518731
435661
84084
65238
515872
372265
143736
534032
183390
656515
428027
519873
77498
201641
81874
730768
192649
128791
229641
446079
211594
91448
526711
494419
516807
726187
497599
511801
164303
440382
594434
524430
525607
438720
316890
372914
466539
213470
515500
446260
436405
333132
377705
183800
181444
259594
110695
647421
506759
15580
175955
368404
514802
522310
414473
110849
517419
203910
514220
530791
731528
381050
27475
439480
740386
514681
596096
529631
75841
578443
104636
18946
200600
525134
649307
444569
724025
97616
546286
507076
661665
368376
421608
533771
654907
166120
654848
250632
109778
15738
596014
523215
484188
632199
534168
517436
178695
1707
448342
571841
1437
730789
66708
685640
192374
687688
445351
644610
433343
516948
246413
720076
298705
485130
656660
170622
481571
503368
523468
129798
70312
463506
515469
5120
502948
335933
92732
517888
469630
75859
651245
508716
534360
23111
106674
60339
475392
295917
446354
496646
223141
654988
108957
8375
522114
513225
191186
502836
631730
524308
275243
743362
485246
532793
20131
523456
164595
444467
593833
743478
530899
29665
170473
653349
657991
515642
489287
159711
389107
82919
741600
731863
525600
466766
284295
728837
524280
514819
154296
102914
435941
510989
474069
461253
368525
655909
433845
355927
594563
10842
411138
598297
527778
3530
75307
77500
425777
694157
13351
256667
76152
440932
522817
101915
604001
593645
530227
740431
234896
98265
481202
370379
594236
510328
148989
408702
321541
503284
74564
133512
54680
374378
370781
102336
47166
541177
534454
465645
34114
435136
524763
31130
476082
512676
530101
599039
339639
528222
483454
530538
282410
655515
741328
106730
654968
500483
718943
76753
425125
135471
491682
488189
513075
437249
433159
31532
477375
492599
146339
584801
529782
465744
532411
5009
743246
733180
419463
479223
369607
123072
288232
528320
650174
112968
533977
496487
655189
418045
106529
513683
306242
438678
183817
82128
379821
413074
100299
29383
523822
592171
463074
533732
180062
367854
464071
654964
280342
55016
492208
150557
389700
204947
713690
372050
534404
120165
655285
75360
476319
124696
508266
47062
194669
159118
335614
256206
726290
695681
279913
404321
518662
446017
731826
585118
632317
46850
714477
194408
30174
631618
647063
288382
470412
5148
484500
19196
644794
15114
603111
484813
516105
521924
560655
69771
27222
401388
593134
591569
524390
163113
702168
75254
190334
389452
524828
441072
591003
464137
643467
6551
743354
546298
237825
380627
743403
475506
25338
172928
203559
460109
12956
475812
632179
659517
558396
647078
8904
729498
741244
571886
437403
13318
512675
443240
23582
2795
281902
233240
110637
160562
349092
524183
282795
474005
631989
278064
504998
501252
470907
269898
300816
476033
567284
131452
467210
175343
524219
122523
584864
356502
663950
199877
102406
513053
533444
472558
431850
523454
3346
349656
17109
405913
593351
533308
520943
712713
75182
91521
512235
439463
524760
145605
730597
478481
513617
709469
497581
485899
73722
534309
743259
370480
119598
459049
352656
406620
593995
471156
439726
16936
370927
15299
643430
436350
351665
517941
97887
263812
741157
268939
350927
708998
740445
646645
741199
591947
387567
62771
569831
162585
19977
36587
274539
299002
491322
706674
524431
280951
591451
509451
434232
272168
654568
136905
372208
647036
436977
32417
654863
212102
83634
50727
86337
230601
437277
433863
660640
463059
106212
256526
78771
114191
356744
515714
503709
594647
651219
731555
522257
29595
439040
632865
534196
522057
440553
505326
632486
220950
103147
397609
440494
370024
432491
1869
408909
133397
390599
421136
356799
517821
89781
728902
591133
708172
511143
495912
651221
471014
250723
252713
413812
544577
509017
118076
131740
594338
368084
654649
696283
509163
445890
728813
156509
502823
565094
198161
731317
356247
445899
504895
723254
529303
304249
463105
104215
99962
732725
163754
371723
656673
333179
501522
532803
517969
118354
75093
505104
374596
648394
40966
631841
529592
443831
162852
718438
9534
162200
523443
654602
178551
255935
58663
443750
663312
416089
514581
286192
162963
545950
303787
268849
655502
272822
89603
655131
631163
419640
374485
435850
381105
527193
623974
703306
656074
376722
539684
495417
429839
449909
482526
656790
535297
743420
231942
497492
426296
389037
719958
134602
376209
60300
655156
655643
188464
444450
591384
463045
631789
149185
594952
288274
268530
707916
591499
591945
741526
490512
591486
74368
730710
352768
65436
194718
30054
506381
499960
516994
157160
412370
61635
99141
126357
234282
181163
523145
496512
262886
743464
271695
163645
29341
592286
258551
486360
19673
460179
286073
356719
474536
515154
529509
231320
438953
500775
437638
78948
531106
157113
528300
309403
438918
533782
71787
444472
522699
502829
653654
567572
431307
98594
56045
7236
368794
301404
654570
433529
732105
375957
743361
369728
134885
380271
410596
659291
592142
437366
105153
408241
371001
381214
432699
369615
524910
634882
22399
304192
643590
449662
397978
743329
603252
516157
466435
504517
183684
719951
433750
107812
534333
512914
212088
175534
264887
438454
370950
388613
573018
587979
631549
435535
644504
591329
590958
514151
662284
726012
431668
257970
454640
496843
727355
368214
406423
235390
334587
26232
79347
185807
6638
525163
433427
463421
213724
632918
522568
533719
6451
603676
529517
523004
275865
334707
8361
443379
431550
134406
374588
183435
522484
279652
485434
355126
473927
95600
515329
401903
81131
301613
442634
69855
558536
406683
654422
463375
715194
79101
521969
433442
405880
356398
433615
202522
588655
497520
190086
117929
496684
467733
172791
535762
502745
195464
465849
602086
460
200100
632721
467634
184492
588815
720393
7744
370312
706889
8036
643552
492314
592116
287749
178357
458986
356366
356331
146688
610084
696735
132599
164060
486542
655215
527861
26023
417029
546288
182885
389638
285847
12332
182255
741420
522632
446414
663619
567424
445893
517216
720173
209983
475872
66731
721234
632447
729520
656313
369285
518249
55879
119591
221847
489051
527688
406475
315137
418233
410817
535192
531371
497350
591518
253319
406013
523560
534314
7644
632807
720136
522561
171626
520414
475382
27693
433146
462598
565725
8859
492555
591680
418175
467807
494337
567598
386225
125898
437779
127403
474018
155742
723297
485060
637001
130036
406520
500067
458513
337766
75348
401929
212395
591589
438227
530862
586059
438838
381061
732666
133916
660192
78466
920
164226
503594
477346
493791
648565
380887
263912
726316
379018
183702
512867
491912
156178
422990
12970
473583
145956
48353
509083
26006
55999
289123
513266
647064
405942
355141
604551
535319
167496
351475
643683
368433
712598
459379
654566
520189
353090
458414
500409
78060
546407
14611
496191
535804
75139
743253
554762
731969
6418
656498
533526
655006
95972
533479
436568
277677
743386
470646
515598
414396
597755
435933
323489
659013
593920
82045
120855
189075
568247
386684
84549
729265
96996
374257
50098
437594
172602
656205
521973
282417
535298
274873
120963
525392
522819
435052
102696
109052
20274
179309
475125
436439
292457
408073
708190
435012
24054
709581
368296
504301
524502
256301
352671
16258
444986
181112
523550
163451
632296
387208
301478
192103
554829
648612
483494
372633
514193
655277
656723
167046
446890
525232
283374
657131
591306
459538
82890
368359
119251
502659
433060
518460
44385
180946
720376
721414
433759
369755
533551
274402
193118
533282
471207
173088
408142
632729
558009
731847
518774
117136
709288
520627
514477
282700
647079
515890
446251
183428
602528
433670
567236
520042
136247
529862
516023
76686
160211
5268
412468
593928
181244
187694
283851
517232
474643
593382
180141
406277
519574
529798
731510
720220
12341
14317
715556
654720
506357
374127
598540
514132
515475
82327
276770
410455
563491
591967
433391
495039
87194
26837
732031
191346
523512
644384
20013
269512
516176
499925
131436
418093
189772
471381
493668
96459
15250
705480
643813
517262
515879
370770
740620
614787
445052
498548
224137
14555
95140
567342
600825
521800
654636
655179
308171
558296
147762
546289
300076
631725
432914
79088
603657
131151
523718
314359
253903
371794
279806
293560
484950
518773
502876
77978
108104
731923
655338
207106
513083
522373
707712
104925
595071
211571
336681
435512
12107
515560
718492
56
200022
284284
561314
337295
410126
523252
54277
654475
520313
514211
731707
511504
171280
83636
713535
409230
534255
149991
741156
741289
480311
218366
655143
524590
75231
516671
732341
201978
512599
524947
485158
11042
67776
9997
518475
445403
79387
5345
117938
632252
567438
405156
24258
508725
154654
518060
158304
727580
95577
90875
657844
722260
170131
591347
655387
16349
737597
427232
145575
731866
300141
298654
743377
227253
270043
191734
85769
150580
514063
63788
487200
96
655327
495710
155218
496068
655046
372123
408018
211511
474116
514821
644628
654668
28540
432862
280378
182385
495834
205558
290758
372616
512815
472838
333427
111867
535011
458426
124147
202354
621200
467306
436383
369089
270291
288284
594634
239500
489142
513695
631869
77768
103159
631656
1197
159472
21938
201446
15591
646318
515070
503093
468410
434081
215766
454534
100915
221737
470038
487027
231616
318547
508423
740515
460336
105887
604915
533624
731476
197644
8102
236774
66915
79081
75256
76394
552810
181300
521926
59719
330463
307734
178715
743265
470996
116467
652390
421202
500842
503022
410388
404741
466714
183850
436166
73527
144130
1063
612151
474705
162757
39925
128959
496267
436446
85539
442344
719176
525093
194754
657632
371249
603629
36688
462913
55847
512607
513626
661972
57652
9661
212838
720898
484047
448497
384598
516522
660718
35052
446336
82609
660760
414418
708268
557097
483873
412196
142736
116459
498569
33962
115838
652364
46894
102798
122926
18894
492212
279929
443301
591809
209113
169615
157378
743242
516837
355643
488143
709321
515542
7517
77897
720177
533192
568006
655519
741298
119316
61469
11776
99936
564847
477128
628886
280130
284141
135646
517553
520149
729080
415842
632554
309763
524368
208358
435001
31720
78016
518346
17546
433381
433068
506276
35198
643780
632385
149305
437647
448229
719189
327527
514806
558428
173524
134623
591742
283749
78989
627414
471873
339278
25892
439180
511138
513058
740394
483305
123119
491351
644125
9347
477028
631639
2006
603131
533710
406515
4973
438219
442657
185172
119273
437008
202
657926
232532
553497
356190
654821
376064
369761
284286
505676
513463
192619
740488
48849
475963
252967
123070
592944
433291
106876
213264
28020
723344
528305
152173
412482
367856
470477
743553
719925
153177
313905
584909
285051
153357
593292
643548
523360
42644
195060
590143
440401
436975
458365
343873
118243
479747
438550
740597
409561
272813
410965
270655
180877
517670
518123
12253
534770
20848
459072
461113
147765
487635
483444
246381
570821
156171
708182
517148
632258
740577
292472
421245
356742
157659
651512
657722
470588
631593
597434
276878
472852
356440
715494
368149
660143
406050
612096
75061
696631
501293
308074
577775
4900
387679
25313
528087
282376
808
221127
289092
423103
513490
246046
466625
498727
410231
349570
81964
7012
656361
432818
647371
517864
148559
82961
485527
348979
443031
376071
250666
499839
434248
520967
48428
655785
227656
324844
29802
247077
656298
821
169358
108080
173724
283402
743224
467284
301048
309231
323396
731649
108408
334370
632282
198760
631988
30345
2178
632456
696428
143873
604789
515474
444673
434900
112377
9587
708017
730672
594250
480848
534667
133321
482038
546283
509966
373560
499725
79110
707137
653288
491148
286221
330384
7736
347014
591582
716652
660812
531713
570362
519909
591474
704031
504620
481569
433732
644906
311346
531176
656244
468140
517601
5662
716456
567337
653258
437058
481927
250899
368934
156367
73800
323562
356467
591768
473632
5719
111577
485205
653859
469918
232543
515517
435342
287521
13034
655105
503043
272011
585374
730799
591047
446459
508154
371987
7367
49143
226007
76480
632368
705699
421257
443976
577281
356224
322473
173878
445203
439200
61441
523185
740376
105818
144873
447011
146668
465323
12286
741589
177576
740399
27267
221497
481542
446270
389996
288936
506652
709609
632706
483136
471818
510324
532790
567235
706662
711461
409602
17118
654473
480701
515053
78582
238303
120
591666
190622
356545
643120
660887
183706
521487
462323
497636
464472
43670
207776
576320
654815
221889
381126
87752
593171
442707
190983
137510
515162
519659
454528
436426
666524
567501
374650
57813
591061
427284
502842
644105
703523
385956
191215
743221
302051
335551
517155
353181
500724
433203
520102
549751
511768
467192
464572
166011
715543
531789
436939
439381
26530
494614
10846
596543
459265
476018
187058
125113
31387
643566
436657
632223
743272
591720
500419
515472
730686
17686
466154
268573
334713
199625
108530
144835
3041
129673
512636
530479
59425
514116
172865
490287
435938
146393
483239
487510
530381
34024
39311
531064
532786
146804
88556
77060
720066
727986
647450
485262
597216
22960
657969
502705
546271
529677
729144
592161
713636
43322
530000
350265
133892
514870
558601
277624
435381
520070
75318
31819
643424
632469
507769
729372
331420
433722
726435
486589
309467
500007
643658
733403
371642
373642
531788
390736
130593
731890
388645
437275
309090
631587
79322
518244
529059
584908
106185
90061
158932
450230
502244
487296
493804
702907
532359
524517
520757
420796
713051
111779
586219
500635
251531
592108
173030
513915
288215
484288
743379
265829
55682
462379
655234
704983
205326
590945
424126
743452
502756
207763
388654
286261
529451
596607
438231
372688
423348
731127
635350
1027
94229
30385
177530
302669
348112
148656
35199
265174
446588
187624
424908
524464
497159
611541
525401
318526
466804
594708
522863
171995
434412
458487
743239
655654
714749
436743
515550
591952
522433
271876
652690
522675
530734
521092
270869
657405
465413
646264
516484
657067
520037
446852
422336
437497
203961
631590
112058
513261
400876
520898
479693
17719
316750
480653
581170
716464
429608
654418
6093
59332
631863
233952
647023
348500
743307
84753
386693
509736
362728
356096
699822
743262
268177
255973
513797
61430
643610
380118
488293
25130
728759
9383
498543
703237
7486
562568
446438
659209
130774
248785
134084
35125
153022
83722
519557
7036
509622
368920
502328
656271
416630
591463
166486
183861
315177
104019
529438
23960
510927
464336
74405
501023
502458
368866
518198
411480
559040
511425
632531
493309
158688
644352
406300
209945
294005
492407
163909
78065
632379
42806
438782
500874
658489
435291
437338
118666
655217
74655
743321
348531
190968
99819
529163
463759
741177
602085
708076
298716
518530
529053
523262
534346
567596
350268
159556
654552
593159
508284
381219
591358
510635
368912
534847
516966
205163
170839
462492
495349
523084
296776
31704
633509
48513
66170
351296
468688
3887
704511
533287
507948
355162
705517
590886
68714
533903
632481
279594
75813
647752
591069
632013
733070
278959
531111
87159
490203
510543
655284
77422
430849
386390
232165
1048
200250
655921
357637
443625
2785
41296
271341
465295
534453
279669
189716
471119
6764
461117
592088
489284
553851
445803
282678
388004
743235
130917
523438
22907
517338
373763
618145
531668
578973
558537
321231
1832
370937
592456
584851
643910
405610
162032
503546
518727
14791
488282
709561
514297
732570
409934
574240
80296
524599
16695
5912
260855
181046
271643
369431
31439
122363
302740
14623
642042
655623
731413
278815
641481
491577
555974
740377
462732
186810
732228
489355
732259
165195
399984
15961
590970
483259
21639
449291
277101
546285
25601
88297
591502
743319
147950
590937
657494
9061
173464
645317
156527
593613
389649
444749
347270
118725
438429
262823
179986
445775
555731
443330
517937
416998
44276
445981
446427
408434
364544
356061
701982
114412
406461
732773
2780
440525
435255
514465
343334
471851
743248
15827
743223
654899
301094
533273
204121
105269
138860
517817
567356
525330
696211
356630
460645
532749
111286
55940
185055
534619
98475
534773
444776
643864
656996
446309
181368
44070
514373
277721
15200
709320
15977
163484
627078
449609
599470
377484
24379
369068
372003
590876
465929
500375
231883
279245
522147
293653
288164
327736
520205
433269
163776
524953
724482
514303
567968
631579
470369
26704
233119
466828
575631
388739
655772
12923
632144
721001
178011
524731
90107
709550
513779
710488
445019
9857
596449
727344
499209
591095
466929
277704
645517
554791
282975
59214
117825
351875
469244
437191
522472
517768
352224
655057
516077
482910
25786
413801
76244
516155
512670
400295
502302
99145
581171
255462
195727
333526
268742
654824
349283
199743
631827
469171
557709
24301
112318
491737
515371
334612
5462
532853
64004
109051
275775
519337
448889
740407
558422
520973
603732
506748
75864
20315
406096
189585
151134
504317
193406
487360
730889
137562
534384
170986
111256
462729
397729
162233
714302
80986
502915
620644
356873
478407
521008
9589
591166
878
644708
506852
72901
507910
356050
570455
28491
658099
406510
530749
363492
321689
86320
644000
371889
440955
13982
526754
546261
172772
592178
654350
642660
647075
609336
335079
662248
78788
496451
355606
438289
644633
657032
534301
522087
534477
408236
369920
534521
158427
124953
270428
610830
702646
523753
54780
516777
743324
597035
437006
525238
406234
130293
37617
484738
515271
654816
728878
152292
551962
654616
437322
643580
432674
213666
436093
159161
381123
226117
467740
534373
531561
591455
160786
533030
508848
200804
533770
460857
460355
400740
519884
525205
445570
496279
700353
462998
83383
647067
593430
410977
83190
208680
372082
30570
515951
534293
129261
473296
168073
525088
429819
565319
523463
485557
190028
466693
508514
72026
631582
377992
396644
476365
116244
505652
75527
514174
621695
36794
188553
365706
284491
616962
284207
118110
594170
475538
533514
24178
488827
441038
505735
629638
112569
570355
592184
21765
661088
472497
567619
283652
517949
430299
519632
741226
632772
360940
632151
643357
696231
467759
521212
500466
104613
214142
258576
444403
183153
562227
430439
26904
191213
731668
16059
6483
584985
660109
645535
22616
15535
180414
643051
62661
514599
594084
433795
447654
592262
596704
197116
124047
536663
89649
515164
719203
743512
373741
77318
713595
365365
246310
518525
597091
644919
432121
524690
274313
524899
487774
404568
190495
201034
83147
433222
9925
310645
148767
205144
471768
442798
372680
437178
517145
132760
443460
194329
500921
293660
654447
119177
311640
533040
712144
709297
451997
529495
155827
464210
147381
23581
553723
146180
436161
530009
466662
731633
591078
518464
446091
529178
62275
514284
481186
743232
647056
523732
172550
522555
271614
112242
448588
517033
78888
183109
743311
486285
87889
520287
389461
643605
505059
157078
445498
27239
301696
112553
9315
504687
369614
184233
596105
17466
76704
122927
476358
519523
135763
207538
713588
260750
259412
501345
88778
520348
516664
518201
634506
507087
591664
335139
7158
546292
533013
644095
23248
440968
631602
465041
114286
4055
482730
532401
129195
24598
463456
534679
463035
591122
642624
654471
114309
515243
458401
460141
437846
332173
74563
414809
78224
655301
146312
741531
446574
555910
82916
631971
35096
439309
533738
20107
467338
168799
373612
467408
118738
464333
662152
700779
246112
741153
356572
498397
335163
180903
455493
26670
27021
522413
207459
463041
155729
146602
9235
150122
631858
518805
29698
160958
180871
289271
169982
27059
511991
95835
458485
378103
741457
655334
423163
617449
632326
124366
654400
706168
13662
578109
591375
523811
494186
273621
594444
654371
380403
432485
313544
642701
483423
643433
594042
471933
213061
529420
374477
408054
743533
741179
658436
534330
304682
523739
198072
741167
151220
10082
169378
436505
143766
655348
598862
524214
107101
82116
91531
531550
154163
591178
132225
643130
542050
535464
418520
419126
528834
743274
434966
501353
458355
463569
476415
492445
188456
532855
407860
508021
183232
731613
59368
241576
513867
204238
611911
304613
702056
529317
152536
4082
634508
69554
443134
368157
253603
469331
434286
360174
520640
527090
129055
75694
335918
631539
234786
233950
596461
405590
439662
729370
290154
356076
461787
75160
463964
38972
301350
10499
463797
131188
743323
494457
465593
489615
743431
655259
438587
119192
248153
502770
647370
656565
642877
420757
380933
366053
24601
377090
310231
513633
468878
369017
596514
460960
632093
370854
652371
386470
37616
423968
75835
500165
148677
115242
173859
459927
584862
713245
282113
21816
3873
83734
282998
741282
647068
171695
465885
471695
65758
138211
445078
501012
186756
652235
924
501629
499952
592317
594238
9029
20529
420529
522449
284208
264482
290404
31845
485081
709416
122337
412103
435120
485606
522356
404466
709218
12677
238432
79402
439645
186350
632015
434255
128199
500771
592188
458917
654380
418581
715616
110702
182825
479808
502223
436687
75914
161985
519601
654351
444947
370247
287471
50382
561064
515536
710442
495230
591110
180909
512465
177926
497684
511817
32148
743257
378813
131255
584884
584830
210532
25674
506997
523836
293811
500750
513315
306083
709466
659311
152978
510409
346736
376046
>un
525527
479728
325015
661449
662950
700105
713835
257368
647315
727882
7854
569458
729545
663941
150064
663182
519738
447714
600204
679283
664568
663878
657811
663092
619009
596764
663357
659310
662660
333388
725336
547465
647444
567846
610373
665958
603286
715779
546323
741977
663620
290820
731601
697521
600488
713582
287168
712829
512354
741390
490273
743327
661376
664408
730816
600157
733541
587502
718605
568386
657641
126938
663731
662871
523470
702947
659816
633993
592572
333118
595524
663113
708893
700044
335057
664125
433201
666154
346566
663863
546324
708337
5724
743247
730984
710463
553493
561110
707354
741235
13291
448833
644782
210739
661402
595493
568277
656129
714525
663938
593517
694796
634562
741685
663674
721175
663087
662780
733105
661314
595502
732021
649066
713833
719384
78592
708256
731514
593027
733001
658890
659746
715052
662535
597496
508769
727846
733428
702906
714239
509585
708332
645803
732777
716502
571119
733071
661316
536395
663879
708120
656872
446345
710481
664374
663953
662787
567352
633942
716096
667972
706702
732548
714198
724874
663784
714046
658167
632688
663081
664360
655468
79881
706312
7753
663115
654770
663617
720940
602348
741843
645344
664195
733356
664527
561796
136443
190284
731466
599875
633251
600450
732714
664433
600867
663107
663073
690444
725582
733583
663480
657935
664227
173233
600025
664042
658123
727631
631797
658202
644847
600761
659666
731443
600961
740842
659898
652977
662183
658476
663508
644693
713008
593216
661375
743463
733215
167087
356721
663102
193132
706143
661111
432566
733010
600814
661395
720231
743219
711070
654977
659093
605083
707194
573202
645902
663088
655686
548018
290831
634000
732516
61184
661540
733401
648636
634447
730861
152460
663099
743220
633059
708158
713120
593376
713718
603274
710405
708811
706044
731430
687808
661842
655950
661567
430824
723409
595868
661803
93832
708558
436009
105944
701441
663857
728926
663880
651782
664424
604300
712937
596580
633271
662166
734082
293978
664419
712725
600087
743288
663562
731501
645643
664325
663180
614195
593087
733014
707244
663391
664412
634016
726614
480321
663439
657736
657782
663178
593927
707338
657607
720350
731606
595802
483829
662933
663362
596272
664434
670718
663601
708066
591807
644777
713889
664078
592114
662953
733491
634675
604400
663077
662133
726339
593176
430300
597364
663768
573436
661520
594448
701177
664066
736416
708769
651519
585792
636388
706223
598939
662785
713681
663176
632539
632988
193784
710176
663603
720113
519520
663093
661385
708459
678310
654950
663967
514216
708774
632796
731679
715687
702885
454011
539717
597387
23033
658076
333643
708355
600667
162010
710446
721523
663934
662399
712841
699535
728972
473761
705892
655575
448226
705738
130011
664225
560539
387576
707339
291209
598011
724692
663692
735793
732891
661377
658276
567702
100261
732707
733521
662777
148105
661894
663352
659136
661405
714993
546568
530359
713135
707188
664387
594419
433010
634522
664217
731814
644901
655530
741257
534603
551944
731502
506989
401218
709788
733064
663615
663956
662771
599962
595233
714206
31181
716638
569761
272234
664400
714301
647264
707184
661311
600484
697073
701604
664413
592508
657784
506435
659732
713479
644980
714318
664402
663952
698341
88605
388742
651574
664209
712846
7917
708569
660369
743436
632983
731722
592392
487161
737319
700958
740945
655579
733771
694782
661310
638121
600030
569800
448879
662545
484769
660941
662784
732668
449037
292580
663213
656820
657369
660047
661398
443627
661399
714935
705547
703553
221334
715719
664231
571163
715735
659483
733764
700831
645304
708396
600322
732608
741205
662951
432331
741426
708727
591538
733508
656788
654971
720644
716727
602987
632537
655424
721374
659884
137945
436298
703444
732529
712922
663353
705664
663957
666310
661137
528668
733479
702200
710716
558835
742151
714487
593270
731644
447953
704508
633082
662047
553031
632573
653522
740541
634491
714620
493517
715148
666842
659405
732023
553217
743275
645178
512525
480743
592455
592636
437367
279529
593861
600854
655274
656661
707043
514118
706076
660622
737180
295923
667843
694115
633766
180171
379858
732277
730749
743458
660583
655444
606538
661393
191602
707223
633885
743529
162874
430013
590939
600608
514368
709493
708368
594599
664532
714141
598270
743535
655513
660032
713634
55220
655617
568273
599033
553053
714596
559896
708202
369785
680812
14822
660236
592851
661406
714023
664391
598688
718320
705884
532959
664322
301858
741314
596814
592555
293184
670361
642990
708270
182626
656462
660287
148340
654621
662781
699389
602554
723295
727823
702126
695422
128692
715132
663350
133352
723065
702902
430557
663331
713643
634388
707012
663146
712899
711918
719719
707022
693667
709767
551995
648567
711290
714873
442160
708712
557644
596171
592759
664378
509398
536633
720975
655070
715039
664064
662069
713656
664373
517438
700975
594832
464595
709154
713837
380956
645450
659367
593011
661673
572189
662954
663177
663605
663089
567539
661400
664390
657019
713664
729364
662786
681887
552800
699316
712686
695621
664233
701361
675655
124848
657898
574710
656216
732433
595320
705580
633338
657070
662227
449415
663361
634568
660795
732414
461807
732050
374460
512372
711117
664321
650092
546903
710438
594519
174021
713706
705873
657334
708338
658362
732267
712597
716095
349150
663368
715270
567699
714988
694927
737060
663722
222731
644773
664238
721310
634439
731478
224012
705797
631994
707733
714517
633088
658710
130853
664372
733601
657637
655787
741652
595264
701787
706897
663514
580074
494568
708887
663098
679424
700774
598016
134656
663504
655954
713621
337307
657828
731653
661595
705890
600862
602701
664220
661914
663487
517207
595847
715088
628573
446700
663935
741178
715916
446522
664398
732227
709037
663477
633225
586298
707702
657236
718733
660398
694978
658976
594262
599620
741752
706246
491779
584939
705680
651549
663951
656343
693847
663137
430095
707284
643648
655920
714048
512542
714423
592414
661380
659931
536913
707090
657308
720958
653312
731423
658906
585672
663853
661401
707170
663422
449095
429581
707250
664362
595887
540345
107474
430742
733619
658892
433047
656390
664435
661390
310781
657016
713601
632626
735714
675578
600631
734579
467411
496271
707161
592599
663335
663179
702164
632891
733599
732655
644939
567490
662181
658503
743610
663890
663114
573586
664359
656459
731573
662829
535593
707112
432535
120633
535901
659241
444049
645579
664357
663564
697218
662984
567817
696702
703449
663111
662955
715338
633529
386793
728162
626608
703758
661374
664320
632900
648425
555895
663404
705705
486304
658678
666537
719698
704544
597488
433026
465411
593873
>part
>ku
>uu
702919
634415
663505
600219
663511
634411
663503
600205
663507
663479
634416
634422
600233
559742
663526
663563
663753
543171
683395
663618
548305
634474
600609
663882
600605
600536
733534
663881
541954
600606
600604
600666
664126
663066
600074
662983
729496
600075
554579
540329
663188
663181
663051
663183
540753
663116
664355
664406
598527
634565
664241
651547
677221
663356
733581
572260
598708
635704
346856
664271
661136
690323
664237
729087
664399
653574
664219
664401
598707
663438
664221
661381
664565
664210
664343
572285
663355
664240
671180
663351
664344
664567
634401
663338
663963
664364
664228
663966
664564
663954
96360
162891
663358
663440
663354
671167
565377
664403
634587
671181
663366
664361
663959
661138
663360
664436
538010
275663
634492
634532
663364
540584
664566
634399
539185
600160
661409
663363
664573
663960
664363
600778
664405
661403
663962
664396
664065
671170
663958
661383
663112
545460
663349
664232
664392
664531
663365
661378
465730
664422
663359
663333
664529
634535
664394
664407
664224
658279
551042
663332
579390
671169
664388
671166
661384
664356
565813
664423
663337
663330
575301
671168
670725
664222
671179
664272
683893
661382
664358
600864
621141
664251
600471
663602
663719
600288
540093
663604
663610
663611
325198
663867
733444
663095
639443
551409
662952
663108
663103
634342
663101
663096
105428
600015
663094
663091
567106
663097
634343
518145
664375
661371
663734
663984
600866
430851
664236
670723
599869
664427
560725
671175
661312
661392
662779
662677
661135
634309
303427
664131
664410
661397
661410
562304
664418
664376
661389
663851
649121
634564
664417
663850
539414
720700
662778
664411
662774
664414
600520
635651
663983
663940
662783
600346
664206
663735
663777
671182
606549
664061
664416
662776
600321
572568
663944
664705
634558
544119
663939
664370
664323
633997
636819
661407
577314
661370
664415
670438
574757
653603
634490
664428
664062
664430
664132
600813
566159
664218
598705
377508
324207
661309
664205
662775
600521
663778
663936
661408
664534
547732
649591
664250
663982
664377
661394
663945
661373
661391
600742
662782
664059
651531
663732
664431
663776
634455
600760
664570
664245
664342
720761
661379
670728
>kn
460232
701398
558387
681616
249718
133337
500104
29106
523715
434937
505874
211463
439481
632703
654989
75056
594307
49774
9234
93670
279784
407694
504877
16622
293563
203717
654827
234642
520182
319334
29899
444959
86543
546287
407856
743286
743252
432413
258855
374950
446685
334846
731854
158497
513153
520122
595458
550906
516954
65135
130098
75812
474935
519035
686171
713956
943
580300
523680
82793
496710
133135
301853
422986
498892
293274
47517
601562
6076
523789
446429
89643
656782
469473
522665
531856
513851
83753
584905
173611
524648
148641
433419
368078
75243
741169
5324
594658
510407
409140
377830
655455
407604
494691
593422
726537
471779
518236
510833
26890
275352
156727
507333
474053
532286
221761
519162
144407
58633
546269
514051
196990
606584
181128
144468
267245
3100
75799
730654
446374
632787
631923
19156
325978
631814
719938
288487
344151
592327
591456
530024
444099
167641
276808
530096
731513
333907
486548
231411
743291
731575
741382
248267
134296
632717
513646
435700
413416
194110
494173
631768
509499
301904
286226
593446
204773
741319
270244
558799
584842
69293
458358
208765
369056
531614
270833
471401
48297
720388
433701
211079
720151
497893
323342
406678
741280
97439
743296
474384
283565
654580
471441
419171
370504
587350
631551
633514
54457
591363
300772
438994
155040
270017
430075
40499
437256
443914
533655
167017
557550
505824
317243
473152
567513
503692
528634
516111
6815
743241
78880
369670
731481
478125
187636
62886
460789
77793
518270
468442
343244
435557
13781
743271
524271
208597
645792
430551
95612
181326
159509
654952
269577
440950
591360
274531
128453
59889
498115
211929
518562
109731
62578
502917
514196
415414
372378
2533
592490
284292
516087
23119
369624
471452
118681
23650
567431
368160
731661
1908
489040
469313
278695
63290
250758
78089
586423
89545
571246
80358
151218
652114
591671
516933
516826
434053
515846
416207
335355
162458
607212
105465
326
620596
534141
77961
439894
22546
639609
199561
128548
149168
520341
677623
743229
380953
647774
517066
436803
49582
298280
4029
255230
355753
79625
82719
591457
482390
644306
91579
705617
149500
75516
72290
43744
414579
129206
532609
7910
133044
482043
439620
490789
655373
652255
472475
740434
4276
398989
502176
504609
381134
701472
420272
445588
534375
474751
306307
521056
491861
6126
415342
308992
499709
351461
3192
516505
497391
440049
463785
387057
728762
162241
647334
479396
5258
284630
292882
534261
372924
499941
519168
743218
654604
592170
144513
472564
660010
443417
504115
525105
75361
493750
195080
522384
733412
644524
612782
700344
647069
546291
514489
516160
284279
445711
13495
741412
708393
592124
519702
250905
430425
508644
410037
731718
743237
407368
514535
283869
529023
100874
712915
471675
521640
743317
304362
368996
530291
272927
373857
532768
600681
465985
350899
518827
733045
23349
177841
370510
415172
420244
516032
528803
294145
387804
458283
555866
591868
478275
406014
484741
598475
655108
518055
96513
21899
743287
144011
145386
574492
654463
71040
431048
424484
355570
743277
434253
446664
654803
632773
528780
655684
729062
75189
101307
78619
128576
445387
151777
643544
198269
522493
743298
279837
591002
740414
109520
23363
333579
417004
3439
516114
443572
516986
732509
524630
485365
444558
12420
577256
487046
513856
653202
636480
656137
368610
289015
482497
596136
513457
515155
515111
465924
408542
460238
498292
39429
370895
504320
612155
387255
518417
252839
654591
467960
443673
482144
159028
496587
81328
737206
493739
512564
77254
254042
520636
509765
476448
174050
483036
148078
692209
495960
522823
333120
524518
480356
204564
467862
29444
496544
446149
652183
467866
632226
522590
568209
511605
449098
288178
189409
302738
434102
5308
595983
1342
152414
467701
732047
437460
153458
293753
546239
150718
121540
464779
112444
743302
706016
155983
449585
1239
414565
513803
12865
334832
743234
466919
500674
409223
632314
440544
534560
518731
435661
84084
65238
515872
372265
143736
534032
183390
656515
428027
519873
77498
201641
81874
730768
192649
128791
229641
446079
211594
91448
526711
494419
516807
726187
497599
511801
164303
440382
594434
524430
525607
438720
316890
372914
466539
213470
515500
446260
436405
333132
377705
183800
181444
259594
110695
647421
506759
15580
175955
368404
514802
522310
414473
110849
517419
203910
514220
530791
731528
381050
27475
439480
740386
514681
596096
529631
75841
578443
104636
18946
200600
525134
649307
444569
724025
97616
546286
507076
661665
368376
421608
533771
654907
166120
654848
250632
109778
15738
596014
523215
484188
632199
534168
517436
178695
1707
448342
571841
1437
730789
66708
685640
192374
687688
445351
644610
433343
516948
246413
720076
298705
485130
656660
170622
481571
503368
523468
129798
70312
463506
515469
5120
502948
335933
92732
517888
469630
75859
651245
508716
534360
23111
106674
60339
475392
295917
446354
496646
223141
654988
108957
8375
522114
513225
191186
502836
631730
524308
275243
743362
485246
532793
20131
523456
164595
444467
593833
743478
530899
29665
170473
653349
657991
515642
489287
159711
389107
82919
741600
731863
525600
466766
284295
728837
524280
514819
154296
102914
435941
510989
474069
461253
368525
655909
433845
355927
594563
10842
411138
598297
527778
3530
75307
77500
425777
694157
13351
256667
76152
440932
522817
101915
604001
593645
530227
740431
234896
98265
481202
370379
594236
510328
148989
408702
321541
503284
74564
133512
54680
374378
370781
102336
47166
541177
534454
465645
34114
435136
524763
31130
476082
512676
530101
599039
339639
528222
483454
530538
282410
655515
741328
106730
654968
500483
718943
76753
425125
491682
135471
488189
513075
437249
433159
31532
492599
477375
146339
584801
529782
465744
532411
5009
743246
733180
419463
479223
369607
123072
288232
528320
650174
112968
533977
496487
655189
106529
418045
513683
306242
438678
183817
82128
379821
413074
523822
29383
100299
592171
463074
533732
180062
367854
464071
654964
280342
492208
55016
150557
389700
204947
713690
372050
534404
120165
655285
75360
476319
124696
47062
508266
159118
194669
335614
256206
726290
695681
279913
404321
518662
446017
731826
585118
632317
46850
714477
194408
30174
631618
647063
288382
470412
5148
484500
19196
644794
15114
603111
484813
516105
521924
560655
69771
27222
401388
593134
591569
524390
163113
702168
75254
190334
389452
524828
441072
591003
464137
643467
6551
743354
546298
237825
380627
743403
475506
25338
172928
203559
460109
12956
475812
632179
659517
558396
647078
8904
729498
741244
571886
437403
13318
512675
443240
23582
2795
281902
233240
110637
160562
349092
524183
282795
474005
631989
278064
504998
501252
470907
269898
300816
476033
567284
131452
467210
175343
524219
122523
584864
356502
663950
199877
102406
513053
533444
472558
431850
523454
3346
349656
17109
405913
593351
533308
520943
712713
75182
91521
512235
439463
524760
145605
730597
478481
513617
709469
497581
485899
73722
534309
743259
370480
119598
459049
352656
406620
593995
471156
439726
16936
370927
15299
643430
436350
351665
517941
97887
263812
741157
268939
350927
708998
740445
646645
741199
591947
387567
62771
569831
162585
19977
36587
274539
299002
491322
706674
524431
280951
591451
509451
434232
272168
654568
136905
372208
647036
436977
32417
654863
212102
83634
50727
86337
230601
437277
433863
660640
463059
106212
256526
78771
114191
356744
515714
503709
594647
651219
731555
522257
29595
439040
632865
534196
522057
440553
505326
632486
220950
103147
397609
440494
370024
432491
1869
408909
133397
390599
421136
356799
517821
89781
728902
591133
708172
511143
495912
651221
471014
250723
252713
413812
544577
509017
118076
131740
594338
368084
654649
696283
509163
445890
728813
156509
502823
565094
198161
731317
356247
445899
504895
723254
529303
304249
463105
104215
99962
732725
163754
371723
656673
333179
501522
532803
517969
118354
75093
505104
374596
648394
40966
631841
529592
443831
162852
718438
9534
162200
523443
654602
178551
255935
58663
443750
663312
416089
514581
286192
162963
545950
303787
268849
655502
272822
89603
655131
631163
419640
374485
435850
381105
527193
623974
703306
656074
376722
539684
495417
429839
449909
482526
656790
535297
743420
231942
497492
426296
389037
719958
134602
376209
60300
655156
655643
188464
444450
591384
463045
631789
149185
594952
288274
268530
707916
591499
591945
741526
490512
591486
74368
730710
352768
65436
194718
30054
506381
499960
516994
157160
412370
61635
99141
126357
234282
181163
523145
496512
262886
743464
271695
163645
29341
592286
258551
486360
19673
460179
286073
356719
474536
515154
529509
231320
438953
500775
437638
78948
531106
157113
528300
309403
438918
533782
71787
444472
522699
502829
653654
567572
431307
98594
56045
7236
368794
301404
654570
433529
732105
375957
743361
369728
134885
380271
410596
659291
592142
437366
105153
408241
371001
381214
432699
369615
524910
634882
22399
304192
643590
449662
397978
743329
603252
516157
466435
504517
183684
719951
433750
107812
534333
512914
212088
175534
264887
438454
370950
388613
573018
587979
631549
435535
644504
591329
590958
514151
662284
726012
431668
257970
454640
496843
727355
368214
406423
235390
334587
26232
79347
185807
6638
525163
433427
463421
213724
632918
522568
533719
6451
603676
529517
523004
275865
334707
8361
443379
431550
134406
374588
183435
522484
279652
485434
355126
473927
95600
515329
401903
81131
301613
442634
69855
558536
406683
654422
463375
715194
79101
521969
433442
405880
356398
433615
202522
588655
497520
190086
117929
496684
467733
172791
535762
502745
195464
465849
602086
460
200100
632721
467634
184492
588815
720393
7744
370312
706889
8036
643552
492314
592116
287749
178357
458986
356366
356331
146688
610084
696735
132599
164060
486542
655215
527861
26023
417029
546288
182885
389638
285847
12332
182255
741420
522632
446414
663619
567424
445893
517216
720173
209983
475872
66731
721234
632447
729520
656313
369285
518249
55879
119591
221847
489051
527688
406475
315137
418233
410817
535192
531371
497350
591518
253319
406013
523560
534314
7644
632807
720136
522561
171626
520414
475382
27693
433146
462598
565725
8859
492555
591680
418175
467807
494337
567598
386225
125898
437779
127403
474018
155742
723297
485060
637001
130036
406520
500067
458513
337766
75348
401929
212395
591589
438227
530862
586059
438838
381061
732666
133916
660192
78466
920
164226
503594
477346
493791
648565
380887
263912
726316
379018
183702
512867
491912
156178
422990
12970
473583
145956
48353
509083
26006
55999
289123
513266
647064
405942
355141
604551
535319
167496
351475
643683
368433
712598
459379
654566
520189
353090
458414
500409
78060
546407
14611
496191
535804
75139
743253
554762
731969
6418
656498
533526
655006
95972
533479
436568
277677
743386
470646
515598
414396
597755
435933
323489
659013
593920
82045
120855
189075
568247
386684
84549
729265
96996
374257
50098
437594
172602
656205
521973
282417
535298
274873
120963
525392
522819
435052
102696
109052
20274
179309
475125
436439
292457
408073
708190
435012
24054
709581
368296
504301
524502
256301
352671
16258
444986
181112
523550
163451
632296
387208
301478
192103
554829
648612
483494
372633
514193
655277
656723
167046
446890
525232
283374
657131
591306
459538
82890
368359
119251
502659
433060
518460
44385
180946
720376
721414
369755
433759
274402
533551
533282
193118
173088
471207
632729
408142
558009
731847
117136
518774
709288
520627
514477
282700
647079
515890
446251
183428
602528
567236
433670
520042
136247
529862
516023
76686
160211
412468
5268
593928
181244
187694
283851
517232
474643
593382
180141
406277
519574
529798
731510
720220
12341
654720
715556
14317
506357
598540
374127
514132
515475
276770
82327
410455
563491
591967
495039
433391
87194
732031
26837
191346
523512
20013
644384
269512
516176
499925
418093
131436
189772
471381
493668
15250
96459
643813
705480
515879
517262
370770
740620
614787
445052
498548
224137
14555
95140
521800
600825
567342
654636
655179
558296
308171
147762
300076
546289
631725
432914
79088
603657
131151
523718
314359
253903
371794
279806
484950
293560
518773
502876
77978
108104
731923
655338
207106
522373
513083
707712
104925
595071
211571
435512
336681
12107
718492
515560
200022
56
284284
561314
337295
410126
523252
654475
54277
520313
514211
731707
171280
511504
83636
713535
534255
409230
741156
149991
741289
218366
480311
655143
75231
524590
516671
732341
201978
512599
524947
485158
11042
67776
9997
518475
445403
79387
5345
117938
632252
567438
405156
24258
508725
154654
518060
158304
727580
95577
90875
657844
722260
170131
591347
655387
16349
737597
427232
145575
731866
300141
298654
743377
227253
270043
191734
85769
150580
514063
63788
487200
96
655327
495710
155218
496068
655046
372123
408018
211511
474116
514821
644628
654668
28540
432862
280378
182385
495834
205558
290758
372616
512815
472838
333427
111867
535011
458426
124147
202354
621200
467306
436383
369089
270291
288284
594634
239500
489142
513695
631869
77768
103159
631656
1197
159472
21938
201446
15591
646318
515070
503093
468410
434081
215766
454534
100915
221737
470038
487027
231616
318547
508423
740515
460336
105887
604915
533624
731476
197644
8102
236774
66915
79081
75256
76394
552810
181300
521926
59719
330463
307734
178715
743265
470996
116467
652390
421202
500842
503022
410388
404741
466714
183850
436166
73527
144130
1063
612151
474705
162757
39925
128959
496267
436446
85539
442344
719176
525093
194754
657632
371249
603629
36688
462913
55847
512607
513626
661972
57652
9661
212838
720898
484047
448497
384598
516522
660718
35052
446336
82609
660760
414418
708268
557097
483873
412196
142736
116459
498569
33962
115838
652364
46894
102798
122926
18894
492212
279929
443301
591809
209113
169615
157378
743242
516837
355643
488143
709321
515542
7517
77897
720177
533192
568006
655519
741298
119316
61469
11776
99936
564847
477128
628886
280130
284141
135646
517553
520149
729080
415842
632554
309763
524368
208358
435001
31720
78016
518346
17546
433381
433068
506276
35198
643780
632385
149305
437647
448229
719189
327527
514806
558428
173524
134623
591742
283749
78989
627414
471873
339278
25892
439180
511138
513058
740394
483305
123119
491351
644125
9347
477028
631639
2006
603131
533710
406515
4973
438219
442657
185172
119273
437008
202
657926
232532
553497
356190
654821
376064
369761
284286
505676
513463
192619
740488
48849
475963
252967
123070
592944
433291
106876
213264
28020
723344
528305
152173
412482
367856
470477
743553
719925
153177
313905
584909
285051
153357
593292
643548
523360
42644
195060
590143
440401
436975
458365
343873
118243
479747
438550
740597
409561
272813
410965
270655
180877
517670
518123
12253
534770
20848
459072
461113
147765
487635
483444
246381
570821
156171
708182
517148
632258
740577
292472
421245
356742
157659
651512
657722
470588
631593
597434
276878
472852
356440
715494
368149
660143
406050
612096
75061
696631
501293
308074
577775
4900
387679
25313
528087
282376
808
221127
289092
423103
513490
246046
466625
498727
410231
349570
81964
7012
656361
432818
647371
517864
148559
82961
485527
348979
443031
376071
250666
499839
434248
520967
48428
655785
227656
324844
29802
247077
656298
821
169358
108080
173724
283402
743224
467284
301048
309231
323396
731649
108408
334370
632282
198760
631988
30345
2178
632456
696428
143873
604789
515474
444673
434900
112377
9587
708017
730672
594250
480848
534667
133321
482038
546283
509966
373560
499725
79110
707137
653288
491148
286221
330384
7736
347014
591582
716652
660812
531713
570362
519909
591474
704031
504620
481569
433732
644906
311346
531176
656244
468140
517601
5662
716456
567337
653258
437058
481927
250899
368934
156367
73800
323562
356467
591768
473632
5719
111577
485205
653859
469918
232543
515517
435342
287521
13034
655105
503043
272011
585374
730799
591047
446459
508154
371987
7367
49143
226007
76480
632368
705699
421257
443976
577281
356224
322473
173878
445203
439200
61441
523185
740376
105818
144873
447011
146668
465323
12286
741589
177576
740399
27267
221497
481542
446270
389996
288936
506652
709609
632706
483136
471818
510324
532790
567235
706662
711461
409602
17118
654473
480701
515053
78582
238303
120
591666
190622
356545
643120
660887
183706
521487
462323
497636
464472
43670
207776
576320
654815
221889
381126
87752
593171
442707
190983
137510
515162
519659
454528
436426
666524
567501
374650
57813
591061
427284
502842
644105
703523
385956
191215
743221
302051
335551
517155
353181
500724
433203
520102
549751
511768
467192
464572
166011
715543
531789
436939
439381
26530
494614
10846
596543
459265
476018
187058
125113
31387
643566
436657
632223
743272
591720
500419
515472
730686
17686
466154
268573
334713
199625
108530
144835
3041
129673
512636
530479
59425
514116
172865
490287
435938
146393
483239
487510
530381
34024
39311
531064
532786
146804
88556
77060
720066
727986
647450
485262
597216
22960
657969
502705
546271
529677
729144
592161
713636
43322
530000
350265
133892
514870
558601
277624
435381
520070
75318
31819
643424
632469
507769
729372
331420
433722
726435
486589
309467
500007
643658
733403
371642
373642
531788
390736
130593
731890
388645
437275
309090
631587
79322
518244
529059
584908
106185
90061
158932
450230
502244
487296
493804
702907
532359
524517
520757
420796
713051
111779
586219
500635
251531
592108
173030
513915
288215
484288
743379
265829
55682
462379
655234
704983
205326
590945
424126
743452
502756
207763
388654
286261
529451
596607
438231
372688
423348
731127
635350
1027
94229
30385
177530
302669
348112
148656
35199
265174
446588
187624
424908
524464
497159
611541
525401
318526
466804
594708
522863
171995
434412
458487
743239
655654
714749
436743
515550
591952
522433
271876
652690
522675
530734
521092
270869
657405
465413
646264
516484
657067
520037
446852
422336
437497
203961
631590
112058
513261
400876
520898
479693
17719
316750
480653
581170
716464
429608
654418
6093
59332
631863
233952
647023
348500
743307
84753
386693
509736
362728
356096
699822
743262
268177
255973
513797
61430
643610
380118
488293
25130
728759
9383
498543
703237
7486
562568
446438
659209
130774
248785
134084
35125
153022
83722
519557
7036
509622
368920
502328
656271
416630
591463
166486
183861
315177
104019
529438
23960
510927
464336
74405
501023
502458
368866
518198
411480
559040
511425
632531
493309
158688
644352
406300
209945
294005
492407
163909
78065
632379
42806
438782
500874
658489
435291
437338
118666
655217
74655
743321
348531
190968
99819
529163
463759
741177
602085
708076
298716
518530
529053
523262
534346
567596
350268
159556
654552
593159
508284
381219
591358
510635
368912
534847
516966
205163
170839
462492
495349
523084
296776
31704
633509
48513
66170
351296
468688
3887
704511
533287
507948
355162
705517
590886
68714
533903
632481
279594
75813
647752
591069
632013
733070
278959
531111
87159
490203
510543
655284
77422
430849
386390
232165
1048
200250
655921
357637
443625
2785
41296
271341
465295
534453
279669
189716
471119
6764
461117
592088
489284
553851
445803
282678
388004
743235
130917
523438
22907
517338
373763
618145
531668
578973
558537
321231
1832
370937
592456
584851
643910
405610
162032
503546
518727
14791
488282
709561
514297
732570
409934
574240
80296
524599
16695
5912
260855
181046
271643
369431
31439
122363
302740
14623
642042
655623
731413
278815
641481
491577
555974
740377
462732
186810
732228
489355
732259
165195
399984
15961
590970
483259
21639
449291
277101
546285
25601
88297
591502
743319
147950
590937
657494
9061
173464
645317
156527
593613
389649
444749
347270
118725
438429
262823
179986
445775
555731
443330
517937
416998
44276
445981
446427
408434
364544
356061
701982
114412
406461
732773
2780
440525
435255
514465
343334
471851
743248
15827
743223
654899
301094
533273
204121
105269
138860
517817
567356
525330
696211
356630
460645
532749
111286
55940
185055
534619
98475
534773
444776
643864
656996
446309
181368
44070
514373
277721
15200
709320
15977
163484
627078
449609
599470
377484
24379
369068
372003
590876
465929
500375
231883
279245
522147
293653
288164
327736
520205
433269
163776
524953
724482
514303
567968
631579
470369
26704
233119
466828
575631
388739
655772
12923
632144
721001
178011
524731
90107
709550
513779
710488
445019
9857
596449
727344
499209
591095
466929
277704
645517
554791
282975
59214
117825
351875
469244
437191
522472
517768
352224
655057
516077
482910
25786
413801
76244
516155
512670
400295
502302
99145
581171
255462
195727
333526
268742
654824
349283
199743
631827
469171
557709
24301
112318
491737
515371
334612
5462
532853
64004
109051
275775
519337
448889
740407
558422
520973
603732
506748
75864
20315
406096
189585
151134
504317
193406
487360
730889
137562
534384
170986
111256
462729
397729
162233
714302
80986
502915
620644
356873
478407
521008
9589
591166
878
644708
506852
72901
507910
356050
570455
28491
658099
406510
530749
363492
321689
86320
644000
371889
440955
13982
526754
546261
172772
592178
654350
642660
647075
609336
335079
662248
78788
496451
355606
438289
644633
657032
534301
522087
534477
408236
369920
534521
158427
124953
270428
610830
702646
523753
54780
516777
743324
597035
437006
525238
406234
130293
37617
484738
515271
654816
728878
152292
551962
654616
437322
643580
432674
213666
436093
159161
381123
226117
467740
534373
531561
591455
160786
533030
508848
200804
533770
460857
460355
400740
519884
525205
445570
496279
700353
462998
83383
647067
593430
410977
83190
208680
372082
30570
515951
534293
129261
473296
168073
525088
429819
565319
523463
485557
190028
466693
508514
72026
631582
377992
396644
476365
116244
505652
75527
514174
621695
36794
188553
365706
284491
616962
284207
118110
594170
475538
533514
24178
488827
441038
505735
629638
112569
570355
592184
21765
661088
472497
567619
283652
517949
430299
519632
741226
632772
360940
632151
643357
696231
467759
521212
500466
104613
214142
258576
444403
183153
562227
430439
26904
191213
731668
16059
6483
584985
660109
645535
22616
15535
180414
643051
62661
514599
594084
433795
447654
592262
596704
197116
124047
536663
89649
515164
719203
743512
373741
77318
713595
365365
246310
518525
597091
644919
432121
524690
274313
524899
487774
404568
190495
201034
83147
433222
9925
310645
148767
205144
471768
372680
442798
437178
517145
132760
443460
194329
293660
500921
654447
119177
311640
533040
712144
709297
529495
451997
464210
155827
147381
23581
553723
146180
436161
530009
466662
731633
591078
518464
446091
529178
514284
62275
481186
743232
647056
523732
172550
522555
271614
112242
448588
517033
78888
183109
743311
87889
486285
520287
389461
643605
505059
445498
157078
27239
301696
9315
112553
504687
369614
596105
184233
17466
76704
122927
476358
519523
135763
713588
207538
260750
259412
501345
88778
520348
518201
516664
634506
591664
507087
7158
335139
546292
644095
533013
23248
440968
631602
465041
114286
4055
532401
482730
129195
24598
463456
591122
463035
534679
642624
654471
515243
114309
458401
460141
437846
74563
332173
414809
78224
655301
741531
146312
446574
555910
82916
631971
439309
35096
20107
533738
467338
168799
467408
373612
118738
662152
464333
700779
246112
741153
356572
498397
335163
180903
455493
26670
27021
522413
207459
463041
155729
9235
146602
150122
631858
29698
518805
160958
180871
289271
27059
169982
95835
511991
458485
741457
378103
655334
617449
423163
632326
124366
654400
706168
13662
591375
578109
273621
494186
523811
594444
654371
380403
432485
313544
483423
642701
643433
594042
471933
213061
529420
374477
408054
743533
741179
534330
658436
304682
523739
198072
741167
151220
10082
169378
436505
143766
655348
598862
107101
524214
82116
531550
91531
154163
591178
643130
132225
542050
535464
418520
419126
528834
743274
434966
501353
458355
463569
476415
492445
532855
188456
407860
508021
183232
731613
59368
204238
513867
241576
304613
611911
702056
152536
529317
4082
443134
69554
634508
368157
253603
434286
469331
360174
527090
520640
129055
335918
75694
631539
234786
405590
596461
233950
439662
729370
290154
356076
461787
75160
38972
463964
301350
10499
463797
131188
743323
494457
743431
489615
465593
655259
438587
119192
248153
502770
656565
647370
642877
420757
380933
366053
24601
377090
310231
513633
468878
596514
369017
460960
632093
370854
652371
37616
386470
423968
75835
500165
148677
115242
173859
713245
584862
459927
282113
3873
21816
83734
282998
741282
171695
647068
465885
471695
65758
138211
445078
501012
186756
652235
924
501629
499952
592317
9029
594238
20529
420529
264482
284208
522449
290404
31845
485081
709416
122337
412103
435120
485606
404466
522356
12677
709218
238432
79402
439645
186350
632015
434255
128199
500771
592188
458917
654380
715616
418581
110702
182825
479808
502223
436687
161985
75914
654351
519601
444947
370247
287471
50382
561064
515536
495230
710442
180909
591110
512465
177926
497684
511817
32148
743257
378813
131255
584830
584884
25674
210532
506997
523836
500750
293811
513315
306083
709466
659311
510409
152978
376046
346736
>un
525527
479728
325015
661449
662950
700105
713835
257368
647315
727882
7854
569458
729545
663941
150064
663182
519738
447714
600204
679283
664568
663878
657811
663092
619009
596764
663357
659310
662660
333388
725336
547465
647444
567846
610373
665958
603286
715779
546323
741977
663620
290820
731601
697521
600488
713582
287168
712829
512354
741390
490273
743327
661376
664408
730816
600157
733541
587502
718605
568386
657641
126938
663731
662871
523470
702947
659816
633993
592572
333118
595524
663113
708893
700044
335057
664125
433201
666154
346566
663863
546324
708337
5724
743247
730984
710463
553493
561110
707354
741235
13291
448833
644782
210739
661402
595493
568277
656129
714525
663938
593517
694796
634562
741685
663674
721175
663087
662780
733105
661314
595502
732021
649066
713833
719384
78592
708256
731514
593027
733001
658890
659746
715052
662535
597496
508769
727846
733428
702906
714239
509585
708332
645803
732777
716502
571119
733071
661316
536395
663879
708120
656872
446345
710481
664374
663953
662787
567352
633942
716096
667972
706702
732548
714198
724874
663784
714046
658167
632688
663081
664360
655468
79881
706312
7753
663115
654770
663617
720940
602348
741843
645344
664195
733356
664527
561796
136443
190284
731466
599875
633251
600450
732714
664433
600867
663107
663073
690444
725582
733583
663480
657935
664227
173233
600025
664042
658123
727631
631797
658202
644847
600761
659666
731443
600961
740842
659898
652977
662183
658476
663508
644693
713008
593216
661375
743463
733215
167087
356721
663102
193132
706143
661111
432566
733010
600814
661395
720231
743219
711070
654977
659093
605083
707194
573202
645902
663088
655686
548018
290831
634000
732516
61184
661540
733401
648636
634447
730861
152460
663099
743220
633059
708158
713120
593376
713718
603274
710405
708811
706044
731430
687808
661842
655950
661567
430824
723409
595868
661803
93832
708558
436009
105944
701441
663857
728926
663880
651782
664424
604300
712937
596580
633271
662166
734082
293978
664419
712725
600087
743288
663562
731501
645643
664325
663180
614195
593087
733014
707244
663391
664412
634016
726614
480321
663439
657736
657782
663178
593927
707338
657607
720350
731606
595802
483829
662933
663362
596272
664434
670718
663601
708066
591807
644777
713889
664078
592114
662953
733491
634675
604400
663077
662133
726339
593176
430300
597364
663768
573436
661520
594448
701177
664066
736416
708769
651519
585792
636388
706223
598939
662785
713681
663176
632539
632988
193784
710176
663603
720113
519520
663093
661385
708459
678310
654950
663967
514216
708774
632796
731679
715687
702885
454011
539717
597387
23033
658076
333643
708355
600667
162010
710446
721523
663934
662399
712841
699535
728972
473761
705892
655575
448226
705738
130011
664225
560539
387576
707339
291209
598011
724692
663692
735793
732891
661377
658276
567702
100261
732707
733521
662777
661894
148105
663352
659136
661405
714993
546568
530359
713135
707188
664387
594419
433010
634522
664217
731814
644901
655530
741257
534603
551944
731502
506989
401218
709788
733064
663956
663615
662771
599962
595233
714206
31181
716638
569761
272234
664400
647264
714301
707184
661311
600484
697073
701604
664413
592508
657784
506435
659732
713479
644980
714318
664402
663952
698341
88605
388742
651574
664209
712846
7917
708569
660369
743436
632983
731722
592392
487161
737319
700958
740945
655579
733771
694782
661310
638121
600030
569800
448879
662545
484769
660941
662784
732668
449037
292580
663213
656820
657369
660047
661398
443627
661399
714935
705547
703553
221334
715719
664231
571163
715735
659483
733764
700831
645304
708396
600322
732608
741205
662951
432331
741426
708727
591538
733508
656788
654971
720644
716727
602987
632537
655424
721374
659884
137945
436298
703444
732529
712922
663353
705664
663957
666310
661137
528668
733479
702200
710716
558835
742151
714487
593270
731644
447953
704508
633082
662047
553031
632573
653522
740541
634491
714620
493517
715148
666842
659405
732023
553217
743275
645178
512525
480743
592455
592636
437367
279529
593861
600854
655274
656661
707043
514118
706076
660622
737180
295923
667843
694115
633766
180171
379858
732277
730749
743458
660583
655444
606538
661393
191602
707223
633885
743529
162874
430013
590939
600608
514368
709493
708368
594599
664532
714141
598270
743535
655513
660032
713634
55220
655617
568273
599033
553053
714596
559896
708202
369785
680812
14822
660236
592851
661406
714023
664391
598688
718320
705884
532959
664322
301858
741314
596814
592555
293184
670361
642990
708270
182626
656462
660287
148340
654621
662781
699389
602554
723295
727823
702126
695422
128692
715132
663350
133352
723065
702902
430557
663331
713643
634388
707012
663146
712899
711918
719719
707022
693667
709767
551995
648567
711290
714873
442160
708712
557644
596171
592759
664378
509398
536633
720975
655070
715039
664064
662069
713656
664373
517438
700975
594832
464595
709154
713837
380956
645450
659367
593011
661673
572189
662954
663177
663605
663089
567539
661400
664390
657019
713664
729364
662786
681887
552800
699316
712686
695621
664233
701361
675655
124848
657898
574710
656216
732433
595320
705580
633338
657070
662227
449415
663361
634568
660795
732414
461807
732050
374460
512372
711117
664321
650092
546903
710438
594519
174021
713706
705873
657334
708338
658362
732267
712597
716095
349150
663368
715270
567699
714988
694927
737060
663722
222731
644773
664238
721310
634439
731478
224012
705797
631994
707733
714517
633088
658710
130853
664372
733601
657637
655787
741652
595264
701787
706897
663514
580074
494568
708887
663098
679424
700774
598016
134656
663504
655954
713621
337307
657828
731653
661595
705890
600862
602701
664220
661914
663487
517207
595847
715088
628573
446700
663935
741178
715916
446522
664398
732227
709037
663477
633225
586298
707702
657236
718733
660398
694978
658976
594262
599620
741752
706246
491779
584939
705680
651549
663951
656343
693847
663137
430095
707284
643648
655920
714048
512542
714423
592414
661380
659931
536913
707090
657308
720958
653312
731423
658906
585672
663853
661401
707170
663422
449095
429581
707250
664362
595887
540345
107474
430742
733619
433047
658892
656390
664435
661390
310781
713601
657016
632626
735714
675578
600631
734579
467411
496271
592599
707161
663335
663179
702164
632891
733599
732655
644939
567490
662181
658503
743610
663890
663114
573586
664359
656459
731573
662829
535593
707112
432535
120633
535901
659241
444049
645579
664357
663564
697218
662984
567817
696702
703449
663111
662955
715338
633529
386793
728162
626608
703758
661374
664320
555895
648425
632900
663404
705705
486304
658678
666537
704544
719698
597488
433026
465411
593873
