>id 1234|Hs|est|2NbHMSP|||||tissue
>part
>ku
531661
>uu
659531
659699
597098
597126
542101
659246
596989
44984
659487
596884
47446
596935
141609
659255
659308
597127
537885
544888
531315
597102
538765
542871
659402
597353
565635
46879
659496
659533
48388
597143
543853
597163
597001
650614
563223
659366
44676
596984
542837
659602
596883
639479
572225
732574
659635
659399
553319
597022
48966
597037
322946
596948
44951
597015
49063
46572
659478
596960
738202
551256
597221
659444
597176
711911
544433
48024
596925
597024
597048
659843
729194
597130
659532
597066
659584
477344
596930
597220
47563
538951
599880
332059
597040
564137
597005
720345
596945
543347
575576
597117
597012
44934
596924
732636
46941
540281
633643
597008
659374
597148
50369
597137
597097
46693
597034
596959
659375
541317
659438
565003
659286
402814
597124
659779
659441
597030
597061
46551
709990
732601
659460
562415
730838
648714
597065
709963
551300
597033
544077
564448
659585
597000
659616
596958
596922
544222
650881
659419
659474
720517
597121
46762
633676
732643
659407
597041
659700
545071
47141
596955
597116
596951
542001
633612
659386
596832
597193
566487
597256
47308
596941
659470
633641
659381
659618
596981
659388
596962
659598
659560
633611
561331
732641
596991
597016
596920
659393
596967
659459
633599
688757
542913
659593
659309
564686
659465
659455
544467
659608
729191
659429
659580
596996
659589
659253
659364
659601
596835
659408
42746
738302
551390
102728
624285
659490
597042
46704
692102
540398
659588
597165
597128
540765
545277
659612
322875
624306
659421
597142
597199
732607
596939
720524
596990
562383
596961
633617
47390
545054
633608
597063
597175
597146
659587
596844
553129
471148
46689
659648
542089
560312
659254
659614
624304
659581
597053
102607
572375
645683
597197
538295
659624
659605
575652
441075
659611
564780
574016
659365
597206
732615
659398
590017
633638
738271
659295
322859
659607
46555
49135
659422
659450
633616
>kn
333303
460232
709979
149367
681616
483772
249718
105105
551993
365689
164144
36053
713554
585209
304475
144309
434937
9333
292579
505874
741184
461954
10441
475902
632238
525549
91085
531587
731500
740373
471917
706355
484551
515478
165465
311193
238990
520182
736871
369356
348963
549084
632229
269782
412870
156738
48501
743286
743252
720536
216653
432413
269109
258855
324271
334846
531089
731854
461229
520122
16130
58488
534334
494261
706676
94542
289795
506829
431279
519694
130098
561539
109087
619315
631630
124161
370055
134857
686171
75850
713956
335061
298658
605153
501991
82793
523680
133135
201858
352588
293274
466120
47517
144980
619396
50749
111164
403933
640836
405692
6076
438867
168241
523789
446429
527061
408427
469473
522665
513851
531856
253726
83753
524648
610717
148641
20716
5443
47385
173946
518355
635313
740573
5324
53454
377155
408577
437145
740494
594658
517868
510407
409140
9873
741273
593422
91393
211282
709543
485489
518236
503597
436913
368240
499264
275352
156727
279836
507333
103110
196482
519162
654744
502338
10862
514051
655476
196990
339024
654951
509414
3100
437943
487294
270055
469615
73962
584809
118394
477440
631923
19156
631814
325978
719938
389378
190722
497349
655286
125962
488007
32470
276808
344400
532921
333907
731828
106688
486548
728799
476284
743421
445386
488307
31714
248267
134296
632717
525518
91389
513646
435700
485195
363138
458973
494173
502315
464157
248114
729069
133029
204773
435815
632693
741319
558799
356416
444213
516107
10414
729163
69293
369056
208765
485471
48297
433701
208550
211079
720151
497893
569494
438993
406678
743296
474384
512683
11615
13205
419171
620525
633514
82502
598850
576551
596660
12692
713775
507783
438994
564188
430075
143674
437256
70327
472877
317243
720509
732185
434996
524484
437609
377894
731481
478125
439548
620557
289108
728790
62886
567831
707401
433764
740398
125133
468442
435557
193163
454418
430551
657058
523702
334911
434494
416090
153381
131915
269577
314543
591360
658684
5327
391860
203965
479386
520710
144287
498115
416769
47223
376289
12845
222510
109731
531752
502917
483512
514196
133421
356399
434957
515785
99195
82548
472285
372378
29725
519756
733266
475733
478199
516087
369624
502875
81848
471452
3903
597915
76111
368160
731661
489040
522891
497873
66762
480085
586423
389734
652114
530402
591671
516182
349642
481704
166204
12333
162458
607212
356285
105465
75069
311363
515266
311187
434340
199561
128548
520341
252451
352642
705431
647774
171011
459106
509707
65256
222055
436803
438723
278277
410924
255230
511915
512464
531701
82719
509780
644306
91579
741500
501898
23492
510528
507452
7910
482043
516159
75317
490789
696433
499489
472475
120873
659396
119815
126517
728984
373793
509664
502176
504609
332012
473218
714076
46440
420272
353176
130836
336994
164162
306307
271014
495656
50334
519220
528889
491861
646346
591273
443077
158748
341906
499709
643465
12102
516505
498160
301463
647643
440049
368783
437894
521461
77542
516217
42547
398178
479396
18925
5258
33470
284630
649372
197029
529948
292882
533540
208759
499941
743218
144513
567367
239154
13261
331431
113150
410316
75361
438409
591085
476273
741421
655666
656274
47649
644524
527295
514489
657312
655020
568613
514632
411308
23439
200227
443490
518609
469944
4998
430425
508644
458482
743237
407368
509523
605692
471675
239499
743317
191539
536122
492740
561815
733031
476353
555973
532768
373857
203099
94011
350899
534598
404056
58471
310429
30792
743261
22265
177841
414480
370510
448520
516032
523829
516700
435500
528803
570273
594670
260041
634680
515317
399891
274415
389874
696074
488171
226780
462341
567727
484741
282387
301419
287412
17255
480792
25362
492261
643440
645337
505136
408843
76392
145386
381058
574492
46519
654463
471200
380897
626404
580351
71040
8546
431048
654487
126280
292316
438336
743277
434253
416925
475401
656060
654803
99841
388170
528780
655684
75189
593373
267632
101307
78619
151777
725787
559426
522493
743298
654965
740414
591002
109520
591336
468254
333579
579691
3447
3439
438824
524630
4988
117060
329502
577256
145284
65756
487046
368610
482497
47061
189073
36473
83381
528051
519469
729158
465924
631504
59106
77269
498292
39429
106070
172847
387255
518417
591731
252839
591044
498143
467960
438482
147433
659565
649965
486434
737206
77254
699548
271353
37636
549913
21963
591908
148078
141496
239631
536982
584841
127610
433150
495960
480356
140443
288761
204564
655675
75372
516853
720355
446149
652183
388565
467866
23170
338207
522590
657347
553221
411490
12707
24763
643754
449098
288178
189409
302738
143212
434102
654364
595983
632184
512973
437691
655267
654634
235167
157212
444619
153458
293753
655012
193557
741281
431317
464779
656643
3459
595276
706016
155983
449585
355934
414565
653504
162877
409223
591683
655055
440544
524692
435661
632921
34341
632242
372265
534032
428027
664080
77498
310164
730768
591996
495779
252457
229641
12999
448972
446079
211594
440414
709461
520096
526711
494419
333786
440890
504096
372840
441145
719432
511801
440382
528631
194709
24212
524430
594434
438720
525607
316890
503178
372914
470882
503239
446260
278569
482660
660899
111632
181444
655498
482233
179838
189810
506759
622504
368404
514802
533855
448851
22065
260603
514220
530791
75798
381050
445512
514681
596096
172510
529631
25738
632232
194554
525134
724025
444569
250687
546286
656901
195040
155085
538103
497487
511668
125116
421608
731811
533771
282997
464912
654907
166120
654848
250632
44017
109778
15738
523215
484188
585799
396201
363137
534168
484068
637685
634632
104119
100217
262857
1892
23585
66708
590872
288798
445351
644610
504062
632166
246413
473420
433057
473109
659513
485130
298705
520814
478067
732708
613082
6217
647120
356647
741276
70312
435228
463506
150749
182625
502948
655626
350966
499833
335933
517888
469630
116237
435231
572231
370166
172685
555996
188825
508716
107153
146585
604542
106674
167115
112423
475392
31595
26229
295917
480073
656586
292986
499704
477315
111903
507162
59236
535731
155829
431092
385998
49427
116014
303025
137154
61590
740511
35828
302145
434888
440896
90280
108957
439031
8375
270364
275243
485246
406758
163867
12084
584833
555016
164595
278901
533050
653349
533683
406062
655325
491626
271135
435735
90093
193226
18166
652825
472856
659934
280388
81934
525600
585084
524280
105779
303669
102914
474069
510989
286194
655909
350364
78913
10136
412311
355927
484222
594563
515092
256398
614080
124503
472165
741234
144949
75307
77500
525196
655210
525210
74034
13351
269988
101915
513984
433702
435759
459795
415058
370379
567828
510328
148989
653495
321541
592078
30011
533953
173438
74564
162025
133512
416214
47166
656604
406799
149037
80741
500546
465645
559718
558734
435136
504370
12250
728802
126688
517134
165899
115277
31130
446255
599039
525626
528222
480815
487648
483454
274416
253305
533336
302257
282410
158870
651228
743318
729079
741328
718441
488051
654441
584854
478153
485436
591104
653700
721946
491682
135471
292925
657892
488189
524418
506458
492599
477375
201253
21374
146339
446065
121025
420559
590575
584801
435948
529782
156784
581355
532411
5009
180591
159448
268107
419463
42217
75652
59908
496982
27283
533803
420076
533977
29724
655189
524530
335034
591694
306242
183817
595053
82128
448989
336768
475565
696258
592171
294041
530003
387995
443723
34871
367854
199763
659751
654964
308613
18676
280342
301564
618732
492208
389700
204947
436873
37558
26870
258563
53996
372050
534404
118351
301412
75360
48832
82002
124696
444600
47062
508266
194669
15243
632446
26612
643497
534313
695681
726290
485104
446376
569438
659932
652312
613729
404321
444212
483616
285197
446017
731826
632317
194692
487062
529408
46850
695
194408
11638
30174
126857
306327
446320
104864
720208
470412
484500
464422
190544
19196
603111
861
497806
144941
187269
32995
27222
181159
490892
438830
654582
516808
732048
351474
169047
479122
274256
655499
730674
462475
389452
524828
517653
591003
351558
109514
632472
631951
153678
6551
546298
534450
237825
380627
567423
25338
21380
475506
59486
172928
128065
731647
535972
12956
475812
459632
500598
523664
558396
21958
330073
266175
408623
647041
7946
648668
632532
115140
437195
473470
13318
403462
281902
602765
217409
654698
382306
477162
535896
474005
313847
332382
437241
470907
476033
470728
655697
91662
246506
467210
368944
175343
497448
518614
492427
743408
596176
513053
76090
485729
472558
380277
431850
560891
349656
23262
405913
593351
533308
520943
712713
712889
513501
380857
591288
631822
632762
437009
530735
472270
343828
477789
524760
145605
708084
644004
659818
37014
138378
407918
737272
9788
93485
512934
461420
146806
683449
743259
631636
596314
77890
90458
388827
485871
585011
47546
352656
593995
73793
296031
189641
645015
471156
479069
370927
15299
632214
167750
436350
351665
1274
437060
715083
591815
97887
389311
741157
645328
268939
350927
2210
158195
567493
368353
597019
522752
592510
157351
307913
527919
740445
591947
741199
647051
281707
569831
446083
162585
516674
19977
619840
505934
36587
396358
706674
102735
533446
280951
509451
475074
647900
348915
75890
527412
264
486031
134859
136905
23172
332708
196952
570562
21611
496969
436977
256747
116471
515947
654863
491172
587755
433863
146551
660640
632294
26403
117835
446123
463059
106212
256526
27788
409137
729061
585464
249591
503709
440643
594647
31498
306769
129452
522257
74576
29595
161357
243326
534196
522057
5025
555902
632486
476454
397609
648369
12422
465433
299055
591710
723684
417549
592248
461047
89781
517821
722052
413297
194686
601274
564611
591133
591106
477155
708172
593148
651221
373778
98791
642946
372295
413812
505516
491695
390567
232021
249159
118076
464585
399810
368084
8786
254406
16529
654649
496984
633978
237658
728813
148680
369368
445826
656395
198161
719927
731317
200770
406788
445899
511703
552103
42586
99962
99724
371723
61812
399800
130692
433573
47125
143102
632465
469820
591652
643655
78019
159492
505104
374596
648394
379191
108973
479226
600086
443831
162852
9534
162200
288658
595933
523443
255935
443750
511848
514581
286192
498173
545950
303787
268849
292549
132642
513430
591976
665751
1787
443891
193566
24119
529925
518750
374485
527119
44817
435166
128848
495984
709327
147492
534398
731911
286233
6396
73799
657656
127486
731417
520819
244139
659413
449909
448872
216226
504003
421194
584775
16229
656790
535297
21509
516220
592207
533709
231942
426296
356626
464391
476930
459149
134602
567502
508829
108332
304376
558314
655643
461361
584790
659656
444450
463045
101807
731996
149185
56729
731505
370410
557425
707916
643702
463439
526879
9754
74368
504281
46707
478429
352768
306764
127496
23406
702139
713729
729053
499960
132868
516994
157160
335239
6360
99141
126357
536535
380081
22488
106880
234282
202179
181163
523238
556063
271695
121333
29341
30954
486360
19673
460179
286073
635072
448979
160324
356719
474536
443650
7001
515154
740446
26770
171458
500775
438953
437638
743244
78948
518084
654588
433700
494622
743231
438918
71787
446357
444389
743227
522699
514227
591803
502829
709795
567572
117852
421509
584863
47232
659274
654410
98594
431307
513267
490795
301404
198416
13225
584242
409412
134885
380271
644719
435103
410596
208854
655399
404183
274267
462270
411847
406861
22824
657490
495728
657273
11747
432699
524910
438712
471991
119882
634882
22399
465213
487564
659807
464416
397978
503222
516157
475387
76364
470277
709878
32763
642676
524750
183684
368542
107812
257761
504352
175534
149443
534377
591038
518250
388613
573018
587979
358997
644504
507866
709373
591329
726012
472737
431668
4817
464622
743270
654957
743236
406423
26232
353022
79347
703025
6638
591140
691061
258429
121432
631823
82098
8015
567571
632918
9216
434961
349096
516617
437385
508738
658169
478465
431400
524161
529517
523004
275865
334707
500333
443379
523855
497816
431550
600545
530685
40582
370503
374588
194121
654718
19385
374043
473254
445030
655331
534339
485434
515329
474711
179565
406683
69855
463375
494557
79101
10697
493639
632244
433442
405880
433300
659606
407983
500156
497520
547172
591918
117929
496684
28608
422113
645481
339453
213050
59504
460
495989
200100
570770
507433
184492
146317
731827
743449
370312
7744
632255
435277
706889
8036
271383
178357
696360
356366
459691
356331
595234
548197
519749
496572
127126
719906
92308
676605
486542
514468
2722
533566
16426
135554
461329
409210
182885
591162
636624
389638
108029
507680
369373
435479
475896
741420
446414
577202
519385
715040
293970
5710
596572
445893
468426
398111
518595
61438
184211
721234
632447
213642
432996
518249
6838
741364
104305
269665
530823
522885
369581
221847
654611
489051
659516
597656
654567
535192
184523
591518
575782
654812
7193
355950
369123
485449
187946
632807
171626
470316
520414
641872
475382
497443
518119
404423
462598
291533
565725
8859
591680
505545
494337
418175
125898
434418
592313
127403
474018
34576
443061
155742
637001
5062
77100
124299
76917
11614
500067
21187
347535
573495
14248
401929
113874
438227
502773
125867
643472
437585
474978
133916
402200
463295
476432
408903
740440
371045
44693
520259
481181
493791
558180
484195
491988
743409
525529
380887
478289
743328
512867
26410
603842
491912
436854
743264
534516
740628
12970
146735
173001
369039
656507
592566
164410
482301
134587
44424
48353
180408
509083
469376
631635
489824
591605
152774
421848
289123
584744
405942
284217
409834
743378
103183
7037
731853
258798
743285
534169
237480
535319
264208
167496
276315
351475
643683
493796
143046
368433
471162
631580
428446
158237
520189
86905
442199
559428
416139
546407
131673
643565
535804
185774
743253
146559
181301
533526
659432
655006
46679
75615
460978
528335
421150
298863
515598
414396
702010
597755
435981
435933
467751
323489
481720
593920
480506
189075
632066
712767
568247
369168
386684
231829
334603
288741
82482
716549
321653
429
506415
551713
741492
657729
50098
172602
597810
521973
412019
535298
300701
522572
299315
388236
509791
705618
435052
522819
531785
731605
6906
77873
179309
475125
436439
408073
377783
253146
22146
555989
194148
256301
46616
415478
444986
181112
523080
379972
2563
740522
411472
387208
538286
554829
481545
521809
270
534189
483494
643464
104223
512932
131226
533725
655277
192326
370299
528572
654705
525232
171825
514685
155097
591198
234898
654709
655671
380133
518460
213394
180946
741316
517820
743316
720376
721414
369755
274402
533551
36959
193118
533282
586788
495138
410810
2128
529244
558476
632729
406787
33719
7972
193115
112556
518774
117136
115617
591311
658427
58992
647079
183428
602528
433670
529862
655734
371594
494549
517232
3068
481133
180141
514036
334726
655320
519574
418198
529798
131306
12341
42400
14317
506357
374127
598540
100057
410180
169611
659442
515475
57079
563491
495039
46884
741408
708114
26837
191346
158460
480116
496323
644384
20013
656208
418093
714330
631654
705480
643813
40919
517262
370770
499042
406703
445052
191334
498548
248746
522615
75277
156832
153412
521800
600825
567342
743352
555915
741413
525017
11125
484138
368563
558296
130746
308171
286173
444200
525485
631725
476209
79088
103555
131151
24701
719335
279806
510078
302742
484950
293560
8769
518773
534616
438683
492516
502876
97270
240770
503510
522373
514242
707712
79361
104925
350209
414362
368307
435512
150725
108614
381072
501853
654849
656547
461819
200022
741292
284284
126248
568788
522997
282855
530597
337696
547697
355983
441550
293798
511504
83636
513734
534255
7296
482017
741156
548088
469386
408061
686754
122061
371856
480311
82028
474584
526902
655143
523045
195667
201978
461722
515634
532824
518475
445403
79387
731843
731398
5345
591504
567438
405156
24258
508725
222802
143728
479766
282326
355177
731928
679580
406557
170131
591347
144447
369519
16349
515415
731875
743412
262480
189920
512461
397638
145575
731866
300141
333823
732591
198998
544586
743377
412836
654572
726467
213198
270043
227253
191734
239666
514063
150580
397705
63788
435039
743370
495710
496068
494406
435755
655046
525462
461300
522895
372123
202011
591922
30258
474116
211511
441664
516543
396530
382212
28540
726365
376933
432862
280378
373941
144795
135997
654589
654599
205558
374023
127951
372616
472838
115474
333427
535011
367842
124147
159306
593075
3260
76224
369089
436383
594634
529172
510375
79299
77768
596164
140452
123464
50308
531168
30977
201446
374221
220594
108371
512144
132989
720494
709967
468410
46864
434081
454534
272259
643801
585540
191987
13024
561514
508423
318547
56782
40510
377360
494997
355750
567453
46700
310482
300887
368551
604915
533624
651204
44439
654652
569017
643085
197644
431471
432706
525977
8102
236774
79081
75256
523442
740639
76394
61271
44780
181300
521926
271742
59719
22109
655688
655750
513885
654808
478854
465761
388733
743265
490765
182215
274772
505339
13308
548187
500842
47629
591934
503022
489786
183850
1063
441378
40808
22584
435711
437156
502793
517517
39925
128959
21550
153961
370408
482573
515016
442344
32942
443258
106909
371249
434989
368626
75643
76884
512607
590919
6909
225661
555886
517034
130652
602757
527105
212838
11110
129955
515544
597349
515515
469116
601591
187569
35052
632527
555992
406392
414418
437174
708268
149252
557097
483873
632642
443731
47668
556296
46894
102798
444279
467824
244940
516341
462680
477
487143
713609
732118
157378
44647
280387
7879
136885
282177
107003
380138
355643
488143
127792
12929
515542
307835
465490
500643
353013
308122
99472
437755
472437
495918
655519
291196
533887
515369
458313
511316
280130
269764
135646
315369
227777
533898
729080
27184
309763
208358
643454
518346
506276
643780
646604
514806
16064
134623
409226
269211
350475
471234
515840
420036
283749
78989
728777
511138
632767
483305
297389
491351
644125
477028
631639
654814
533710
406515
382865
597664
459035
198365
461610
49075
580539
530053
593973
304253
301804
232532
553497
476041
18442
121283
20158
5836
714231
460317
501778
483329
446425
458312
433668
369761
172982
162659
440025
69504
21861
49367
192619
584858
591594
437075
725151
657374
252967
655680
441926
6891
370140
28020
528305
126712
152173
176227
434875
470477
179522
736903
491336
270437
584909
582993
105016
146161
523360
42644
656461
195060
440401
41502
458365
258209
109439
444743
148074
740597
435290
444724
532277
482976
436098
370267
180877
517670
116486
646490
12253
715653
506216
111539
124951
534770
142442
50732
740360
156171
658702
708182
186649
740577
292472
421245
44685
731729
491234
445892
507669
714400
535711
597434
164419
567498
370422
567943
197043
513343
406050
655213
516539
406534
696631
446675
184298
418533
403171
373938
308074
191046
27183
577775
603118
4900
558351
25313
643537
282376
808
289092
331491
516075
410231
6846
352591
81964
241575
514435
709192
64691
148559
379386
125119
348979
443031
445489
657271
473847
627452
437040
721586
499839
486502
227656
324844
529400
29802
655593
501203
821
603858
169358
173724
108080
283402
591838
471405
100043
743224
720023
472010
467284
79170
653135
713981
432424
655407
522090
468702
632456
439370
731569
483209
642715
597715
479602
495250
477003
743238
530653
708017
636359
633601
167700
480848
133321
508958
436617
501561
82316
555927
374503
351215
499725
654750
654581
352243
13680
8033
503911
491148
286221
330384
428360
546396
401954
64016
506815
494312
591582
716652
531713
570362
519909
592290
59757
435947
704031
98170
570791
644056
590972
504620
113876
481569
433732
357128
731539
106650
655702
654838
654439
469809
529038
533291
531176
434993
468140
517601
131269
187667
533437
653258
7277
615131
481927
502775
323562
356467
517356
591768
513578
522110
5719
153934
382202
209151
471975
535586
12813
310545
372000
232543
552649
515517
13034
521530
272011
515048
585374
48642
655988
727543
8578
83465
371987
49143
9597
130491
75275
76480
501728
203691
705699
507755
525063
443976
307720
115467
529353
47261
439152
577281
356224
632236
173878
442378
282670
6834
740376
461389
447011
146668
473286
741171
481860
12286
444329
740399
177576
106511
517249
221497
280990
27267
446270
462033
85962
502528
371078
410406
513520
596982
389996
731743
506652
709609
728944
647419
743425
713663
524453
471818
504237
457407
433656
510324
75117
95120
719980
469254
197320
17118
654473
284244
517717
404186
465521
733072
592269
73769
238303
79276
120
356270
591156
356545
494567
76561
459211
741158
521487
462323
447794
32309
435274
591481
464472
741308
627409
43670
207776
605143
472119
221889
436186
593171
87752
5086
190983
454528
519659
666524
567501
567688
446315
180346
530687
432984
166539
191215
91626
709545
302051
210586
271270
517155
494977
368884
498187
44402
502511
433203
558463
208544
535735
481918
520102
549751
467192
464572
166011
199487
531388
715543
159201
407926
168132
436939
439381
24135
494614
705692
10846
476018
302903
655369
631856
161276
595201
436657
24587
21422
741180
59138
473450
352962
503743
498313
334713
195642
199625
108530
709066
470479
129673
727648
432562
81907
514116
656600
172865
435741
483239
487510
558513
476402
530381
74471
119014
18103
459120
531064
444969
532786
25292
497183
234074
146804
59159
269944
570274
485262
654609
519818
546271
628599
282901
329327
594331
438064
48348
529677
146100
31712
513861
391481
523835
171426
477547
350265
133892
514870
343522
200063
134688
193583
520070
134665
474206
602015
31819
468972
79335
507769
632415
140309
726435
49117
709356
309467
643658
533939
91791
48950
644326
505337
733403
473087
371642
26593
439145
208093
659493
645427
656683
390736
292737
370145
123198
659621
145404
586650
513609
309090
345849
590900
29169
438709
648434
106185
90061
741204
169875
158932
46578
94499
496139
591185
475663
502244
511175
379548
518374
234249
493804
702907
396740
505806
12967
743397
98541
515283
481836
523852
657163
164324
586219
2430
657060
522378
520463
510402
309288
435369
46720
173030
741365
712718
502
595391
655824
433540
462915
432976
55682
499108
594171
586174
205326
368046
195799
591530
731888
47367
502756
370834
288981
449296
481022
388654
286261
307836
732626
596607
513491
518267
508545
658676
513954
20142
459858
423348
76253
11782
416735
30385
94229
194609
158174
302669
648086
387011
213389
7884
265174
591633
741190
532399
446588
660757
520494
487175
655150
420541
190384
524464
497159
529449
475334
594708
300624
522863
726270
114246
503716
564533
654773
45002
699301
435621
728857
279580
714749
173679
193133
484363
124156
524488
517228
3426
21239
88045
170053
521651
370703
446240
465413
644863
555970
532632
369557
740413
156540
302408
732022
431173
446852
12319
432822
97316
700839
529272
743230
89029
654740
159195
753
348411
496530
2171
442781
479693
17719
12723
480653
695185
48499
571177
169815
429608
643005
440168
200943
168950
243994
335413
59332
595158
509909
500756
652273
356096
22920
730098
474436
470311
26441
19718
61430
498543
703237
63236
72222
248785
134084
36958
524920
126667
514423
390729
83722
435295
136102
431101
525146
519557
655170
7036
656271
502328
632707
655177
591463
34851
591698
535734
504545
529438
187763
464734
97997
74405
126941
501023
500916
502458
408515
518198
411480
594838
659384
483564
130759
511425
632531
166017
493309
632833
158688
644352
180711
406300
522684
477083
492407
468026
42806
438782
143434
443894
481307
654933
369052
152009
8453
99819
643030
19987
455955
153952
654944
468091
708076
518530
523262
404802
741411
350268
724212
567758
159556
516978
654552
593159
438311
567679
459095
508284
381219
655713
591358
510635
279061
301685
645295
516966
741218
487994
297304
205163
529846
515364
31053
462492
75659
283322
80305
220864
652334
296776
743479
48513
601513
443881
282204
713611
66170
3887
512732
369438
7023
232194
469879
705517
134974
590928
645028
590886
645410
68714
658751
709671
508835
75813
591069
380372
148766
191518
77422
430849
386390
48706
288940
713641
25391
80343
357637
731388
283014
425769
465295
279669
482873
654850
700632
349955
164578
445803
743235
388004
523438
23956
507475
523332
659850
728862
602900
618145
592081
655142
387207
132342
92033
405925
370937
592456
62314
632200
405610
445733
713564
87295
23245
595553
409965
700576
514297
732570
409934
524599
5912
659236
482587
260855
271643
181046
409989
371344
288800
100878
719465
500047
530940
313247
491577
381189
369522
109590
47209
740377
224008
186810
32374
17860
187284
149540
165195
584881
8395
15961
515417
446271
590970
505004
558528
449291
593942
485380
463936
88297
532019
709366
25601
515855
476525
743319
124638
484371
744
301654
595333
471040
645317
743372
156527
80919
516173
449009
465337
654529
534338
262823
591675
179986
51891
248472
406708
526630
124027
445775
555731
517937
416998
98117
652441
108112
276925
320368
446427
585206
280695
435215
96322
356061
515867
114412
6686
494738
483635
89690
584782
471851
743248
532082
252549
503666
631744
741501
436973
40735
137427
205392
731660
632264
288034
23388
477892
364980
14745
731909
75639
696211
356630
498178
10056
554831
380973
502127
372679
54941
48589
643864
731917
370963
181368
503787
618526
656185
274329
25597
514373
277721
15200
709320
533878
293971
627078
520094
723477
563205
655056
37288
485518
599470
741422
369068
518200
632121
372003
590876
592473
475629
515617
374446
500375
591395
231883
593923
8526
279245
195471
512963
327736
520205
288229
658575
433269
163776
474914
480218
352677
567968
161000
293629
470369
308710
240845
26704
517603
388739
715623
655772
709550
6651
175414
532296
743263
9857
727344
317304
432945
591095
659383
631614
388034
311609
506222
367690
235069
250429
255932
469244
351875
588202
524688
43834
657315
520087
522472
655057
516077
505033
413801
524498
516155
541894
283828
517729
400295
9527
581171
460217
29464
727607
268742
349283
654824
647659
292078
133379
235331
443661
713173
594912
508999
557709
74565
433901
467125
368264
435126
412484
652307
654792
5462
110675
532363
489336
22410
489988
652741
520973
517987
603732
484242
75864
406096
80624
189585
516632
151134
370555
731646
459070
132966
153310
567336
104672
730889
605388
591836
702189
630181
390594
149894
483784
648448
706828
462729
397729
462693
469022
80986
502915
271044
603093
478407
120319
9589
732599
514843
120759
72901
507910
534590
470233
497575
372286
445868
496535
28491
55047
353163
48924
530749
363492
86320
644000
371889
13982
728838
526754
483924
501200
97858
546261
3352
144197
443789
454713
356578
519693
514199
471528
6917
272251
444332
713131
654350
464985
335079
475472
520207
78788
355606
644633
514071
273397
443577
613417
369920
155017
158427
524741
567717
514516
12451
516777
406917
17250
441488
597035
20521
525238
743407
484738
130293
69749
731825
643560
150651
147361
643580
709471
273330
95243
213666
136309
440829
567419
6799
149239
279696
721470
497822
414648
467740
531561
312592
508848
597122
200804
598100
533770
460355
533474
525205
718510
151761
743254
533573
496279
712685
118554
462998
83383
274337
128824
593430
707614
131570
643600
372082
515951
534293
129261
168073
372031
525088
522666
412707
700188
34906
731593
565319
523463
485557
190028
24167
656702
396644
476365
513244
511251
655292
505652
475656
732579
621695
188553
284491
696684
159130
509258
27935
706793
743268
522351
659439
475538
488827
368527
505735
136901
633631
75438
120658
194766
173034
567619
370725
263671
444356
283652
430299
517949
211602
101949
381256
508010
600940
407709
220971
592121
22867
371698
654762
408614
743356
116250
631742
643357
50425
508623
104613
707753
444403
474010
45056
523968
445503
562227
371372
26904
475525
191213
368592
607928
727669
32984
516830
594287
740452
731668
16059
740503
435004
477866
279583
503389
719466
523299
15535
14945
62661
121870
594084
592262
596704
472471
280741
517860
469018
515164
440497
120483
591760
7353
31474
77318
654465
24643
518525
370487
555985
416216
491060
432121
523899
404568
487774
190495
201034
438877
42146
444982
414489
131555
460996
499984
43619
740619
496255
310645
561770
104637
148767
128067
408528
98259
514495
132760
643526
511265
419997
173202
48029
526728
442609
119177
523309
654809
592038
591221
605775
437855
446194
731519
132858
460693
643802
147381
23581
720653
436161
242458
466662
466987
731633
606916
591078
518464
47357
473163
188634
529178
13262
96852
487561
62275
514284
368226
356377
405410
528423
743232
187861
631672
647056
434947
172550
522555
480055
463613
743222
654866
517033
480454
408355
659437
211800
526521
78888
159863
412587
486285
87889
464419
511386
433213
120790
505059
567725
729204
369614
55777
592347
675564
76704
122927
519993
387623
135763
435761
260750
654922
506603
31431
259412
501345
374201
593538
4096
88778
135087
502266
522350
161008
591664
507087
335139
445665
525061
23248
197071
592271
431367
443874
23862
369430
159014
120323
309641
162121
417022
482730
460923
435013
129195
24598
743437
188882
202672
504820
593187
165859
659395
124246
231029
458401
117853
58351
181272
272062
414809
655301
243564
248437
555910
82916
20107
466775
153863
46453
168799
487562
532091
436121
520937
246112
22393
743295
397800
356572
152385
396178
335163
455493
26670
587231
511951
49421
514474
27021
207459
654869
463041
443852
146602
410889
413133
522357
478588
29698
470654
289271
212957
434864
95835
743243
57692
148909
444179
476636
617449
696657
124366
515094
83313
532755
591375
578109
494186
273621
177766
743371
650158
432485
491440
482087
313544
632161
471933
213061
205427
654646
413047
266782
171939
265018
283734
468840
534330
657542
478930
209989
304682
31082
198072
593379
460078
741167
579828
151220
502914
594504
436505
743416
93836
143766
481852
598862
445129
524214
531550
41086
154163
132225
437376
654356
601055
46627
446559
706276
404706
151787
528834
103315
189445
434966
149387
509447
657336
619593
101364
645802
527748
476399
463569
298990
492445
509718
633703
175218
45719
371914
59368
304613
301431
152536
4082
731754
480876
486228
443134
187635
368157
469331
38034
56663
213087
323308
180919
65735
487325
495471
720197
435771
146542
75694
335918
405590
28988
81073
295449
426359
356076
461787
112873
463964
4859
388927
468478
659256
497692
489615
612814
371563
378901
524871
35758
259305
371977
12449
593974
375051
592322
367656
420757
633165
333738
591250
210367
17267
660056
377090
310231
437379
526441
468878
730643
596514
369017
460960
437957
729196
516034
743280
741182
743393
501140
301540
632578
500165
173859
713245
528519
368281
3873
459391
144527
282998
659409
524195
741282
792
647068
171695
465885
271667
138211
501012
89890
924
490347
208681
367437
530941
411925
306691
730806
720108
118118
16184
408233
557609
420529
284208
264482
591212
193725
534345
540696
371680
470804
122337
435120
333297
642842
709218
118918
79402
116935
224764
571466
511477
206770
434255
128199
29189
132660
741249
731932
374458
93338
47099
643961
458917
279819
418581
110702
479808
243678
436687
519601
654351
195403
21016
528763
421622
50382
335391
391781
288010
520740
479451
459940
495230
180909
292265
514840
508480
8360
743260
334684
288954
237856
592209
378813
468186
528382
653262
584884
584830
210532
25674
507290
153088
608111
467524
134183
16003
432752
608380
516746
170205
152978
510409
461379
35524
432574
376046
>un
695965
714909
740613
705958
706088
696658
444781
596785
657012
723529
368518
518961
686262
48903
594069
659414
585048
597159
659637
693841
644748
546523
594695
644952
98445
606178
741209
729023
659382
596880
705660
653430
596972
519738
714413
43133
520804
659617
679283
734875
488624
595500
594980
551111
659310
224015
725336
659577
713738
659609
661503
715779
649302
657588
533222
449238
659777
731601
696093
737258
653836
600488
713582
702075
575922
714955
659491
254117
707006
720502
696354
80714
659556
656089
587484
730816
743426
718605
427107
659400
130138
332123
551137
633635
731871
596876
659468
523470
643514
633993
597222
592518
732611
590899
706997
659620
611057
657833
659449
37445
731848
48787
346566
659610
713211
732989
720449
708878
732285
586141
49124
743381
659454
128434
707173
703167
659632
574978
515376
648713
714554
435667
741513
597201
176376
658110
643653
53997
517557
479342
714525
728317
593517
695426
718479
594374
723997
644924
680550
593035
21375
678766
501239
710466
604968
594555
731962
713833
78592
740935
566458
708256
547601
659292
712952
250009
604686
539444
720503
713927
654881
659638
595245
550070
291587
659467
593661
597496
528312
594986
644671
707230
22302
699361
659838
659514
386421
709478
597161
592747
659604
698104
708120
702475
731820
596108
655371
596998
716096
732146
585854
714198
741493
743480
714046
594773
708275
657232
493362
700728
732230
438937
706312
7753
699851
708361
714439
434284
659448
655122
714498
464217
646603
594273
671672
659397
699564
528628
655314
597011
705695
594749
720000
574286
713655
713728
679503
659428
663896
659277
332132
594103
741508
563089
349207
732665
659045
595209
600029
720205
600844
713099
741275
374278
713989
714055
705700
713819
659564
741490
659302
740911
594144
743463
193132
437153
706143
732398
466291
645916
743219
740741
731953
633308
659655
656950
605083
655589
714386
594846
157818
40183
559765
407358
48372
596326
445436
659566
719936
46473
664480
652533
7200
726725
709970
458607
708274
722484
351851
370475
732604
713765
633059
301898
593376
46772
593005
708278
633603
713740
709480
708811
593576
658049
712787
712780
633625
594784
561756
708287
702472
659603
593838
712810
712776
712578
659288
471461
594309
530412
93832
708063
503001
732634
718427
659412
712842
708592
659639
573828
605155
3353
714174
722394
658972
720506
737452
611451
659105
560757
702386
713053
566162
560093
732645
44677
593087
731897
577323
550817
598003
213541
732247
659303
561268
659281
657782
716899
638426
560510
653622
712794
148383
659554
712963
477784
596776
719336
732637
708066
644697
700437
729213
46756
710001
659619
594106
731744
430300
83293
652524
659640
701436
533323
46730
712669
659615
372667
730598
699563
713014
732595
633604
732575
659578
129051
593881
659250
604154
712882
569099
290550
638142
656058
720113
596377
723672
731626
713429
633645
633609
654689
597072
594100
633204
594424
656622
659503
591774
708272
714856
708459
594230
732588
649202
514216
644747
593853
597332
656246
700699
47312
18768
568059
48021
413123
659623
463996
659361
656193
52931
386939
713638
368733
288880
591107
732614
659287
659567
706131
658849
408371
473761
556108
46506
574170
655340
448226
705738
603894
700137
659463
47037
700679
656771
714878
720467
293736
735650
693843
659294
713387
633708
48447
596168
397530
713817
13281
49132
732707
720507
733521
659599
148105
732066
449945
530359
560749
633385
519783
729201
716039
729208
700917
658336
714910
527860
658919
560672
625304
657836
590987
659376
401218
741111
708897
643148
709788
47189
197922
638111
714301
732612
743340
707396
572690
656122
707751
597027
743465
596842
732605
731742
732265
708492
713907
597020
731815
657309
714318
644923
648542
714911
659457
596503
712750
709446
734807
417630
659103
596692
731787
45117
7917
248158
48729
659391
659555
653858
518032
477495
579401
608624
592392
594267
619193
706666
737319
577804
715875
728191
657105
659430
709586
162430
592880
592129
571337
475319
715073
659371
700372
646953
276976
458609
732602
607023
701879
706428
732384
732580
656725
547396
659583
555240
593435
191911
709976
48584
720884
655756
732617
659561
659293
705547
713944
595728
715735
706942
567530
595186
740809
696422
714006
700831
633120
536846
573865
563560
732608
700350
374097
730919
701247
659974
592057
709987
711689
712586
659418
500972
436298
597014
655480
714906
703444
714901
740742
721132
592595
173381
732508
708848
38218
707205
597044
596976
706899
518301
714487
743484
655252
71912
586700
7572
659244
594910
528585
705247
714620
597123
659420
659405
714410
721062
107418
659462
602792
659473
593861
727691
469971
659392
375762
597436
596929
660622
713753
6790
712759
659646
743494
172028
571820
659434
712799
536537
603683
735826
732603
602832
592679
713634
655024
597139
599600
659591
712773
601256
659582
596973
642540
676737
592198
706436
596814
732691
113912
709835
592564
648496
733615
642990
708270
699556
554471
596928
597151
643727
148340
709978
596885
657942
714913
659486
730918
58593
597195
563501
732616
715132
44609
133352
636676
741333
658717
413238
568267
50787
13742
682303
455715
707012
741007
669780
723245
720359
276523
719719
593959
722249
656051
693667
714873
732609
561775
706982
711079
697228
370287
719479
658263
680106
706874
438801
659385
705546
706216
700004
633449
732214
185489
633639
729190
464595
656868
597045
659367
444955
709969
659597
708498
740375
143441
659251
389906
44650
604006
535891
595085
521817
694262
659411
659378
567539
721950
592464
647016
659436
427236
527515
699316
732296
712686
695621
657751
659283
512211
720485
721569
699486
593461
706903
705597
657070
592561
634568
707507
597367
714220
732050
714865
597612
654763
729247
707838
563050
659380
654664
708801
596933
701723
705873
732633
741491
732052
523912
597025
731873
563359
644026
247150
732267
597002
656608
659586
93963
49127
730839
571717
636202
195058
632435
597223
707326
633241
659553
714529
737060
633610
708249
355253
705797
46669
587722
706460
279472
660692
667635
712632
511837
27996
668596
269895
712717
708630
657276
720542
673010
694015
593318
659634
696660
582211
47068
460717
714415
171984
719338
714342
732638
705696
707820
597168
648504
732073
555099
595847
659485
583688
653392
720456
642492
567917
715916
731689
659284
49053
185701
596142
48803
116142
713684
597147
718733
45091
702476
694978
161220
597192
559827
730773
209587
700042
491779
476320
584939
656084
656767
50319
705680
732671
44877
659631
27705
643648
708215
732001
714924
728847
709764
658957
596383
697653
653312
670507
731423
420459
724048
104091
386102
721282
729026
659417
658714
27151
597017
717035
520703
99528
653506
520477
593173
731916
513522
706512
565253
732087
659492
659394
659379
659445
310781
633613
543461
647791
557938
712894
659431
543561
596944
713725
732632
4290
656304
741499
743290
659458
696712
599991
633575
702164
632891
168162
655101
46839
713864
732598
736991
703692
606423
712955
708431
656459
731573
594184
700097
656426
706412
712926
659404
707005
120633
713895
707593
655187
596971
700832
159799
702470
654974
715190
125166
659471
696702
596870
594902
659389
633154
530171
706294
595378
710688
134830
690467
720101
699554
449026
705934
555895
695627
159699
27371
597167
705705
659469
648700
659472
699795
378808
719698
597488
659484
595177
>part
>ku
531661
>uu
659531
659699
597098
597126
542101
659246
596989
44984
659487
596884
47446
596935
141609
659255
659308
597127
537885
544888
531315
597102
538765
542871
659402
597353
565635
46879
659496
659533
48388
597143
543853
597163
597001
650614
563223
659366
44676
596984
542837
659602
596883
639479
572225
732574
659635
659399
553319
597022
48966
597037
322946
596948
44951
597015
49063
46572
659478
596960
738202
551256
597221
659444
597176
711911
544433
48024
596925
597024
597048
659843
729194
597130
659532
597066
659584
477344
596930
597220
47563
538951
599880
332059
597040
564137
597005
720345
596945
543347
575576
597117
597012
44934
596924
732636
46941
540281
633643
597008
659374
597148
50369
597137
597097
46693
597034
596959
659375
541317
659438
565003
659286
402814
597124
659779
659441
597030
597061
46551
709990
732601
659460
562415
730838
648714
597065
709963
551300
597033
544077
564448
659585
597000
659616
596958
596922
544222
650881
659419
659474
720517
597121
46762
633676
732643
659407
597041
659700
545071
47141
596955
597116
596951
542001
633612
659386
596832
597193
566487
597256
47308
596941
659470
633641
659381
659618
596981
659388
596962
659598
659560
633611
561331
732641
596991
597016
596920
659393
596967
659459
633599
688757
542913
659593
659309
564686
659465
659455
544467
659608
729191
659429
659580
596996
659589
659253
659364
659601
596835
659408
42746
738302
551390
102728
624285
659490
597042
46704
692102
540398
659588
597165
597128
540765
545277
659612
322875
624306
659421
597142
597199
732607
596939
720524
596990
562383
596961
633617
47390
545054
633608
597063
597175
597146
659587
596844
553129
471148
46689
659648
542089
560312
659254
659614
624304
659581
597053
102607
572375
645683
597197
538295
659624
659605
575652
441075
659611
564780
574016
659365
597206
732615
659398
590017
633638
738271
659295
322859
659607
46555
49135
659422
659450
633616
>kn
333303
460232
709979
149367
681616
483772
249718
105105
551993
365689
164144
36053
713554
585209
144309
304475
9333
434937
292579
505874
741184
461954
10441
475902
632238
525549
91085
531587
471917
740373
731500
706355
484551
515478
165465
311193
238990
520182
736871
369356
348963
549084
632229
269782
412870
156738
48501
743286
743252
720536
216653
432413
269109
258855
324271
334846
531089
731854
461229
520122
16130
58488
534334
494261
706676
94542
289795
431279
506829
130098
519694
561539
109087
631630
619315
124161
370055
134857
686171
75850
713956
335061
298658
605153
501991
82793
523680
133135
201858
352588
293274
466120
47517
144980
619396
50749
111164
403933
640836
405692
6076
438867
168241
523789
446429
527061
408427
469473
522665
531856
513851
253726
83753
524648
148641
610717
20716
47385
5443
518355
173946
635313
740573
377155
53454
5324
437145
408577
740494
594658
517868
510407
409140
9873
741273
593422
91393
211282
709543
518236
485489
503597
436913
368240
499264
275352
156727
507333
279836
103110
196482
519162
654744
502338
10862
514051
655476
196990
339024
654951
509414
3100
437943
487294
270055
469615
73962
584809
118394
477440
631923
19156
631814
325978
719938
389378
190722
497349
655286
125962
488007
32470
276808
344400
532921
333907
731828
106688
486548
728799
476284
743421
445386
488307
31714
248267
134296
632717
525518
91389
513646
435700
485195
363138
458973
494173
502315
464157
248114
729069
133029
435815
204773
741319
632693
558799
356416
444213
516107
10414
729163
69293
208765
369056
485471
48297
433701
208550
211079
720151
497893
569494
438993
406678
743296
474384
512683
13205
11615
419171
620525
82502
633514
598850
596660
576551
713775
12692
438994
507783
564188
430075
143674
437256
472877
70327
317243
720509
732185
434996
437609
524484
377894
731481
439548
478125
620557
289108
728790
62886
567831
433764
707401
740398
125133
468442
435557
193163
454418
430551
657058
523702
334911
434494
416090
153381
131915
269577
314543
591360
658684
5327
391860
203965
479386
520710
144287
498115
416769
47223
376289
12845
222510
109731
531752
502917
483512
514196
133421
356399
434957
515785
99195
82548
472285
372378
29725
519756
733266
475733
478199
516087
369624
502875
81848
471452
3903
597915
76111
368160
731661
489040
522891
497873
66762
480085
586423
389734
652114
530402
591671
516182
349642
481704
166204
12333
162458
607212
356285
105465
75069
311363
515266
311187
434340
199561
128548
520341
252451
352642
705431
647774
171011
459106
509707
65256
222055
436803
438723
278277
410924
255230
511915
512464
531701
82719
509780
644306
91579
741500
501898
23492
510528
507452
7910
482043
516159
75317
490789
696433
499489
472475
120873
659396
119815
126517
728984
373793
509664
502176
504609
332012
473218
714076
46440
420272
336994
130836
353176
164162
306307
271014
495656
50334
519220
528889
491861
646346
591273
158748
443077
341906
643465
499709
12102
516505
498160
647643
301463
440049
368783
77542
521461
437894
516217
398178
42547
479396
18925
5258
33470
284630
197029
649372
529948
292882
533540
208759
499941
743218
144513
567367
239154
13261
331431
113150
410316
438409
75361
476273
591085
741421
656274
655666
47649
644524
514489
527295
657312
655020
568613
514632
23439
411308
200227
443490
469944
518609
4998
430425
508644
458482
743237
407368
509523
605692
471675
239499
743317
191539
536122
492740
733031
561815
476353
555973
373857
532768
94011
203099
350899
534598
404056
58471
310429
30792
743261
22265
414480
177841
370510
448520
523829
516032
516700
435500
528803
570273
260041
594670
634680
515317
399891
274415
488171
696074
389874
226780
462341
567727
484741
282387
301419
287412
17255
480792
25362
492261
643440
645337
505136
408843
76392
145386
381058
574492
46519
654463
471200
380897
626404
580351
71040
8546
431048
654487
126280
292316
438336
743277
434253
416925
475401
656060
654803
99841
388170
528780
655684
75189
593373
267632
101307
78619
151777
725787
559426
522493
743298
654965
740414
591002
109520
591336
468254
333579
579691
3447
3439
438824
524630
4988
117060
329502
577256
145284
65756
487046
368610
482497
47061
189073
36473
83381
528051
519469
729158
465924
631504
59106
77269
498292
39429
106070
172847
387255
518417
591731
252839
591044
498143
467960
438482
147433
659565
649965
486434
737206
77254
699548
271353
37636
549913
21963
591908
148078
141496
239631
536982
584841
127610
433150
495960
480356
140443
288761
204564
655675
75372
516853
720355
446149
652183
388565
467866
23170
338207
522590
657347
553221
411490
12707
24763
643754
449098
288178
189409
302738
143212
434102
654364
595983
632184
512973
437691
655267
654634
235167
157212
444619
153458
293753
655012
193557
741281
431317
464779
656643
3459
595276
706016
155983
449585
355934
414565
653504
162877
409223
591683
655055
440544
524692
435661
632921
34341
632242
372265
534032
428027
664080
77498
310164
730768
591996
495779
252457
229641
12999
448972
446079
211594
440414
709461
520096
526711
494419
333786
440890
504096
372840
441145
719432
511801
440382
528631
194709
24212
524430
594434
438720
525607
316890
503178
372914
470882
503239
446260
278569
482660
660899
111632
181444
655498
482233
179838
189810
506759
622504
368404
514802
533855
448851
22065
260603
514220
530791
75798
381050
445512
514681
596096
172510
529631
25738
632232
194554
525134
724025
444569
250687
546286
656901
195040
155085
538103
497487
511668
125116
421608
731811
533771
282997
464912
654907
166120
654848
250632
44017
109778
15738
523215
484188
585799
396201
363137
534168
484068
637685
634632
104119
100217
262857
1892
23585
66708
590872
288798
445351
644610
504062
632166
246413
473420
433057
473109
659513
298705
485130
732708
478067
520814
613082
6217
647120
356647
741276
70312
435228
463506
150749
182625
502948
655626
350966
517888
335933
499833
469630
116237
435231
370166
572231
172685
188825
555996
508716
107153
146585
604542
106674
167115
112423
31595
475392
26229
295917
480073
656586
477315
499704
292986
111903
507162
155829
535731
59236
385998
431092
49427
116014
137154
303025
61590
740511
35828
302145
434888
90280
440896
108957
439031
270364
8375
275243
485246
406758
12084
163867
584833
555016
164595
278901
533683
653349
533050
655325
406062
271135
491626
435735
90093
193226
652825
18166
472856
659934
81934
280388
525600
585084
524280
105779
303669
102914
510989
474069
286194
655909
350364
78913
412311
10136
355927
484222
594563
515092
256398
741234
472165
124503
614080
144949
75307
77500
525196
655210
13351
74034
525210
269988
101915
513984
433702
435759
459795
415058
370379
567828
148989
510328
653495
321541
592078
533953
30011
173438
74564
133512
162025
416214
47166
656604
149037
406799
80741
500546
559718
465645
558734
435136
504370
728802
12250
517134
126688
165899
115277
31130
446255
599039
528222
525626
480815
483454
487648
302257
533336
253305
274416
282410
158870
651228
743318
741328
729079
718441
488051
584854
654441
478153
485436
591104
721946
653700
135471
491682
292925
488189
657892
524418
506458
477375
492599
201253
121025
446065
146339
21374
420559
584801
590575
529782
435948
156784
581355
532411
5009
180591
159448
268107
419463
42217
75652
59908
496982
27283
533803
420076
29724
533977
655189
524530
335034
591694
306242
183817
595053
82128
448989
336768
475565
696258
592171
294041
530003
387995
34871
443723
367854
199763
659751
18676
308613
654964
280342
301564
618732
492208
389700
436873
204947
37558
26870
53996
258563
372050
534404
301412
118351
82002
48832
75360
124696
444600
508266
47062
15243
194669
632446
26612
643497
534313
695681
726290
485104
446376
569438
659932
652312
613729
404321
444212
483616
285197
446017
731826
632317
194692
487062
529408
46850
695
194408
11638
30174
126857
306327
446320
104864
720208
470412
484500
464422
190544
19196
603111
861
497806
144941
187269
32995
27222
181159
490892
438830
654582
516808
732048
351474
169047
479122
274256
655499
730674
462475
389452
524828
517653
591003
351558
109514
632472
631951
153678
6551
546298
534450
237825
380627
567423
25338
21380
475506
59486
172928
128065
731647
535972
12956
475812
459632
500598
523664
558396
21958
330073
266175
408623
647041
7946
648668
632532
115140
437195
473470
13318
403462
281902
602765
217409
654698
382306
477162
535896
474005
313847
332382
437241
470907
476033
470728
655697
91662
246506
467210
368944
175343
497448
518614
492427
743408
596176
513053
76090
485729
472558
380277
431850
560891
349656
23262
405913
593351
533308
520943
712713
712889
513501
380857
591288
631822
632762
437009
530735
472270
343828
477789
524760
145605
708084
644004
659818
37014
138378
407918
737272
9788
93485
512934
461420
146806
683449
743259
631636
596314
77890
90458
388827
485871
585011
47546
352656
593995
73793
296031
189641
645015
471156
479069
370927
15299
632214
167750
436350
351665
1274
437060
715083
591815
97887
389311
741157
645328
268939
350927
2210
158195
567493
368353
597019
522752
592510
157351
307913
527919
740445
591947
741199
647051
281707
569831
446083
162585
516674
19977
619840
505934
36587
396358
706674
102735
533446
280951
509451
475074
647900
348915
75890
527412
264
486031
134859
136905
23172
332708
196952
570562
21611
496969
436977
256747
116471
515947
654863
491172
587755
433863
146551
660640
632294
26403
117835
446123
463059
106212
256526
27788
409137
729061
585464
249591
503709
440643
594647
31498
306769
129452
522257
74576
29595
161357
243326
534196
522057
5025
555902
632486
476454
397609
648369
12422
465433
299055
591710
723684
417549
592248
461047
89781
517821
722052
413297
194686
601274
564611
591133
591106
477155
708172
593148
651221
373778
98791
642946
372295
413812
505516
491695
390567
232021
249159
118076
464585
399810
368084
8786
254406
16529
654649
496984
633978
237658
728813
148680
369368
445826
656395
198161
719927
731317
200770
406788
445899
511703
552103
42586
99962
99724
371723
61812
399800
130692
433573
47125
143102
632465
469820
591652
643655
78019
159492
505104
374596
648394
379191
108973
479226
600086
443831
162852
9534
162200
288658
595933
523443
255935
443750
511848
514581
286192
498173
545950
303787
268849
292549
132642
513430
591976
665751
1787
443891
193566
24119
529925
518750
374485
527119
44817
435166
128848
495984
709327
147492
534398
731911
286233
6396
73799
657656
127486
731417
520819
244139
659413
449909
448872
216226
504003
421194
584775
16229
656790
535297
21509
516220
592207
533709
231942
426296
356626
464391
476930
459149
134602
567502
508829
108332
304376
558314
655643
461361
584790
659656
444450
463045
101807
731996
149185
56729
731505
370410
557425
707916
643702
463439
526879
9754
74368
504281
46707
478429
352768
306764
127496
23406
702139
713729
729053
499960
132868
516994
157160
335239
6360
99141
126357
536535
380081
22488
106880
234282
202179
181163
523238
556063
271695
121333
29341
30954
486360
19673
460179
286073
635072
448979
160324
356719
474536
443650
7001
515154
740446
26770
171458
500775
438953
437638
743244
78948
518084
654588
433700
494622
743231
438918
71787
446357
444389
743227
522699
514227
591803
502829
709795
567572
117852
421509
584863
47232
659274
654410
98594
431307
513267
490795
301404
198416
13225
584242
409412
134885
380271
644719
435103
410596
208854
655399
404183
274267
462270
411847
406861
22824
657490
495728
657273
11747
432699
524910
438712
471991
119882
634882
22399
465213
487564
659807
464416
397978
503222
516157
76364
470277
475387
642676
32763
709878
524750
183684
368542
257761
107812
504352
149443
175534
534377
591038
518250
388613
587979
573018
644504
358997
507866
591329
709373
472737
726012
431668
4817
464622
743236
654957
743270
406423
26232
353022
79347
703025
6638
591140
691061
258429
121432
631823
82098
8015
567571
632918
9216
434961
349096
516617
508738
437385
478465
658169
524161
431400
523004
529517
275865
334707
500333
523855
443379
431550
497816
600545
530685
370503
40582
374588
194121
654718
19385
374043
445030
473254
655331
534339
485434
515329
474711
179565
69855
406683
494557
463375
79101
10697
632244
493639
433442
433300
405880
407983
659606
500156
547172
497520
591918
117929
496684
422113
28608
645481
339453
213050
495989
460
59504
507433
570770
200100
184492
731827
146317
743449
632255
7744
370312
435277
706889
8036
271383
178357
696360
356366
459691
356331
595234
548197
127126
496572
519749
719906
92308
676605
514468
486542
533566
2722
16426
135554
461329
409210
182885
636624
591162
389638
108029
369373
507680
435479
475896
741420
577202
446414
519385
715040
5710
293970
596572
445893
398111
468426
518595
61438
184211
721234
632447
213642
432996
518249
741364
6838
269665
104305
530823
369581
522885
221847
654611
489051
659516
597656
654567
535192
184523
591518
575782
654812
7193
355950
369123
632807
187946
485449
171626
470316
520414
641872
475382
518119
497443
404423
291533
462598
565725
8859
591680
418175
494337
505545
125898
434418
592313
127403
34576
474018
155742
443061
637001
5062
124299
77100
76917
11614
500067
21187
347535
573495
14248
401929
113874
125867
502773
438227
643472
437585
474978
402200
133916
463295
740440
408903
476432
371045
44693
520259
493791
481181
558180
484195
491988
380887
525529
743409
478289
743328
26410
512867
491912
603842
436854
743264
534516
740628
146735
12970
173001
369039
656507
164410
592566
482301
134587
48353
44424
180408
509083
469376
631635
591605
489824
152774
289123
421848
584744
405942
284217
409834
7037
103183
743378
258798
731853
743285
534169
535319
237480
276315
167496
264208
493796
643683
351475
368433
143046
631580
471162
428446
158237
520189
86905
442199
546407
416139
559428
131673
643565
535804
185774
743253
146559
181301
533526
659432
655006
46679
75615
528335
460978
421150
298863
515598
702010
414396
597755
435981
435933
323489
467751
481720
593920
480506
189075
712767
632066
568247
386684
369168
231829
334603
288741
716549
82482
321653
429
506415
551713
657729
741492
50098
597810
172602
521973
412019
300701
535298
522572
299315
509791
388236
705618
522819
435052
531785
731605
6906
77873
179309
475125
436439
377783
408073
253146
22146
256301
194148
555989
46616
415478
444986
523080
181112
379972
2563
740522
411472
387208
538286
481545
554829
521809
534189
270
483494
643464
131226
512932
104223
655277
533725
192326
370299
528572
654705
525232
514685
171825
155097
591198
234898
655671
654709
380133
518460
213394
517820
741316
180946
743316
720376
721414
369755
533551
274402
36959
533282
193118
586788
495138
410810
2128
558476
529244
632729
33719
406787
112556
193115
7972
117136
518774
115617
591311
658427
58992
647079
183428
602528
433670
529862
655734
371594
517232
494549
481133
3068
180141
514036
334726
655320
519574
418198
529798
131306
12341
42400
14317
506357
100057
598540
374127
169611
410180
659442
515475
57079
563491
495039
46884
741408
708114
26837
158460
191346
480116
496323
20013
644384
656208
418093
714330
631654
643813
705480
517262
40919
499042
370770
406703
191334
445052
248746
498548
522615
75277
156832
153412
567342
600825
521800
743352
484138
11125
525017
741413
555915
368563
308171
130746
558296
525485
444200
286173
631725
476209
79088
103555
131151
24701
279806
719335
302742
510078
293560
484950
8769
438683
534616
518773
492516
502876
97270
503510
240770
514242
522373
707712
104925
79361
350209
414362
368307
381072
108614
150725
435512
654849
501853
461819
656547
200022
741292
284284
126248
522997
568788
282855
530597
337696
355983
547697
293798
441550
511504
83636
513734
534255
7296
482017
741156
548088
469386
408061
122061
686754
371856
480311
82028
526902
474584
655143
195667
523045
201978
461722
515634
532824
518475
445403
79387
731843
731398
5345
591504
567438
405156
24258
508725
222802
143728
479766
282326
355177
731928
679580
406557
170131
591347
144447
369519
16349
515415
731875
743412
262480
189920
512461
397638
145575
731866
300141
333823
732591
198998
544586
743377
412836
654572
726467
213198
270043
227253
191734
239666
514063
150580
397705
63788
435039
743370
495710
496068
494406
435755
655046
525462
461300
522895
372123
202011
591922
30258
474116
211511
441664
516543
396530
382212
28540
726365
376933
432862
280378
373941
144795
135997
654589
654599
205558
374023
127951
372616
472838
115474
333427
535011
367842
124147
159306
593075
3260
76224
369089
436383
594634
529172
510375
79299
77768
596164
140452
123464
50308
531168
30977
201446
374221
220594
108371
512144
132989
720494
709967
468410
46864
434081
454534
272259
643801
585540
191987
13024
561514
508423
318547
56782
40510
377360
494997
355750
567453
46700
310482
300887
368551
604915
533624
651204
44439
654652
569017
643085
197644
431471
432706
525977
8102
236774
79081
75256
523442
740639
76394
61271
44780
181300
521926
271742
59719
22109
655688
655750
513885
654808
478854
465761
388733
743265
490765
182215
274772
505339
13308
548187
500842
47629
591934
503022
489786
183850
1063
441378
40808
22584
435711
437156
502793
517517
39925
128959
21550
153961
370408
482573
515016
442344
32942
443258
106909
371249
434989
368626
75643
76884
512607
590919
6909
225661
555886
517034
130652
602757
527105
212838
11110
129955
515544
597349
515515
469116
601591
187569
35052
632527
555992
406392
414418
437174
708268
149252
557097
483873
632642
443731
47668
556296
46894
102798
444279
467824
244940
516341
462680
477
487143
713609
732118
157378
44647
280387
7879
136885
282177
107003
380138
355643
488143
127792
12929
515542
307835
465490
500643
353013
308122
99472
437755
472437
495918
655519
291196
533887
515369
458313
511316
280130
269764
135646
315369
227777
533898
729080
27184
309763
208358
643454
518346
506276
643780
646604
514806
16064
134623
409226
269211
350475
471234
515840
420036
283749
78989
728777
511138
632767
483305
297389
491351
644125
477028
631639
654814
533710
406515
382865
597664
459035
198365
461610
49075
580539
530053
593973
304253
301804
232532
553497
476041
18442
121283
20158
5836
714231
460317
501778
483329
446425
458312
433668
369761
172982
162659
440025
69504
21861
49367
192619
584858
591594
437075
725151
657374
252967
655680
441926
6891
370140
28020
528305
126712
152173
176227
434875
470477
179522
736903
491336
270437
584909
582993
105016
146161
523360
42644
656461
195060
440401
41502
458365
258209
109439
444743
148074
740597
435290
444724
532277
482976
436098
370267
180877
517670
116486
646490
12253
715653
506216
111539
124951
534770
142442
50732
740360
156171
658702
708182
186649
740577
292472
421245
44685
731729
491234
445892
507669
714400
535711
597434
164419
567498
370422
567943
197043
513343
406050
655213
516539
406534
696631
446675
184298
418533
403171
373938
308074
191046
27183
577775
603118
4900
558351
25313
643537
282376
808
289092
331491
516075
410231
6846
352591
81964
241575
514435
709192
64691
148559
379386
125119
348979
443031
445489
657271
473847
627452
437040
721586
499839
486502
227656
324844
529400
29802
655593
501203
821
603858
169358
173724
108080
283402
591838
471405
100043
743224
720023
472010
467284
79170
653135
713981
432424
655407
522090
468702
632456
439370
731569
483209
642715
597715
479602
495250
477003
743238
530653
708017
636359
633601
167700
480848
133321
508958
436617
501561
82316
555927
374503
351215
499725
654750
654581
352243
13680
8033
503911
491148
286221
330384
428360
546396
401954
64016
506815
494312
591582
716652
531713
570362
519909
592290
59757
435947
704031
98170
570791
644056
590972
504620
113876
481569
433732
357128
731539
106650
655702
654838
654439
469809
529038
533291
531176
434993
468140
517601
131269
187667
533437
653258
7277
615131
481927
502775
323562
356467
517356
591768
513578
522110
5719
153934
382202
209151
471975
535586
12813
310545
372000
232543
552649
515517
13034
521530
272011
515048
585374
48642
655988
727543
8578
83465
371987
49143
9597
130491
75275
76480
501728
203691
705699
507755
525063
443976
307720
115467
529353
47261
439152
577281
356224
632236
173878
442378
282670
6834
740376
461389
447011
146668
473286
741171
481860
12286
444329
740399
177576
106511
517249
221497
280990
27267
446270
462033
85962
502528
371078
410406
513520
596982
389996
731743
506652
709609
728944
647419
743425
713663
524453
471818
504237
457407
433656
510324
75117
95120
719980
469254
197320
17118
654473
284244
517717
404186
465521
733072
592269
73769
238303
79276
120
356270
591156
356545
494567
76561
459211
741158
521487
462323
447794
32309
435274
591481
464472
741308
627409
43670
207776
605143
472119
221889
436186
593171
87752
5086
190983
454528
519659
666524
567501
567688
446315
180346
530687
432984
166539
191215
91626
709545
302051
210586
271270
517155
494977
368884
498187
44402
502511
433203
558463
208544
535735
481918
520102
549751
467192
464572
166011
199487
531388
715543
159201
407926
168132
436939
439381
24135
494614
705692
10846
476018
302903
655369
631856
161276
595201
436657
24587
21422
741180
59138
473450
352962
503743
498313
334713
195642
199625
108530
709066
470479
129673
727648
432562
81907
514116
656600
172865
435741
483239
487510
558513
476402
530381
74471
119014
18103
459120
531064
444969
532786
25292
497183
234074
146804
59159
269944
570274
485262
654609
519818
546271
628599
282901
329327
594331
438064
48348
529677
146100
31712
513861
391481
523835
171426
477547
350265
133892
514870
343522
200063
134688
193583
520070
134665
474206
602015
31819
468972
79335
507769
632415
140309
726435
49117
709356
309467
643658
533939
91791
48950
644326
505337
733403
473087
371642
26593
439145
208093
659493
645427
656683
390736
292737
370145
123198
659621
145404
586650
513609
309090
345849
590900
29169
438709
648434
106185
90061
741204
169875
158932
46578
94499
496139
591185
475663
502244
511175
379548
518374
234249
493804
702907
396740
505806
12967
743397
98541
515283
481836
523852
657163
164324
586219
2430
657060
522378
520463
510402
309288
435369
46720
173030
741365
712718
502
595391
655824
433540
462915
432976
55682
499108
594171
586174
205326
368046
195799
591530
731888
47367
502756
370834
288981
449296
481022
388654
286261
307836
732626
596607
513491
518267
508545
658676
513954
20142
459858
423348
76253
11782
416735
30385
94229
194609
158174
302669
648086
387011
213389
7884
265174
591633
741190
532399
446588
660757
520494
487175
655150
420541
190384
524464
497159
529449
475334
594708
300624
522863
726270
114246
503716
564533
654773
45002
699301
435621
728857
279580
714749
173679
193133
484363
124156
524488
517228
3426
21239
88045
170053
521651
370703
446240
465413
644863
555970
532632
369557
740413
156540
302408
732022
431173
446852
12319
432822
97316
700839
529272
743230
89029
654740
159195
753
348411
496530
2171
442781
479693
17719
12723
480653
695185
48499
571177
169815
429608
643005
440168
200943
168950
243994
335413
59332
595158
509909
500756
652273
356096
22920
730098
474436
470311
26441
19718
61430
498543
703237
63236
72222
248785
134084
36958
524920
126667
514423
390729
83722
435295
136102
431101
655170
519557
525146
7036
502328
656271
632707
34851
591463
655177
591698
535734
504545
187763
529438
464734
97997
126941
74405
501023
500916
502458
518198
408515
594838
411480
659384
483564
511425
130759
632531
166017
493309
632833
158688
180711
644352
406300
522684
477083
492407
468026
42806
438782
143434
443894
481307
654933
369052
152009
8453
99819
643030
153952
455955
19987
654944
468091
708076
518530
523262
741411
404802
724212
350268
567758
159556
654552
516978
593159
567679
438311
508284
459095
381219
655713
591358
510635
279061
301685
645295
516966
487994
741218
205163
297304
515364
529846
31053
75659
462492
283322
220864
80305
652334
296776
48513
743479
601513
713611
282204
443881
66170
3887
369438
512732
7023
232194
469879
134974
705517
645028
590928
590886
68714
645410
658751
508835
709671
75813
591069
380372
148766
191518
430849
77422
386390
48706
288940
25391
713641
80343
357637
731388
283014
425769
465295
279669
482873
654850
349955
700632
164578
445803
388004
743235
523438
23956
507475
523332
728862
659850
618145
602900
655142
592081
387207
132342
92033
370937
405925
62314
592456
405610
632200
445733
713564
87295
23245
595553
700576
409965
514297
732570
409934
524599
5912
659236
482587
260855
181046
271643
409989
371344
288800
100878
719465
500047
313247
530940
381189
491577
369522
109590
47209
740377
186810
224008
32374
17860
187284
149540
165195
584881
8395
15961
515417
446271
505004
590970
558528
449291
593942
485380
463936
515855
25601
709366
532019
88297
476525
743319
124638
484371
301654
744
471040
595333
743372
645317
156527
80919
449009
516173
465337
654529
534338
262823
591675
179986
51891
248472
406708
526630
124027
445775
555731
517937
416998
98117
652441
276925
108112
320368
585206
446427
280695
435215
96322
356061
6686
114412
515867
494738
483635
89690
584782
471851
532082
743248
252549
503666
631744
40735
436973
741501
205392
137427
731660
632264
288034
23388
477892
14745
364980
731909
75639
356630
696211
498178
554831
10056
380973
502127
372679
54941
48589
731917
643864
370963
181368
618526
503787
656185
274329
25597
514373
277721
15200
709320
533878
293971
563205
723477
520094
627078
655056
37288
485518
599470
741422
369068
518200
632121
372003
590876
592473
515617
475629
374446
500375
591395
231883
8526
593923
195471
279245
512963
327736
520205
288229
658575
433269
163776
474914
352677
480218
161000
567968
293629
470369
240845
308710
26704
517603
715623
388739
655772
6651
709550
175414
532296
9857
743263
317304
727344
591095
432945
631614
659383
388034
311609
506222
235069
367690
250429
255932
351875
469244
588202
43834
524688
657315
520087
522472
655057
516077
505033
524498
413801
516155
541894
283828
400295
517729
9527
460217
581171
727607
29464
268742
654824
349283
647659
292078
133379
235331
443661
713173
594912
508999
74565
557709
433901
368264
467125
435126
412484
654792
652307
5462
110675
489336
532363
22410
489988
517987
520973
652741
603732
484242
75864
406096
80624
516632
189585
151134
731646
370555
459070
132966
153310
567336
104672
730889
630181
702189
591836
605388
390594
149894
483784
648448
706828
462729
397729
462693
469022
80986
502915
271044
478407
603093
120319
732599
9589
514843
120759
72901
507910
534590
497575
470233
496535
445868
372286
28491
55047
353163
48924
530749
363492
644000
86320
371889
13982
728838
526754
97858
501200
483924
3352
546261
144197
443789
454713
519693
356578
471528
514199
6917
272251
713131
444332
654350
464985
475472
335079
78788
520207
355606
644633
514071
443577
273397
613417
369920
155017
158427
524741
567717
514516
12451
406917
516777
17250
597035
441488
20521
743407
525238
130293
484738
731825
69749
643560
150651
147361
643580
709471
95243
273330
440829
136309
213666
567419
149239
6799
279696
721470
497822
467740
414648
312592
531561
508848
200804
597122
598100
533770
533474
460355
525205
743254
151761
718510
496279
533573
712685
118554
462998
83383
274337
128824
131570
707614
593430
643600
372082
515951
129261
534293
168073
372031
522666
525088
412707
34906
700188
565319
731593
523463
485557
190028
24167
513244
476365
396644
656702
655292
511251
505652
475656
732579
621695
188553
284491
696684
27935
509258
159130
706793
743268
522351
475538
659439
488827
368527
505735
136901
75438
633631
120658
194766
173034
370725
567619
283652
444356
263671
211602
517949
430299
101949
381256
508010
407709
600940
220971
22867
592121
408614
654762
371698
743356
116250
631742
643357
50425
508623
707753
104613
444403
474010
45056
523968
445503
371372
562227
475525
26904
191213
368592
607928
727669
32984
740452
594287
516830
731668
740503
16059
435004
477866
279583
503389
719466
523299
15535
14945
62661
121870
594084
596704
592262
280741
472471
517860
469018
515164
440497
120483
591760
7353
77318
31474
24643
654465
518525
370487
555985
491060
416216
432121
487774
404568
523899
190495
201034
438877
444982
42146
414489
131555
499984
460996
740619
43619
310645
496255
148767
104637
561770
128067
408528
98259
514495
132760
511265
643526
419997
173202
48029
442609
526728
523309
119177
654809
592038
605775
591221
437855
446194
731519
132858
460693
643802
147381
23581
720653
436161
242458
466987
466662
731633
606916
591078
518464
47357
188634
473163
529178
13262
96852
487561
514284
62275
368226
356377
405410
528423
187861
743232
631672
647056
434947
172550
480055
522555
463613
743222
654866
517033
480454
211800
659437
408355
526521
78888
159863
412587
87889
486285
511386
464419
433213
120790
567725
505059
729204
55777
369614
675564
592347
76704
122927
519993
135763
387623
435761
260750
654922
31431
506603
259412
501345
374201
4096
593538
88778
135087
522350
502266
161008
507087
591664
445665
335139
525061
23248
197071
592271
23862
443874
431367
369430
159014
309641
120323
162121
417022
482730
460923
129195
435013
743437
24598
188882
202672
504820
593187
165859
659395
124246
231029
458401
117853
58351
181272
272062
414809
243564
655301
248437
555910
82916
20107
466775
153863
168799
46453
532091
487562
436121
520937
246112
743295
22393
397800
356572
152385
396178
335163
455493
26670
49421
511951
587231
514474
27021
654869
207459
463041
443852
146602
410889
413133
478588
522357
29698
470654
212957
289271
434864
95835
743243
57692
148909
444179
476636
617449
696657
124366
515094
532755
83313
578109
591375
273621
494186
177766
743371
650158
432485
491440
482087
632161
313544
471933
213061
205427
654646
413047
266782
171939
283734
265018
468840
657542
534330
209989
478930
304682
31082
593379
198072
460078
579828
741167
151220
594504
502914
436505
143766
93836
743416
481852
598862
524214
445129
531550
41086
154163
437376
132225
654356
601055
446559
46627
706276
151787
404706
528834
189445
103315
434966
149387
509447
657336
619593
645802
101364
527748
476399
463569
298990
492445
509718
175218
633703
45719
59368
371914
304613
301431
152536
4082
731754
480876
486228
443134
187635
368157
469331
56663
38034
213087
323308
180919
65735
487325
495471
720197
435771
146542
335918
75694
405590
28988
81073
295449
426359
356076
461787
112873
463964
388927
4859
468478
659256
489615
497692
371563
612814
35758
524871
378901
259305
371977
12449
593974
592322
375051
367656
420757
333738
633165
210367
591250
17267
377090
660056
310231
526441
437379
468878
730643
369017
596514
460960
437957
729196
516034
743280
501140
743393
741182
301540
632578
500165
173859
528519
713245
368281
3873
459391
144527
282998
659409
524195
741282
792
171695
647068
465885
271667
138211
501012
89890
208681
490347
924
367437
306691
411925
530941
720108
730806
118118
16184
408233
557609
420529
264482
284208
591212
193725
534345
540696
371680
470804
122337
435120
642842
333297
709218
118918
79402
116935
571466
224764
511477
206770
434255
29189
128199
132660
741249
731932
93338
374458
47099
458917
643961
418581
279819
110702
479808
243678
436687
654351
519601
195403
528763
21016
421622
50382
335391
391781
520740
288010
495230
459940
479451
180909
292265
508480
514840
8360
743260
334684
288954
237856
592209
378813
528382
468186
653262
584830
584884
25674
210532
507290
153088
608111
467524
134183
432752
16003
608380
516746
170205
461379
510409
152978
432574
35524
376046
>un
695965
714909
740613
705958
706088
696658
444781
596785
657012
723529
368518
518961
686262
594069
48903
659414
585048
597159
659637
693841
644748
546523
594695
644952
98445
606178
741209
729023
659382
596880
705660
653430
596972
519738
714413
43133
520804
659617
679283
734875
488624
595500
594980
551111
659310
224015
725336
659577
713738
659609
661503
715779
649302
657588
533222
449238
659777
731601
696093
653836
737258
600488
713582
702075
575922
714955
659491
254117
707006
720502
696354
80714
659556
656089
587484
730816
743426
718605
427107
659400
130138
332123
551137
633635
731871
596876
659468
523470
643514
633993
597222
592518
732611
590899
706997
659620
611057
657833
659449
37445
731848
48787
346566
659610
713211
732989
720449
708878
586141
732285
49124
743381
659454
128434
707173
703167
659632
574978
515376
648713
714554
435667
741513
597201
176376
658110
643653
53997
517557
479342
714525
593517
728317
695426
718479
594374
723997
644924
680550
593035
21375
678766
501239
710466
604968
594555
731962
713833
78592
740935
566458
708256
547601
659292
712952
250009
604686
539444
720503
713927
654881
659638
595245
550070
291587
659467
593661
597496
528312
594986
644671
707230
22302
699361
659838
659514
386421
709478
597161
592747
659604
698104
708120
702475
731820
596108
655371
596998
716096
732146
585854
714198
741493
743480
714046
594773
708275
657232
493362
700728
732230
438937
706312
7753
699851
708361
714439
434284
659448
655122
714498
464217
646603
594273
671672
659397
699564
528628
655314
597011
705695
594749
720000
574286
713655
713728
679503
659428
663896
659277
332132
594103
741508
563089
349207
732665
659045
595209
600029
720205
600844
713099
741275
374278
713989
714055
705700
713819
659564
741490
659302
740911
594144
743463
437153
193132
706143
732398
466291
645916
743219
740741
731953
633308
659655
656950
605083
655589
714386
594846
157818
40183
559765
407358
48372
596326
445436
659566
719936
46473
664480
652533
7200
726725
709970
458607
708274
722484
351851
370475
732604
713765
633059
301898
593376
46772
593005
708278
633603
713740
709480
708811
593576
658049
712787
712780
633625
594784
561756
708287
702472
659603
593838
712810
712776
712578
659288
471461
594309
530412
93832
708063
503001
732634
718427
659412
712842
708592
659639
573828
605155
3353
714174
722394
658972
720506
737452
611451
659105
560757
702386
713053
566162
560093
732645
44677
593087
731897
577323
550817
598003
213541
732247
659303
561268
659281
657782
716899
638426
560510
653622
712794
148383
659554
712963
477784
596776
719336
732637
708066
644697
700437
729213
46756
710001
659619
594106
731744
430300
83293
652524
659640
701436
533323
46730
712669
372667
659615
730598
699563
713014
732595
633604
732575
659578
129051
593881
659250
604154
712882
569099
290550
638142
656058
720113
596377
723672
731626
713429
633645
633609
654689
597072
594100
594424
633204
656622
591774
659503
708272
708459
714856
594230
732588
649202
514216
644747
597332
593853
656246
47312
700699
18768
568059
48021
413123
659623
463996
659361
656193
52931
386939
368733
713638
288880
591107
732614
659287
659567
706131
658849
408371
473761
556108
46506
574170
655340
448226
705738
603894
700137
659463
47037
700679
656771
714878
720467
293736
735650
693843
659294
713387
633708
48447
596168
397530
713817
13281
49132
732707
720507
733521
659599
148105
732066
449945
530359
633385
560749
519783
729201
716039
729208
700917
658336
714910
527860
658919
625304
560672
657836
590987
659376
401218
741111
708897
643148
709788
47189
197922
638111
714301
732612
743340
572690
707396
656122
707751
597027
596842
743465
732605
731742
732265
708492
713907
597020
731815
657309
714318
644923
648542
714911
659457
596503
712750
709446
734807
417630
659103
596692
731787
45117
7917
248158
48729
659391
659555
653858
518032
477495
579401
608624
592392
594267
619193
706666
737319
577804
715875
728191
657105
659430
709586
162430
592880
592129
571337
475319
715073
659371
700372
646953
276976
458609
732602
607023
701879
706428
732384
732580
656725
547396
659583
555240
593435
191911
709976
48584
720884
655756
732617
659561
659293
705547
713944
595728
715735
706942
567530
595186
740809
696422
714006
700831
633120
536846
573865
563560
732608
700350
374097
730919
701247
659974
592057
709987
711689
712586
659418
500972
436298
597014
655480
714906
703444
714901
740742
721132
592595
173381
732508
708848
38218
707205
597044
596976
706899
518301
714487
743484
655252
71912
586700
7572
659244
594910
528585
705247
714620
597123
659420
659405
714410
721062
107418
659462
602792
659473
593861
727691
469971
659392
375762
597436
596929
660622
713753
6790
712759
659646
743494
172028
571820
659434
712799
536537
603683
735826
732603
602832
592679
713634
655024
597139
599600
659591
712773
601256
659582
596973
642540
676737
592198
706436
596814
732691
113912
709835
592564
648496
733615
642990
708270
699556
554471
596928
597151
643727
148340
709978
596885
657942
714913
659486
730918
58593
597195
563501
732616
715132
44609
133352
636676
741333
658717
413238
568267
50787
13742
682303
455715
707012
741007
669780
723245
720359
276523
719719
593959
722249
656051
693667
714873
732609
561775
706982
711079
697228
370287
719479
658263
680106
706874
438801
659385
705546
706216
700004
633449
732214
185489
633639
464595
729190
656868
597045
659367
444955
709969
659597
708498
740375
143441
659251
389906
44650
604006
535891
595085
694262
521817
659411
659378
567539
592464
721950
647016
659436
427236
527515
699316
732296
712686
695621
657751
659283
512211
720485
721569
699486
593461
706903
705597
657070
592561
634568
707507
597367
714220
732050
714865
597612
654763
729247
707838
659380
563050
654664
708801
596933
701723
732633
705873
741491
732052
523912
597025
731873
563359
644026
247150
732267
597002
656608
659586
93963
49127
730839
571717
636202
195058
632435
597223
707326
633241
659553
714529
737060
633610
708249
355253
705797
46669
587722
706460
279472
660692
667635
712632
511837
27996
668596
269895
712717
708630
657276
720542
673010
694015
593318
659634
696660
582211
47068
714415
460717
171984
719338
714342
732638
705696
707820
597168
648504
732073
555099
595847
659485
583688
653392
720456
567917
642492
715916
731689
659284
49053
185701
596142
48803
116142
597147
713684
45091
718733
694978
702476
161220
597192
559827
730773
209587
700042
491779
476320
584939
656084
656767
50319
705680
732671
659631
44877
27705
643648
708215
714924
732001
728847
658957
709764
596383
697653
653312
670507
731423
420459
724048
104091
386102
721282
729026
659417
658714
27151
597017
717035
520703
99528
520477
653506
593173
731916
513522
706512
565253
732087
659492
659394
659379
659445
310781
633613
543461
647791
557938
712894
659431
543561
596944
713725
732632
4290
656304
741499
743290
659458
696712
599991
633575
702164
632891
168162
655101
46839
713864
732598
736991
703692
606423
712955
708431
656459
594184
731573
700097
656426
706412
659404
712926
707005
120633
713895
707593
655187
596971
700832
159799
702470
654974
715190
125166
659471
696702
596870
594902
659389
633154
530171
595378
706294
710688
134830
720101
690467
699554
449026
705934
555895
695627
159699
597167
27371
705705
659469
648700
659472
378808
699795
719698
597488
659484
595177
