>id 1234|Hs|cgap|||pituitary gland|||tissue
>part
>ku
>uu
735006
445100
375170
538320
635919
672155
566506
649658
>kn
184720
643497
406423
75227
191164
301419
726290
695681
497469
11042
654817
518475
365689
5662
490224
381219
474010
211463
290243
632120
431048
424484
187657
523004
292316
594287
75659
111577
495349
75782
433839
722260
435342
643588
180414
8578
708096
117169
524390
705517
76480
190334
77318
270753
441072
150580
351558
632236
8944
74375
289795
45107
496684
482497
146668
515111
465849
441664
644628
460109
30956
326387
279877
467634
481542
500598
437178
517145
516450
601562
370895
7744
417795
618145
290758
119177
512815
92033
522665
471818
77254
644153
83753
6191
632200
271353
197320
719906
153299
553723
654473
319247
75243
741169
524599
515053
246506
590956
510407
31439
524219
122523
9873
591156
446149
494691
505905
521487
585540
463320
596572
520943
632184
517216
187772
460336
604915
731476
118631
279836
22111
721234
592591
654634
311100
567582
505004
515162
21639
149983
104305
25601
105379
476358
173464
509414
315137
535192
520348
518731
527973
179986
369123
171626
124027
485871
119598
288959
486189
519873
279257
520102
474737
278573
165724
522640
647822
125898
446427
514208
489873
743250
127403
723297
350927
460923
516807
333786
184736
9728
125113
435700
435255
89655
368626
55847
467279
150793
471851
503178
507584
128060
352962
6314
278569
511743
533273
515515
144835
194756
90073
591451
25425
227489
485471
75890
533855
586663
517817
20107
15744
24956
483239
517419
203910
514220
498569
467408
331141
516341
513661
662152
532786
447458
209113
534773
2257
517307
741153
380138
356572
632232
355643
525134
257008
433863
477352
724025
97616
456557
514474
373498
519818
421608
247280
513926
410889
651219
27059
436550
741473
477547
523215
564847
632865
476636
200063
632326
712598
592473
100217
468442
671900
631657
27184
343244
13781
370024
293653
193163
327736
531581
277677
495229
643658
461047
8004
149305
133469
726477
222510
350194
129798
6434
173524
713579
98791
78601
53066
12109
544577
372378
25892
556006
288741
96996
436505
254406
524214
728813
146585
234249
91531
505806
597664
740420
567431
743301
532359
277704
542050
26229
535464
723254
292986
512492
283743
437388
433951
475125
151218
399800
522520
446445
378836
708190
632465
160565
517969
108969
515254
465542
352671
607212
9527
614517
740473
77961
169330
488478
529592
130719
654602
178551
49367
29665
663312
690634
515371
286192
514581
632709
522506
101891
109051
106876
298280
489988
731393
521912
656073
213389
502659
511915
516632
520640
146161
474069
343571
233950
58785
703306
490789
465374
514590
448872
84136
256398
699301
524815
38972
515550
513313
433439
292493
119815
533709
20930
534770
20848
522992
120319
517148
502770
5268
108332
372286
496535
665686
642877
513071
512756
651512
48924
177193
371889
728838
268530
487341
171501
514199
516874
352768
713131
609336
516539
335079
355606
522087
308074
282998
716464
293236
713729
168950
610830
233952
255093
559412
517293
483454
437043
509736
189772
654697
723399
465808
474436
466471
551962
191334
75277
432760
525251
533122
596667
740446
631840
523009
226117
499839
529782
13495
508848
200804
354056
741412
186350
6449
631828
279806
79170
647067
655788
516604
110702
514535
30570
472409
79064
464336
207106
2178
500916
632456
368255
425091
655321
416024
336768
439312
277517
527980
592201
86724
103561
524910
520740
495230
546283
121520
92236
203099
304192
370581
645227
58471
464416
606356
743261
713535
286221
534255
488827
409230
647024
7296
632379
107812
401954
467097
592290
497867
514151
17569
25300
461379
592121
>un
479728
720248
714318
740539
671996
713740
699361
732414
644649
731722
663182
23033
706803
712829
655575
448226
718990
594580
718822
701787
568267
694013
567702
666474
594008
731606
187866
652760
632112
723424
706874
732067
664078
741178
715916
713764
703403
714620
470601
740375
706110
671868
>part
>ku
>uu
735006
445100
375170
538320
635919
672155
566506
649658
>kn
184720
406423
643497
75227
191164
695681
726290
301419
497469
11042
654817
518475
365689
5662
490224
381219
474010
211463
290243
632120
431048
424484
187657
523004
292316
594287
75659
111577
495349
433839
75782
722260
435342
643588
180414
8578
708096
117169
524390
705517
76480
190334
77318
270753
441072
150580
351558
632236
8944
74375
289795
45107
496684
482497
146668
515111
465849
441664
644628
460109
30956
326387
279877
467634
481542
500598
437178
517145
516450
601562
370895
7744
417795
618145
290758
119177
512815
92033
522665
471818
77254
644153
83753
6191
632200
271353
197320
719906
153299
553723
654473
319247
75243
741169
524599
515053
246506
590956
510407
31439
524219
122523
9873
591156
446149
494691
505905
521487
585540
463320
596572
520943
632184
517216
187772
460336
604915
731476
118631
22111
279836
721234
592591
654634
311100
567582
505004
515162
21639
149983
104305
25601
105379
476358
173464
509414
315137
535192
520348
518731
527973
179986
369123
171626
124027
485871
119598
288959
486189
519873
279257
520102
474737
278573
165724
522640
647822
125898
446427
514208
489873
743250
127403
723297
350927
460923
516807
333786
184736
9728
125113
435700
435255
89655
368626
55847
467279
150793
471851
503178
507584
128060
352962
6314
278569
511743
533273
515515
144835
194756
90073
591451
25425
227489
485471
75890
533855
586663
517817
20107
15744
24956
483239
517419
203910
514220
498569
467408
331141
516341
513661
662152
532786
447458
209113
534773
2257
517307
741153
380138
356572
632232
355643
525134
257008
433863
477352
724025
97616
456557
514474
373498
519818
421608
247280
513926
410889
651219
27059
436550
741473
477547
564847
632865
523215
476636
200063
632326
712598
592473
100217
631657
671900
468442
27184
13781
343244
370024
293653
193163
327736
531581
277677
495229
643658
461047
8004
149305
133469
726477
222510
350194
129798
6434
173524
713579
98791
78601
53066
12109
544577
372378
25892
556006
288741
96996
436505
254406
524214
728813
146585
234249
91531
505806
597664
740420
567431
743301
532359
277704
542050
26229
535464
723254
292986
512492
283743
437388
433951
475125
151218
399800
522520
446445
378836
708190
632465
160565
517969
108969
515254
465542
352671
607212
9527
614517
740473
77961
169330
488478
529592
130719
654602
178551
49367
29665
663312
690634
515371
286192
514581
632709
522506
101891
109051
106876
298280
489988
731393
521912
656073
213389
502659
511915
516632
520640
146161
474069
343571
233950
58785
703306
490789
465374
514590
448872
84136
256398
699301
524815
38972
515550
513313
433439
292493
119815
533709
20930
534770
20848
522992
120319
517148
502770
5268
108332
372286
496535
665686
642877
513071
512756
651512
48924
177193
371889
728838
268530
487341
171501
514199
516874
352768
713131
609336
516539
335079
355606
522087
308074
282998
716464
293236
713729
168950
610830
233952
255093
559412
517293
483454
437043
509736
189772
654697
723399
465808
474436
466471
551962
191334
75277
432760
525251
533122
596667
740446
631840
523009
226117
499839
529782
13495
508848
200804
354056
741412
186350
6449
631828
279806
79170
647067
655788
516604
110702
514535
30570
472409
79064
464336
207106
2178
500916
632456
368255
425091
655321
416024
336768
439312
277517
527980
592201
86724
103561
524910
520740
121520
546283
495230
92236
203099
370581
304192
58471
645227
464416
606356
743261
713535
286221
647024
409230
488827
534255
7296
632379
107812
401954
467097
592290
497867
514151
17569
25300
461379
592121
>un
479728
720248
714318
740539
671996
713740
699361
732414
644649
731722
663182
23033
706803
712829
655575
448226
718990
594580
718822
701787
568267
694013
567702
666474
594008
731606
187866
652760
632112
723424
706874
732067
664078
741178
715916
713764
703403
714620
470601
740375
706110
671868
