>id 2193|Mm|cgap|||embryonic tissue|normal||tissue
>part
>ku
135495
>uu
449774
410299
410292
447738
474966
410295
410631
410633
449385
462874
428726
410701
383664
410317
462111
405754
449783
449772
407499
462872
448602
374106
407500
364821
469023
405744
487675
483986
407502
469017
438526
410319
409362
483987
410249
438527
409366
385974
438563
410312
409365
410251
410705
483985
488044
410309
410285
409358
410268
410321
127876
410300
410297
468894
410253
410320
472444
410315
438531
410304
405735
410314
474200
410284
410316
405764
410632
449784
418368
482981
448600
428681
410307
405752
410324
407501
410697
410277
438562
410308
462875
428679
488084
449910
410318
410303
410313
410702
409364
487823
410301
410275
405763
409357
410296
472947
410698
471005
410281
409367
410302
410250
449909
405748
449770
410272
410254
410305
438529
449386
410283
410322
409359
374126
410269
410310
410323
410294
405746
438561
410252
405749
410282
410279
405745
438525
410270
448603
409363
449388
449781
410255
410306
410635
410273
409361
410280
459268
>kn
6712
265917
28689
425182
23010
263913
142843
30042
469937
257404
3074
334810
3509
258746
32800
18832
87312
312133
439890
311904
151745
23566
234502
260433
1387
389532
250617
490323
238146
246654
142822
10374
27355
330545
271296
23684
141936
220912
435190
389103
1109
6787
244748
436548
158902
260661
482104
390821
89830
171615
320978
2154
465441
331719
5831
266704
476813
439927
440156
293120
273502
279736
247473
329272
103199
241931
294951
271891
240473
319719
45044
3906
35345
3655
30849
207555
41355
35061
275831
202725
255723
440086
20047
44202
384726
132208
170515
483087
3571
87114
282092
269699
143817
276503
272870
29812
31626
323365
41998
268395
171304
248778
46742
447730
245976
490308
45767
428950
2114
44218
479526
289795
90787
275563
250703
269088
8
259121
4269
333406
41739
34359
46484
221992
153272
248906
30228
245998
33796
181836
277857
205830
111326
28540
273102
44434
24791
272336
28219
267810
198803
20437
68291
12882
76694
37829
237064
246240
22661
251303
42855
297992
290758
490261
335520
18026
2654
390807
319286
156718
282386
41977
288477
335942
293175
246119
30052
238973
239997
332452
24176
272974
311549
157648
172222
379214
28171
195451
386752
336045
7405
38173
273254
243926
319684
323925
218637
208465
2479
1
21938
294759
233173
4390
29644
4184
17166
250541
207767
249280
139607
277163
29627
3862
282751
272646
294769
16716
356059
86453
24491
122399
362118
249986
279361
22108
29070
29073
393140
19111
455818
25775
326167
73608
329277
218820
4272
19027
245867
138471
100068
336955
282560
295441
252918
29476
90218
328934
459507
489597
206919
272024
347899
192416
391007
273053
332268
329353
246551
248388
140619
254336
393311
27627
273806
292957
42829
332735
154109
210845
4930
259191
347525
4113
260153
1011
246493
433409
28847
352258
340658
436572
4139
288696
329776
33881
295670
180013
2093
258927
28650
425495
29460
322500
258491
4772
334606
123110
35413
46614
259270
206642
124685
485799
35754
3794
293117
25608
22261
1776
177551
143768
22584
378964
439776
339371
272551
244216
240490
71514
323
86564
38436
1664
22554
379101
274346
46449
467207
28212
441522
28908
391252
489698
398119
275349
295438
177724
337038
196275
487428
305816
439752
81916
23828
88512
256509
6390
28468
29914
253542
271617
329083
202715
289914
428698
6803
273333
420865
16974
11112
28270
171378
197493
389717
379733
245897
194459
26908
268903
258170
279158
204524
329655
100615
271814
181767
385009
2608
34338
193086
27063
334206
30234
464982
4880
28838
39706
10105
331964
1182
287228
12949
259542
458125
29405
486353
96211
18803
272548
311337
217787
288212
273403
26632
29586
273155
21874
46014
252009
29873
259045
7524
269474
313345
6536
4587
267998
10665
212411
36718
333849
30021
62979
310434
4189
19944
1485
99961
352239
18962
220817
314576
10815
25661
273174
254267
22701
241205
29890
330745
70666
28910
46421
19155
69751
267692
290433
439669
193040
251777
188544
268672
16925
330819
431849
27747
305750
129746
7726
262453
227361
45106
272321
474533
425
272356
29055
182094
178246
271178
389248
150831
29966
24117
249586
279805
131150
269188
21185
253902
389579
271222
490344
490273
294985
289698
441474
26783
40120
272030
325827
7329
159684
3820
436539
351688
101264
258670
272430
46488
318331
196269
475712
383180
45995
289812
291554
4342
126873
290960
100353
297482
283879
24838
9052
24356
10229
293819
392694
24255
21162
466962
20249
34319
285785
278357
9244
25125
125770
387215
389242
275095
280544
485803
470046
8569
7454
259751
930
175612
281885
40329
1318
24513
20181
336087
22218
39088
288183
259223
231450
45141
274120
42148
277668
273671
214454
29694
87611
271922
490304
221900
265806
334144
453372
200516
9593
489725
28227
440165
268094
125167
260623
27908
394427
490243
28438
440564
15918
246200
4933
130260
216217
21500
29482
66264
431589
338718
296382
119162
271770
297096
158289
269613
363404
192991
358649
206934
27259
489647
29845
260114
30056
244183
389435
21981
330408
4742
332720
18705
288949
252967
92705
28308
397069
277354
305561
41890
41265
266264
485793
25157
57734
240336
336394
212813
108054
26973
482358
226860
2815
224076
426344
37825
205601
272130
279898
378937
21814
274816
291482
249364
278221
80484
260193
333183
64579
28013
260538
277498
29773
103413
240543
41522
439724
395598
383235
236513
416924
328945
389787
337310
222
1504
27681
29714
10265
289584
407737
83981
259374
470599
22233
37541
101316
326089
36291
12654
392098
100991
266978
490372
241365
113942
154570
359004
4479
28839
34539
300281
275446
331784
307103
21529
281003
222536
34008
1791
272533
286202
6839
28265
3779
458764
2180
86267
371673
439943
205569
490270
31374
182145
415635
390347
9002
8684
311439
3896
741
1186
275289
2806
148693
283293
44876
29680
29755
291048
272475
4757
268863
331389
31607
61107
28474
4222
253061
1773
28947
260288
439976
22776
480419
439825
275934
379156
440744
278701
23825
32081
2390
60590
250552
31239
24761
2580
171490
3974
30219
180363
276109
34079
434835
21094
378993
29020
198414
29346
422907
272801
296610
258637
259653
58882
28804
24829
259614
363427
1249
38802
471223
292942
2095
261027
28393
260256
196933
195562
123366
100399
456078
44223
277699
33184
182931
41903
278997
2103
296976
389712
1104
244912
272414
321452
379086
430844
419479
276325
41191
288962
34766
291208
259907
489598
371557
227733
205190
289329
29952
290595
212066
19142
29564
29852
399624
336898
289645
248827
53259
467752
31761
303231
323087
30290
26652
23705
270961
259969
45047
27383
196598
8294
265125
234923
218473
486164
371597
2560
195898
250214
87720
266611
27348
2312
31567
259421
399042
251482
3255
285723
24044
348017
219671
140749
277582
383230
274950
271967
331051
288721
4465
290774
4283
221688
34606
340288
57286
440169
4610
30016
309707
245830
258973
139418
27372
401747
2930
378890
20169
29145
389499
6667
336563
293321
36715
336856
33167
2871
292751
288508
379159
1514
86670
35416
287977
33779
29192
597
268317
22315
246956
120475
426781
482126
39472
294783
7013
490399
324137
398371
389693
17537
168965
255858
268000
210334
205422
35911
276374
88694
23279
371585
10407
252156
193274
383472
34329
30088
483711
29495
474449
268521
24632
360391
28659
26994
34663
12468
18565
12459
476519
235663
265610
273170
29063
318259
185026
78312
226554
139314
132523
968
490290
30051
405739
6529
37642
382
171370
335292
476028
29631
7141
489783
489612
196472
489660
129
251655
202322
167882
86607
182412
17461
482105
158361
260036
405761
209856
277327
73276
168
146984
258955
141276
392436
3444
233889
1131
29866
354115
425666
10112
6952
8256
284811
1528
177520
6919
155896
28584
3064
21830
392015
32047
390865
275281
260314
427762
18845
242917
234266
29324
486378
41438
222272
440058
242072
152987
275554
3303
30072
21501
28579
263639
298875
323595
274926
290692
440209
422959
33729
272203
4071
380914
244426
41681
18210
315560
197509
332020
272989
228798
440085
28817
278578
273496
15962
273836
136648
44763
281732
23847
328928
27107
271642
289819
270186
264255
260282
427589
29517
207052
240062
360569
178424
474473
208883
319204
334313
276859
439757
241604
220984
42967
234823
185518
43871
200886
329243
30041
182944
29619
381662
28874
323997
78250
259036
228619
3360
399376
211654
247542
271759
46063
82139
297956
35094
30927
250980
278584
5114
1802
100638
391794
180337
271784
253142
142132
137966
489700
39001
236223
18626
440071
38010
1457
200783
221235
9537
261620
209491
293753
300083
787
165401
277236
378263
255150
246965
28738
258404
291109
272389
425279
258785
34797
6670
246304
150200
249363
318310
42247
227183
207311
269993
98775
208750
24332
477808
321990
297977
271944
221452
35117
330160
4593
236795
265716
7320
24402
104959
28121
27620
209880
306511
4454
236868
35084
456388
12926
3085
200859
30602
318567
391337
260576
41077
49884
28108
423029
399785
210676
25648
1763
281367
4079
383918
69
459265
18535
277958
27366
172674
379158
154358
30191
181290
426069
329658
33780
260943
427576
246967
275742
185453
259893
259903
21435
133202
286830
24540
166524
194950
236123
41063
287795
277977
276299
440177
183102
258633
449778
486340
289934
439928
288718
401062
339491
99
284462
19355
486198
296022
440281
21705
295252
151168
790
41642
290022
44854
4114
2080
30524
475652
100940
293823
22347
379454
260956
489604
28668
440206
14796
282556
197829
181490
22240
273538
283573
441054
458152
87662
33284
196532
333574
196332
379266
291135
290563
41479
220886
104919
289306
334861
269815
282743
217216
172720
154275
251593
13694
222497
234165
331779
288697
275354
2464
178524
277683
7688
221403
423019
268691
395649
125942
32002
261275
324242
182927
257449
379082
321633
29702
390685
295906
25559
289583
248237
40
237594
285620
351459
238343
21880
252776
354760
286753
180458
371692
247039
391824
486317
2044
4561
289915
335249
489668
5291
20355
28424
271897
251174
12246
330677
757
292107
36524
427321
28203
88212
91920
260504
287857
196325
234003
431239
27387
30169
28188
21444
15252
400253
266972
29801
218848
440026
228046
272253
274146
102485
28883
276386
314113
288642
224739
244512
76166
237935
25779
33831
260539
246688
4105
284863
270484
268737
29594
295124
13944
391719
161470
23693
276076
23067
22351
400954
16340
291762
6645
181824
298132
86589
188734
112632
371682
280784
310642
296303
3131
258846
486244
285351
28392
43745
393247
13886
4606
253518
12967
1948
341756
396243
23739
274843
256925
214593
153061
957
137268
490364
232728
35796
249405
23596
21297
279998
28399
390698
261226
25632
196150
161167
28989
29128
291716
282694
277408
51049
22480
181880
30085
248637
21795
104368
2998
285993
15701
253264
227258
329560
256223
28500
3488
252080
22524
18213
41447
261920
22786
86572
31586
831
310902
235885
208619
246018
292401
85410
34489
41569
347441
28536
259884
16228
9257
28852
160079
423348
38277
379375
279194
19080
29241
29786
281379
378898
2454
1222
167537
21762
253771
38055
260039
139127
200423
88349
426204
158827
1571
251013
28228
120151
490259
18630
247844
247218
251199
30068
28999
52
390409
146283
265546
1451
261453
373883
39089
10721
29652
38607
434054
3532
236127
7472
29452
279690
258051
5400
426558
153372
482140
46397
440164
41152
139675
260335
296221
274237
279580
242413
293142
30084
24790
114116
141592
43397
371601
9287
282093
341352
475909
259620
4428
278922
2018
21071
27886
29071
29373
425669
245446
288369
262021
3941
270511
25504
458004
480556
28403
300931
29742
322881
25848
389389
30249
217759
99953
25548
27915
379098
38390
271992
29855
41803
68819
18
250419
334031
1393
281714
298
342487
22723
5248
8739
45104
249555
14501
233799
216528
27557
371592
391476
249131
334775
28840
372235
27082
194450
260786
315189
276336
18522
726
246803
334789
282499
22130
219658
307455
275082
294120
212549
426637
31227
32550
391473
283802
273605
30013
153226
23267
265060
396184
289706
6967
480639
204831
198138
435
369429
29965
236454
3254
392270
206371
290704
220312
386857
21144
209750
223689
262345
316553
371610
317323
217616
293771
292016
228
209041
25856
332739
7281
28449
476840
171335
29196
276802
428652
27769
11233
102136
486425
296915
466670
5181
286892
76911
290677
228263
303924
385012
28291
219793
257557
5286
329416
28420
196884
90213
35399
253
281189
490351
389038
245395
379269
440173
10294
18474
156771
371614
258545
154136
37249
72235
260767
391577
34027
274232
23230
21399
379181
286457
7386
262547
16766
139695
259295
29431
2805
41415
222228
101141
157190
152466
1620
290975
4215
486264
447008
46656
31941
298728
127892
22264
32775
28235
21645
275304
173286
238213
25321
27592
250332
41508
290251
197552
273379
34405
291192
359831
3126
123843
298947
1583
206404
10987
24627
215860
440063
292676
390756
122725
23122
8137
278646
273350
246440
28173
1055
127156
155708
34871
332986
221609
2981
27624
100065
4266
34183
351273
288141
386758
19073
43760
29457
279781
229342
248391
260164
440021
256034
195776
31911
3118
12915
277886
7066
138792
328206
216227
452636
247203
46761
288249
289082
289630
190774
215745
389983
63342
27427
288630
1351
21848
343986
296971
21096
26612
141864
41210
33437
28366
32889
196846
4379
40796
227983
279659
38993
462108
111928
261208
30008
28144
50600
316056
154093
28816
259258
210734
3401
28876
257765
458052
2969
287163
268582
21587
178115
104491
59812
6700
490268
241489
29746
285797
2551
271775
235287
39700
391810
196045
5148
312233
32959
18892
216072
3390
30099
241387
298433
3065
283410
29719
27682
277779
389115
386774
2718
9852
458176
46016
151940
89940
279861
218284
336245
250293
263862
316306
117365
23914
33421
288719
24446
25793
28688
219685
195635
2999
276736
485781
196067
22225
291595
396734
3158
27499
28478
22085
297512
180182
309053
482420
278726
234455
41558
291758
2339
8385
136973
20918
38951
383824
98
235960
105182
25514
288974
237825
1061
41449
490342
335968
34102
390906
133263
295230
396248
2785
197816
300594
218717
207619
14825
159453
2870
59167
440180
271056
486309
132336
196538
190984
441613
371997
482287
490401
39821
3019
183042
322738
4438
219648
375091
233855
370288
262113
489674
286394
474800
252255
3810
22602
1022
485839
253335
22001
295875
271062
25307
169755
103748
328305
343319
159258
143763
5246
14455
41467
490359
1144
425294
490286
2952
21145
490339
28242
4619
36785
182962
276721
29286
381
255219
259516
906
2966
16533
331185
292208
383185
180052
490477
7319
3072
156919
273768
33870
275121
250783
473730
300271
1260
439702
87130
6250
238034
25582
225096
291279
147052
12239
34855
30211
302175
290035
288324
89579
193451
347915
397111
474706
290142
209419
314056
41593
1977
108729
284688
291708
29783
296317
245938
306026
297768
278643
3757
350037
490368
247761
4871
27897
393802
143167
13705
476867
332522
419039
3542
132634
266668
475713
260618
22596
388932
168680
130148
234700
17
31018
20000
18072
246863
33202
110
383182
159689
127560
31672
277449
34302
440105
407415
182769
254820
489605
300697
37613
202774
157351
130902
249142
290610
290530
262466
439963
14098
295533
277024
12665
329194
36148
267473
218511
204634
29778
153039
259667
24624
74084
1860
290407
383091
38155
74730
258741
44228
231395
313364
16479
28189
28520
390342
34034
49689
379272
299073
331576
458147
290341
208477
248313
313651
28375
334999
28712
181475
402190
2423
24231
41637
236067
397413
6442
188516
24425
23692
29500
14547
196475
29524
486532
29304
335386
393248
54140
25295
260084
3465
8681
265615
175989
276702
29471
322432
13145
25849
254027
32886
196173
490336
2644
371631
490293
22521
274995
22560
268356
10508
5025
3280
173813
130
237670
130227
1465
282359
28023
45602
29081
24397
260374
24174
251331
228067
490310
426212
485810
332474
455474
330487
28995
22147
28484
181488
482118
29600
245577
268003
2135
392504
301585
29182
104789
275943
386838
24042
40655
180063
31983
289866
6743
29402
439649
490411
87246
153911
30506
27343
490264
25148
148748
277871
486229
20365
194486
439919
2402
41272
273930
217312
26938
440064
390418
347
258530
283893
413275
210343
88704
272427
207432
118076
19133
319175
390895
193041
248380
39424
246674
355894
3929
22362
210405
255066
128165
9806
27548
392655
489758
45008
311948
482205
21714
246241
4965
391542
30675
214525
260733
240627
386941
42805
245027
208955
347939
270783
291624
275654
4237
442231
267377
13849
20755
186936
273724
206841
193099
16769
390480
255398
277916
260376
246432
293599
379007
258300
284505
276618
25720
17857
345385
198264
261448
27123
291731
381440
34776
43358
371615
439827
256035
277831
141197
289106
355614
273295
317557
170905
272675
166944
280199
3616
18810
275436
258204
196638
15868
284686
472719
227598
121265
4908
432071
135397
290804
309395
280175
264849
246550
41687
291326
2050
218233
29709
284649
257276
256480
5110
27578
227918
482399
10299
302287
23085
21687
270376
371544
183320
102305
273755
196618
289662
278458
289456
12481
358922
281298
46628
285453
317186
443583
29432
445088
277864
29368
196189
29954
10314
89552
43081
283283
26043
738
1775
268104
172411
182912
240871
309774
146408
21697
277897
417338
104744
287826
135110
23573
141758
489650
331565
280083
275648
109329
23809
294753
282351
379154
212991
628
158264
402393
40909
205169
228071
3059
25806
4876
277585
4834
22094
383192
444235
4538
102487
38594
47093
218698
5731
209813
227642
271950
381904
1314
29608
277409
347009
482154
196581
88216
2152
276016
62521
46701
426080
291979
21158
182359
297372
392667
37332
29660
391636
268564
272251
326799
278444
483812
18634
158231
299062
16927
23670
296008
458171
316652
35389
24350
28551
261329
267812
263169
117541
192303
319660
270139
298091
279782
261384
41702
29181
32118
150856
327442
157770
307239
29924
26940
41779
22856
490388
371546
289810
48724
440009
229287
208723
66853
205335
338476
392910
2756
9239
383276
69013
273405
386902
41760
9114
275555
461481
257590
29900
28494
27716
309520
302555
2060
61526
210403
22216
702
3981
489723
29087
4383
10699
383499
22453
12508
390859
177761
27871
25366
240299
6478
27703
43784
15622
22547
262037
275800
313619
20634
2475
409595
117874
195036
43331
150314
359982
489608
6994
53469
109600
34520
155696
440216
287740
88364
7236
271980
489653
254223
7414
8211
467412
10
260009
24591
485824
28630
386851
28853
34659
266312
36241
275841
272826
440199
298274
29830
261602
364956
390957
368668
333647
10153
250030
66
24167
2675
391967
40016
11747
21904
439784
277713
5142
138617
130883
218657
25709
28770
201859
486359
10091
482182
181689
275039
422979
284491
16525
28761
25203
440140
64911
3414
30059
233009
39738
272866
482349
292094
29847
22284
358946
332855
30043
101034
304382
12775
134191
18974
333335
459162
159965
182563
215295
237103
290937
152890
27606
335830
29496
425747
428571
101153
371730
209933
341243
118
490397
338175
331
24159
287921
294315
157426
21669
3037
240434
196220
212703
38433
351579
271071
33764
4336
89854
25527
457989
157069
140380
260900
6065
128273
439980
2395
292423
272443
259716
381553
159915
276504
168789
10182
291059
14910
26599
252695
289248
248188
481684
477738
303441
17519
270681
391246
232293
425090
245357
387835
32254
24816
289936
188432
168478
228930
329136
200907
4159
246726
6483
261972
28957
268347
392646
28298
39473
271644
2020
121549
261570
35584
290447
490262
18972
238043
69044
301020
279103
404420
28300
428062
24131
210188
280560
287157
330525
993
123211
283406
28234
24643
30464
30250
46005
20805
29599
485798
396863
388
334766
276381
269991
1845
482288
207047
259648
39293
12743
4375
2478
276155
24593
216574
3555
29098
277373
37214
3881
20827
480076
170983
7723
127692
22478
358704
214932
27660
200383
46401
220923
271578
330496
293378
153202
335754
439966
64065
1639
275526
35661
21749
246689
399941
119177
49544
427467
46777
24063
371598
426736
293263
281741
29685
237941
426706
28000
36817
52809
384918
27968
260627
335584
105652
235523
382600
379100
2344
458102
197387
41464
490455
185467
387108
262059
211275
440656
218889
212861
247037
137021
10160
29210
22501
347407
2519
284592
247788
567
2950
205266
412922
116418
45513
221038
30005
278471
27308
297440
28125
482128
486218
258065
279437
87773
277308
332398
332774
296043
24105
26696
234832
274824
89987
402384
156440
268378
424974
151293
442134
150098
272460
126534
440325
258771
301740
21950
288737
340248
208287
241109
288860
155887
291032
22417
246436
394288
3261
223946
30133
21932
154312
30239
288898
184163
485384
490289
241073
299381
381664
388529
240912
437031
291936
24244
334658
151174
392539
258508
319512
273765
30057
356653
154378
31178
219139
23662
38248
40546
230296
234608
27545
12616
227444
371570
28376
1500
18875
29194
2136
474737
25410
490338
490250
29279
222825
30118
431695
270660
386883
40331
301527
28456
270087
2238
27949
296985
213000
276063
261554
314245
27245
486257
81144
22565
22592
2388
150373
21187
156452
275428
74605
291463
143877
425976
279923
273257
29906
332967
62876
263396
226899
28357
229292
24789
251774
308296
306548
289653
25296
338275
297033
28347
307022
332320
275332
305925
195753
396537
34330
32518
45207
197728
21901
430765
436810
272394
273090
291707
490274
30066
379129
45060
30929
276572
27365
30435
247335
52111
41180
86986
2760
303386
490369
24250
258708
290166
378957
335639
250599
334680
3973
102627
24765
292487
150838
338690
17436
389540
29974
262327
20188
139926
42944
133741
24678
4011
26147
379178
274226
28626
254515
71533
1815
267359
389224
31192
235891
236443
290925
24308
29122
203949
246237
221041
41651
403486
271620
74704
268922
31946
826
439893
34775
257094
249342
240044
473239
159496
291461
283370
259021
17898
76554
25568
282039
45780
339755
207683
46679
2653
290036
10141
274180
29253
200695
156895
397307
5356
12746
6890
4449
182434
270587
196464
472101
24001
288282
203921
45725
48795
31259
43415
275910
389757
5002
440400
358714
103262
28131
251494
239814
289800
32331
289402
24742
134072
144143
290995
276826
41925
457381
426670
306789
335460
225297
27155
107180
150701
371590
259547
248353
297976
29442
24035
72124
305535
10313
153111
17851
4594
205421
384805
208991
9745
389995
3711
273082
474432
256858
274846
273804
439830
159860
38469
4653
102574
622
338021
486412
2375
320896
14798
217764
41800
9699
33935
277501
23296
36697
237085
274011
439741
20301
136366
33118
335338
29780
474382
10169
360075
148039
238455
229141
4929
103655
489651
395005
285771
249318
27344
229107
207360
128627
29317
299906
391153
6095
250424
22266
298000
39703
142095
29133
295009
489638
458023
271798
290027
99113
249695
22845
178012
291928
29681
29960
38894
27663
221440
32741
143977
196544
268548
469331
143761
27182
12051
29532
39053
246108
6979
45688
199964
335477
25119
482107
3774
18472
490299
3645
27656
103534
28354
9474
16660
389478
180410
471842
401339
347512
158700
22548
422686
27291
358708
5098
249648
330113
295330
173271
87077
18834
14775
250359
8766
3979
28877
490327
27510
22708
264096
475573
209175
247113
260791
28979
135195
30221
464229
28631
32826
287052
41271
474531
277638
236114
23758
30208
332667
299887
21184
330116
275154
30038
42234
303071
319038
25610
260737
3049
371563
268933
378901
9654
28128
296532
31236
235616
228903
230853
284594
4615
275864
6370
10600
334867
29722
393991
30151
46497
159945
181933
28646
220946
193688
455632
401332
16775
390816
260601
250641
166858
34790
475704
45125
291214
21739
28160
24601
360108
44179
27738
296860
250418
486175
154906
206054
248337
2647
240396
24254
44153
28622
214576
20387
326477
165979
3894
35693
31816
458079
297078
41674
27945
258462
165735
1782
220328
100665
432524
258431
240059
246911
28683
279751
321312
60526
1248
142348
42241
308514
174256
490347
2462
29037
29824
249479
427309
13123
221298
17949
288192
331089
253614
254663
331547
4775
29814
279863
248907
268180
440686
101586
126885
259293
30003
8911
376607
29203
281900
295565
425295
389020
28327
34533
28796
38927
219643
352945
30210
28085
80509
271854
2945
186610
22831
279195
390332
490418
133370
261064
119387
379084
25285
247138
345134
45193
379371
327319
8552
643
4341
277870
425568
142872
277406
255877
200889
81793
387587
46675
10406
249966
379345
29131
29870
231802
260925
236211
23846
24431
29176
196580
200388
427436
289471
147946
20522
21135
360232
464434
328135
41562
11434
31770
256488
192580
389959
23217
86322
29090
15694
209207
482366
12917
296240
360389
258893
253446
17757
490343
30184
292405
277464
395263
1761
276305
271878
288734
204969
34779
6856
28480
220038
29820
101191
28073
381231
247775
170002
28123
28559
220423
258985
192706
29028
271744
253836
259220
260479
>un
449786
273117
290816
465444
469020
308628
394536
436883
474579
29815
486241
401181
441664
289759
426713
338080
473489
394056
465799
459266
482644
470038
246010
391520
439999
490073
405734
436122
392333
157805
410264
439946
31752
470562
131660
328601
273196
439938
456008
335450
489873
398902
317559
34438
275762
458230
490258
471936
393109
325307
401804
475314
392336
441991
30907
333087
452096
392442
471807
440051
452416
474698
467907
449953
490282
153159
473923
391587
459032
439841
408264
439809
486339
440722
470159
18856
471190
473030
401648
449782
486038
487456
472354
397047
475770
482853
440446
473294
391188
488043
391777
446417
26897
466028
440153
458090
441852
470147
441769
486579
474894
466867
384744
455357
489919
481619
410704
359369
473210
453347
142380
314887
477097
471398
418003
339072
482299
426282
394565
361617
450438
318804
394798
458409
473038
456900
474608
432030
441281
392097
487011
490425
445160
459211
490452
296922
439781
468989
486261
473456
443487
475105
439824
458067
440513
218043
215288
444211
456686
472329
440363
298745
458030
391990
467043
478998
245513
473864
458177
440925
458212
412990
296370
437147
390445
395110
335368
394688
409278
410293
440073
445688
392803
357757
28251
392515
449952
457304
391943
311575
473839
408993
391640
470192
444060
478284
475262
353287
394167
254588
472439
458985
423048
435447
466752
398985
462046
456579
28371
275810
396268
436780
329651
486603
441209
393089
471224
432611
205224
473910
200924
442234
477913
470387
449779
486288
449771
261491
391649
33776
395886
442235
451378
391645
381360
421924
470875
458514
51340
432123
469717
426068
486253
449911
487462
395689
391601
272685
472270
480089
391834
432117
469019
440289
440079
270529
258263
422978
466733
393106
393360
465895
445192
658
471773
490635
388987
440640
389348
466819
460485
391945
470644
425861
466320
389062
103949
473427
385158
475027
371595
488085
227484
272015
472889
472534
439821
444093
474937
487674
401668
423047
473934
407496
392268
448599
458480
400698
473317
469022
448321
383217
393533
478123
479873
488634
381569
487051
21065
389332
397791
186
473848
472441
426696
319499
129387
468637
441437
439813
459532
490674
442211
372117
403972
486511
447734
383791
262053
440027
442804
438165
400790
482562
309533
441323
477616
423228
449763
490739
28311
427106
469018
392829
29221
391754
285021
453518
470831
459574
394685
433685
489975
473400
439777
470510
324279
472201
446692
462246
423418
322735
472392
29868
436827
487859
138832
436956
8940
419456
6932
326648
482733
472205
483676
472093
383283
395504
441228
483278
472215
428551
488022
470976
24641
490555
348474
473138
449387
456099
475196
470986
469021
335449
468183
473491
489798
407497
392176
474493
486341
470519
184803
392450
458226
86999
470234
458983
425436
391795
473563
473440
431845
445729
470843
380651
447735
442126
469337
472177
409700
26480
28063
455819
361788
148007
370366
440089
469160
392828
434856
426276
414815
466772
>part
>ku
135495
>uu
449774
410299
410292
447738
474966
410295
410631
410633
449385
462874
428726
410701
383664
410317
462111
405754
449783
449772
407499
462872
448602
374106
407500
364821
469023
405744
487675
483986
407502
469017
438526
410319
409362
483987
410249
438527
409366
385974
438563
410312
409365
410251
410705
483985
488044
410309
410285
409358
410268
410321
127876
410300
410297
468894
410253
410320
472444
410315
438531
410304
405735
410314
474200
410284
410316
405764
410632
449784
418368
482981
448600
428681
410307
405752
410324
407501
410697
410277
438562
410308
462875
428679
488084
449910
410318
410303
410313
410702
409364
487823
410301
410275
405763
409357
410296
472947
410698
471005
410281
409367
410302
410250
449909
405748
449770
410272
410254
410305
438529
449386
410283
410322
409359
374126
410269
410310
410323
410294
405746
438561
410252
405749
410282
410279
405745
438525
410270
448603
409363
449388
449781
410255
410306
410635
410273
409361
410280
459268
>kn
265917
6712
28689
263913
23010
425182
142843
334810
3074
257404
469937
30042
32800
258746
3509
18832
312133
87312
439890
311904
260433
234502
23566
151745
250617
389532
1387
238146
490323
27355
10374
142822
246654
330545
271296
23684
220912
141936
389103
435190
1109
244748
6787
436548
482104
260661
158902
390821
89830
171615
320978
2154
331719
465441
5831
439927
476813
266704
440156
293120
273502
279736
247473
241931
103199
329272
294951
271891
240473
45044
319719
3906
35345
3655
30849
207555
41355
202725
275831
35061
255723
20047
440086
384726
44202
132208
483087
170515
3571
282092
87114
269699
143817
272870
276503
29812
41998
323365
31626
268395
171304
248778
447730
46742
490308
245976
45767
428950
44218
2114
90787
289795
479526
275563
250703
259121
8
269088
4269
333406
34359
41739
46484
221992
153272
248906
30228
245998
33796
181836
277857
205830
111326
28540
273102
24791
44434
272336
28219
267810
68291
20437
198803
37829
76694
12882
237064
246240
22661
42855
251303
290758
297992
490261
335520
18026
390807
2654
282386
156718
319286
41977
288477
335942
293175
30052
246119
238973
332452
239997
24176
272974
311549
157648
379214
172222
195451
28171
386752
7405
336045
273254
38173
243926
218637
323925
319684
208465
1
2479
294759
21938
17166
4184
29644
4390
233173
249280
207767
250541
139607
277163
29627
282751
3862
294769
272646
16716
86453
356059
24491
122399
362118
22108
279361
249986
29070
19111
393140
29073
455818
326167
25775
73608
329277
218820
138471
245867
19027
4272
100068
336955
282560
252918
295441
29476
90218
328934
459507
206919
489597
272024
347899
192416
273053
391007
332268
248388
246551
329353
254336
140619
27627
393311
273806
292957
154109
332735
42829
210845
4930
347525
259191
4113
260153
1011
246493
433409
352258
28847
436572
340658
4139
295670
33881
329776
288696
258927
2093
180013
28650
29460
425495
322500
258491
4772
123110
334606
35413
46614
206642
259270
485799
124685
35754
3794
293117
25608
22261
1776
143768
177551
22584
378964
439776
339371
272551
244216
71514
240490
323
86564
1664
38436
379101
22554
274346
46449
467207
28908
441522
28212
391252
489698
295438
275349
398119
177724
337038
487428
196275
305816
23828
81916
439752
256509
88512
6390
29914
28468
253542
271617
202715
329083
289914
428698
6803
273333
420865
28270
11112
16974
171378
197493
389717
379733
194459
245897
26908
268903
258170
204524
279158
100615
329655
271814
181767
34338
2608
385009
193086
27063
30234
334206
4880
464982
28838
10105
39706
1182
331964
287228
12949
259542
486353
29405
458125
96211
18803
311337
272548
217787
273403
288212
26632
29586
273155
46014
21874
252009
29873
269474
7524
259045
6536
313345
4587
212411
10665
267998
36718
333849
30021
19944
4189
310434
62979
352239
99961
1485
18962
220817
314576
10815
25661
273174
22701
254267
330745
29890
241205
28910
70666
46421
69751
19155
193040
439669
290433
267692
251777
188544
268672
330819
16925
431849
27747
305750
7726
129746
227361
262453
45106
272321
425
474533
272356
29055
389248
271178
178246
182094
29966
150831
131150
279805
249586
24117
269188
253902
21185
271222
389579
294985
490273
490344
289698
40120
26783
441474
325827
272030
7329
3820
159684
351688
436539
258670
101264
272430
318331
46488
196269
475712
383180
291554
289812
45995
4342
9052
24838
283879
297482
100353
290960
126873
293819
10229
24356
392694
21162
24255
466962
285785
34319
20249
9244
278357
125770
25125
387215
389242
275095
8569
470046
485803
280544
7454
259751
930
175612
40329
281885
1318
20181
24513
22218
336087
39088
288183
259223
274120
45141
231450
42148
277668
273671
87611
29694
214454
221900
490304
271922
265806
334144
453372
200516
28227
489725
9593
440165
268094
260623
125167
490243
394427
27908
28438
15918
440564
246200
4933
130260
216217
29482
21500
66264
338718
431589
271770
119162
296382
158289
297096
269613
363404
192991
206934
358649
489647
27259
244183
30056
260114
29845
389435
330408
21981
4742
332720
18705
28308
92705
252967
288949
397069
305561
277354
41890
41265
266264
485793
25157
57734
240336
108054
212813
336394
26973
226860
482358
2815
426344
224076
37825
205601
279898
272130
291482
274816
21814
378937
278221
249364
80484
260193
333183
28013
64579
260538
277498
103413
29773
240543
41522
439724
383235
395598
236513
416924
328945
389787
337310
222
1504
27681
10265
29714
289584
407737
83981
259374
470599
22233
101316
37541
326089
12654
36291
392098
100991
490372
266978
241365
154570
113942
4479
359004
28839
300281
34539
275446
331784
307103
21529
281003
34008
222536
272533
1791
6839
286202
28265
3779
86267
2180
458764
371673
439943
31374
490270
205569
182145
415635
9002
390347
8684
3896
311439
741
1186
2806
275289
148693
283293
44876
29680
29755
4757
272475
291048
331389
268863
31607
28474
61107
1773
253061
4222
28947
260288
22776
439976
480419
275934
439825
379156
440744
278701
23825
32081
250552
60590
2390
31239
171490
2580
24761
3974
30219
180363
34079
276109
21094
434835
378993
29020
29346
198414
272801
422907
296610
258637
58882
259653
28804
259614
24829
1249
363427
38802
292942
471223
2095
261027
28393
196933
260256
123366
195562
100399
456078
44223
33184
277699
182931
41903
278997
2103
296976
389712
1104
272414
244912
379086
321452
430844
276325
419479
288962
41191
291208
34766
259907
489598
227733
371557
205190
289329
29952
290595
212066
19142
29564
399624
29852
336898
289645
53259
248827
467752
303231
31761
323087
26652
30290
23705
259969
270961
27383
45047
196598
265125
8294
218473
234923
486164
371597
87720
250214
195898
2560
266611
27348
2312
399042
259421
31567
251482
285723
3255
24044
348017
140749
219671
277582
271967
274950
383230
331051
4465
288721
290774
4283
221688
34606
440169
57286
340288
30016
4610
309707
258973
245830
27372
139418
401747
2930
20169
378890
29145
6667
389499
336563
293321
36715
336856
33167
2871
288508
292751
379159
86670
1514
35416
33779
287977
597
29192
268317
246956
22315
120475
426781
482126
294783
39472
490399
7013
324137
398371
389693
17537
255858
168965
268000
35911
205422
210334
276374
88694
23279
371585
10407
252156
383472
193274
30088
34329
474449
29495
483711
268521
24632
28659
360391
18565
12468
34663
26994
12459
235663
476519
273170
265610
29063
185026
318259
226554
78312
139314
968
132523
490290
30051
405739
37642
6529
382
335292
171370
476028
7141
29631
489783
489612
489660
196472
129
251655
167882
202322
86607
182412
17461
482105
158361
260036
405761
209856
277327
168
73276
146984
258955
392436
141276
3444
233889
1131
29866
425666
354115
10112
6952
284811
8256
1528
177520
6919
28584
155896
3064
392015
21830
32047
390865
275281
260314
427762
18845
234266
242917
29324
41438
486378
222272
440058
152987
242072
275554
3303
28579
21501
30072
263639
298875
323595
290692
274926
440209
422959
33729
272203
4071
380914
41681
244426
315560
18210
197509
332020
272989
440085
228798
278578
28817
273496
15962
273836
136648
281732
44763
23847
27107
328928
271642
289819
270186
264255
260282
427589
29517
207052
360569
240062
178424
319204
208883
474473
334313
276859
439757
42967
220984
241604
234823
185518
30041
329243
200886
43871
182944
29619
381662
28874
259036
78250
323997
228619
399376
3360
271759
247542
211654
82139
46063
297956
30927
35094
278584
250980
1802
5114
100638
391794
180337
271784
253142
142132
137966
489700
39001
236223
18626
1457
38010
440071
221235
200783
261620
9537
209491
293753
300083
787
165401
277236
378263
246965
255150
258404
28738
291109
425279
272389
6670
34797
258785
150200
246304
249363
318310
42247
207311
227183
269993
98775
208750
24332
297977
321990
477808
271944
35117
221452
330160
4593
236795
7320
265716
24402
27620
28121
104959
306511
209880
4454
35084
236868
456388
12926
200859
3085
30602
318567
391337
260576
41077
49884
423029
28108
210676
399785
281367
1763
25648
4079
459265
69
383918
277958
18535
27366
172674
30191
154358
379158
329658
426069
181290
33780
260943
246967
427576
185453
275742
259903
259893
133202
21435
286830
166524
24540
194950
236123
41063
287795
277977
276299
183102
440177
449778
258633
486340
439928
289934
401062
288718
284462
99
339491
19355
486198
440281
296022
21705
151168
295252
44854
290022
41642
790
2080
4114
30524
475652
100940
293823
22347
379454
260956
28668
489604
440206
14796
22240
181490
197829
282556
441054
283573
273538
33284
87662
458152
196532
196332
333574
379266
291135
290563
220886
41479
289306
104919
269815
334861
172720
217216
282743
251593
154275
222497
13694
331779
234165
288697
178524
2464
275354
277683
7688
221403
423019
268691
32002
125942
395649
261275
324242
182927
257449
379082
29702
321633
390685
295906
25559
248237
289583
40
237594
285620
351459
238343
21880
252776
354760
286753
180458
371692
486317
391824
247039
2044
4561
335249
289915
5291
489668
20355
28424
271897
757
330677
12246
251174
292107
427321
36524
88212
28203
91920
287857
260504
196325
234003
27387
431239
30169
28188
21444
15252
266972
400253
228046
440026
218848
29801
274146
272253
102485
276386
28883
314113
288642
224739
244512
237935
76166
260539
33831
25779
4105
246688
284863
268737
270484
29594
391719
13944
295124
23693
161470
400954
22351
23067
276076
291762
16340
181824
6645
298132
86589
188734
371682
112632
280784
3131
296303
310642
285351
486244
258846
28392
13886
393247
43745
253518
4606
12967
1948
341756
23739
396243
256925
274843
214593
957
153061
137268
490364
35796
232728
23596
249405
279998
21297
25632
261226
390698
28399
29128
28989
161167
196150
282694
291716
277408
22480
51049
181880
30085
248637
21795
104368
15701
285993
2998
253264
227258
329560
256223
28500
3488
252080
18213
22524
41447
261920
22786
831
31586
86572
310902
208619
235885
246018
292401
85410
34489
41569
347441
28536
16228
259884
160079
28852
9257
423348
38277
379375
279194
29241
19080
29786
378898
281379
2454
1222
167537
21762
253771
38055
139127
260039
88349
200423
1571
158827
426204
251013
28228
18630
490259
120151
251199
247218
247844
30068
390409
52
28999
146283
1451
265546
261453
373883
39089
10721
29652
434054
38607
236127
3532
7472
258051
279690
29452
5400
482140
153372
426558
46397
41152
440164
139675
296221
260335
274237
279580
242413
30084
293142
114116
24790
141592
43397
9287
371601
282093
475909
341352
259620
4428
278922
21071
2018
29071
27886
425669
29373
245446
288369
262021
25504
270511
3941
300931
28403
480556
458004
29742
322881
25848
389389
30249
217759
27915
25548
99953
379098
271992
38390
29855
41803
68819
18
250419
334031
1393
298
281714
22723
342487
8739
5248
249555
45104
216528
233799
14501
27557
391476
371592
334775
249131
27082
372235
28840
194450
260786
18522
276336
315189
246803
726
282499
334789
22130
219658
307455
275082
294120
426637
212549
32550
31227
391473
273605
283802
30013
23267
153226
265060
396184
289706
6967
480639
204831
236454
29965
369429
435
198138
3254
392270
21144
386857
220312
290704
206371
209750
223689
317323
371610
316553
262345
293771
217616
228
292016
209041
332739
25856
7281
28449
171335
476840
276802
29196
102136
11233
27769
428652
486425
296915
466670
5181
286892
385012
303924
228263
290677
76911
219793
28291
257557
329416
5286
196884
28420
90213
35399
253
281189
490351
389038
245395
379269
440173
18474
10294
156771
371614
154136
258545
260767
72235
37249
391577
34027
274232
23230
21399
379181
7386
286457
16766
262547
139695
259295
29431
2805
41415
101141
222228
157190
152466
1620
486264
4215
290975
46656
447008
31941
298728
22264
127892
32775
28235
21645
173286
275304
27592
25321
238213
41508
250332
290251
273379
197552
34405
359831
291192
298947
123843
3126
1583
10987
206404
24627
292676
440063
215860
390756
23122
122725
8137
278646
273350
246440
1055
28173
127156
155708
34871
332986
2981
221609
27624
4266
100065
34183
288141
351273
386758
19073
29457
43760
229342
279781
260164
248391
440021
256034
3118
31911
195776
12915
328206
138792
7066
277886
452636
216227
46761
247203
288249
289082
289630
190774
215745
63342
389983
27427
1351
288630
21848
343986
296971
21096
26612
141864
41210
33437
28366
32889
196846
4379
40796
227983
279659
111928
261208
462108
38993
30008
28144
50600
154093
316056
210734
259258
28816
3401
257765
28876
458052
2969
287163
21587
268582
178115
59812
104491
490268
6700
285797
29746
241489
271775
2551
235287
39700
391810
196045
312233
5148
18892
32959
3390
216072
30099
298433
241387
3065
29719
283410
277779
27682
389115
2718
386774
458176
9852
151940
46016
279861
89940
250293
336245
218284
316306
263862
117365
23914
33421
288719
24446
28688
25793
2999
195635
219685
196067
485781
276736
291595
22225
396734
3158
27499
28478
22085
297512
482420
309053
180182
278726
41558
234455
291758
2339
8385
20918
136973
38951
383824
98
25514
105182
235960
237825
288974
41449
1061
335968
490342
390906
34102
133263
396248
295230
2785
197816
300594
218717
14825
207619
2870
159453
440180
59167
271056
132336
486309
196538
190984
371997
441613
482287
490401
39821
3019
183042
4438
322738
233855
375091
219648
370288
262113
286394
489674
474800
3810
252255
22602
1022
485839
253335
295875
22001
271062
169755
25307
343319
328305
103748
159258
143763
14455
5246
1144
490359
41467
425294
490286
2952
21145
28242
490339
4619
182962
36785
276721
381
29286
906
259516
255219
2966
16533
292208
331185
180052
383185
490477
7319
156919
3072
273768
33870
275121
473730
250783
1260
300271
439702
87130
238034
6250
25582
225096
291279
147052
12239
302175
30211
34855
288324
290035
89579
347915
193451
397111
290142
474706
209419
314056
41593
108729
1977
284688
29783
291708
296317
245938
306026
297768
278643
3757
350037
490368
247761
393802
27897
4871
143167
13705
332522
476867
3542
419039
475713
266668
132634
260618
22596
388932
168680
234700
130148
17
31018
18072
20000
246863
33202
110
383182
127560
159689
31672
277449
34302
440105
254820
182769
407415
37613
300697
489605
157351
202774
130902
249142
262466
290530
290610
439963
14098
295533
277024
12665
329194
267473
36148
218511
204634
29778
24624
259667
153039
74084
1860
290407
383091
38155
258741
74730
231395
44228
313364
28520
28189
16479
390342
34034
49689
299073
379272
458147
331576
290341
28375
313651
248313
208477
334999
181475
28712
2423
402190
41637
24231
236067
397413
6442
188516
23692
24425
29500
14547
196475
29524
29304
486532
393248
335386
54140
3465
260084
25295
265615
8681
175989
276702
29471
322432
25849
13145
196173
32886
254027
490336
2644
371631
22521
490293
274995
22560
5025
10508
268356
130
173813
3280
237670
28023
282359
1465
130227
45602
24397
29081
260374
490310
228067
251331
24174
426212
485810
455474
332474
330487
28995
22147
28484
482118
181488
29600
245577
301585
392504
2135
268003
29182
104789
386838
275943
24042
40655
180063
31983
6743
289866
439649
29402
490411
87246
30506
153911
490264
27343
148748
25148
277871
486229
20365
194486
439919
2402
273930
41272
217312
26938
390418
440064
258530
347
283893
413275
210343
88704
207432
272427
19133
118076
319175
390895
248380
193041
355894
246674
39424
3929
22362
128165
255066
210405
9806
27548
392655
489758
45008
311948
21714
482205
4965
246241
391542
30675
214525
260733
240627
386941
42805
245027
208955
347939
270783
291624
442231
4237
275654
267377
13849
20755
273724
186936
16769
193099
206841
390480
255398
293599
246432
260376
277916
258300
379007
276618
284505
25720
17857
345385
198264
261448
27123
43358
34776
381440
291731
371615
256035
439827
277831
141197
289106
273295
355614
170905
317557
280199
166944
272675
3616
275436
18810
258204
196638
284686
15868
472719
121265
227598
135397
432071
4908
309395
290804
280175
246550
264849
41687
218233
2050
291326
29709
284649
227918
27578
5110
256480
257276
482399
10299
302287
21687
23085
270376
371544
183320
196618
273755
102305
289662
12481
289456
278458
281298
358922
46628
317186
285453
29432
443583
277864
445088
29368
29954
196189
10314
89552
43081
283283
26043
268104
1775
738
172411
240871
182912
146408
309774
277897
21697
417338
104744
135110
287826
23573
489650
141758
331565
275648
280083
23809
109329
294753
379154
282351
628
212991
158264
40909
402393
205169
228071
25806
3059
4876
277585
4834
444235
383192
22094
4538
102487
218698
47093
38594
5731
209813
271950
227642
1314
381904
29608
277409
347009
482154
196581
2152
88216
276016
62521
46701
21158
291979
426080
182359
392667
297372
37332
29660
268564
391636
272251
278444
326799
18634
483812
299062
158231
23670
16927
296008
458171
316652
35389
28551
24350
261329
263169
267812
192303
117541
319660
298091
270139
279782
261384
32118
29181
41702
150856
157770
327442
29924
307239
26940
22856
41779
371546
490388
289810
229287
440009
48724
66853
208723
205335
338476
2756
392910
9239
383276
69013
386902
273405
41760
9114
275555
257590
461481
29900
28494
302555
309520
27716
61526
2060
210403
3981
702
22216
489723
29087
383499
10699
4383
22453
177761
390859
12508
27871
25366
240299
27703
6478
43784
15622
262037
22547
275800
313619
20634
409595
2475
195036
117874
43331
150314
359982
489608
6994
53469
109600
34520
155696
88364
287740
440216
7236
254223
489653
271980
7414
10
467412
8211
260009
24591
485824
28630
386851
28853
34659
275841
36241
266312
272826
298274
440199
29830
261602
368668
390957
364956
10153
333647
250030
66
2675
24167
40016
391967
11747
439784
21904
5142
277713
138617
130883
218657
25709
201859
28770
482182
10091
486359
275039
181689
284491
422979
16525
28761
25203
64911
440140
30059
3414
482349
272866
39738
233009
292094
29847
22284
358946
332855
101034
30043
134191
12775
304382
333335
18974
459162
182563
159965
237103
215295
290937
152890
27606
335830
29496
425747
428571
101153
371730
341243
209933
118
490397
338175
24159
331
287921
157426
294315
21669
3037
196220
240434
212703
38433
351579
271071
89854
4336
33764
457989
25527
260900
140380
157069
6065
128273
2395
439980
259716
272443
292423
381553
276504
159915
10182
168789
291059
14910
481684
248188
289248
252695
26599
477738
17519
303441
270681
425090
232293
391246
245357
387835
24816
32254
289936
188432
168478
228930
329136
246726
4159
200907
28957
261972
6483
392646
268347
28298
39473
271644
2020
121549
35584
261570
290447
18972
490262
238043
69044
301020
279103
28300
404420
24131
428062
210188
280560
123211
993
330525
287157
283406
28234
24643
30464
46005
30250
20805
485798
29599
396863
334766
388
276381
269991
1845
259648
207047
482288
39293
12743
4375
2478
24593
276155
216574
3555
29098
3881
37214
277373
20827
170983
480076
7723
22478
127692
214932
358704
27660
330496
271578
220923
46401
200383
293378
153202
335754
439966
64065
275526
1639
21749
35661
399941
246689
119177
49544
24063
46777
427467
293263
426736
371598
426706
237941
29685
281741
28000
36817
384918
52809
27968
335584
260627
105652
379100
382600
235523
2344
41464
197387
458102
387108
185467
490455
262059
211275
440656
212861
218889
137021
247037
29210
10160
22501
347407
2519
567
247788
284592
205266
2950
412922
45513
116418
30005
221038
278471
27308
297440
28125
482128
486218
258065
279437
87773
277308
332398
296043
332774
24105
26696
89987
274824
234832
156440
402384
268378
424974
442134
151293
272460
150098
126534
440325
258771
301740
21950
288737
340248
208287
241109
288860
155887
291032
3261
394288
246436
22417
30133
223946
154312
21932
30239
288898
184163
485384
490289
241073
381664
299381
388529
240912
437031
291936
24244
151174
334658
258508
392539
319512
273765
30057
356653
154378
31178
23662
219139
40546
38248
230296
234608
227444
12616
27545
1500
28376
371570
18875
29194
2136
474737
25410
490338
490250
29279
30118
222825
431695
386883
270660
28456
301527
40331
2238
270087
27949
296985
276063
213000
486257
27245
314245
261554
81144
22565
22592
150373
2388
21187
156452
275428
291463
74605
425976
143877
273257
279923
29906
62876
332967
263396
226899
28357
24789
229292
306548
308296
251774
25296
289653
338275
28347
297033
307022
332320
305925
275332
396537
195753
32518
34330
197728
45207
430765
21901
436810
273090
272394
291707
490274
379129
30066
30929
45060
276572
27365
30435
247335
41180
52111
86986
303386
2760
490369
24250
378957
290166
258708
250599
335639
334680
3973
24765
102627
17436
338690
150838
292487
389540
262327
29974
20188
24678
133741
42944
139926
4011
26147
379178
274226
71533
254515
28626
1815
267359
235891
31192
389224
290925
236443
24308
29122
203949
246237
221041
41651
403486
271620
74704
268922
31946
826
439893
34775
249342
257094
473239
240044
291461
159496
283370
259021
17898
76554
282039
25568
45780
207683
339755
46679
2653
290036
10141
274180
200695
29253
397307
156895
12746
5356
182434
4449
6890
270587
196464
472101
288282
24001
45725
203921
48795
31259
275910
43415
5002
389757
440400
358714
103262
28131
239814
251494
289800
289402
32331
134072
24742
290995
144143
276826
457381
41925
426670
335460
306789
27155
225297
150701
107180
371590
248353
259547
297976
29442
24035
10313
305535
72124
17851
153111
205421
4594
384805
389995
9745
208991
273082
3711
474432
256858
274846
273804
159860
439830
38469
4653
622
102574
338021
486412
320896
2375
41800
217764
14798
9699
33935
277501
36697
23296
274011
237085
20301
439741
136366
335338
33118
474382
29780
148039
360075
10169
229141
238455
4929
103655
489651
395005
285771
249318
27344
229107
207360
128627
299906
29317
391153
6095
22266
250424
298000
142095
39703
295009
29133
489638
22845
249695
99113
290027
271798
458023
291928
178012
29681
29960
27663
38894
221440
32741
143977
268548
196544
143761
469331
27182
29532
12051
39053
6979
246108
45688
199964
335477
25119
3774
482107
490299
18472
27656
3645
28354
103534
9474
16660
180410
389478
347512
401339
471842
158700
422686
22548
249648
5098
358708
27291
330113
295330
173271
14775
18834
87077
3979
8766
250359
490327
28877
27510
22708
264096
475573
247113
209175
260791
30221
135195
28979
464229
28631
32826
287052
41271
236114
277638
474531
30208
23758
299887
332667
21184
42234
30038
275154
330116
303071
319038
25610
260737
3049
371563
378901
268933
28128
9654
31236
296532
235616
230853
228903
4615
284594
275864
334867
10600
6370
393991
29722
159945
46497
30151
193688
220946
28646
181933
16775
401332
455632
390816
250641
260601
475704
34790
166858
291214
45125
24601
28160
21739
44179
360108
154906
486175
250418
296860
27738
206054
2647
248337
240396
44153
24254
28622
214576
20387
165979
326477
3894
31816
35693
458079
297078
41674
258462
27945
165735
1782
220328
100665
258431
432524
246911
240059
28683
279751
321312
60526
1248
142348
42241
308514
174256
2462
490347
29824
29037
249479
221298
13123
427309
288192
17949
253614
331089
29814
4775
331547
254663
279863
248907
268180
440686
101586
259293
126885
30003
29203
376607
8911
281900
425295
295565
389020
34533
28327
38927
28796
219643
28085
30210
352945
80509
271854
186610
2945
22831
390332
279195
133370
490418
119387
261064
379084
247138
25285
345134
45193
379371
327319
8552
643
4341
277870
425568
255877
277406
142872
81793
200889
387587
46675
10406
249966
379345
260925
231802
29870
29131
236211
23846
24431
29176
196580
200388
427436
147946
289471
20522
21135
464434
360232
328135
41562
31770
11434
256488
389959
192580
23217
86322
29090
209207
15694
12917
482366
296240
360389
258893
17757
253446
30184
490343
292405
277464
395263
276305
1761
271878
6856
34779
204969
288734
220038
28480
29820
101191
381231
28073
247775
170002
28123
28559
220423
192706
258985
29028
271744
259220
253836
260479
>un
449786
273117
290816
465444
469020
308628
394536
436883
474579
29815
486241
401181
441664
289759
426713
338080
473489
394056
459266
465799
482644
470038
246010
391520
439999
490073
405734
436122
392333
410264
157805
439946
31752
470562
131660
328601
273196
439938
456008
335450
489873
398902
317559
34438
275762
458230
490258
471936
393109
325307
475314
401804
392336
441991
30907
333087
452096
392442
471807
440051
452416
474698
467907
490282
449953
153159
473923
459032
391587
439841
408264
439809
486339
440722
470159
18856
471190
473030
401648
449782
486038
472354
487456
397047
482853
475770
440446
391188
473294
488043
391777
446417
26897
466028
440153
458090
441852
470147
441769
486579
474894
466867
455357
384744
489919
481619
410704
359369
473210
453347
142380
314887
477097
471398
418003
339072
482299
426282
394565
361617
450438
318804
394798
458409
473038
456900
474608
432030
441281
392097
487011
490425
445160
459211
490452
439781
296922
468989
486261
473456
443487
439824
475105
440513
458067
218043
215288
444211
456686
440363
472329
298745
391990
458030
467043
478998
245513
473864
458177
440925
458212
296370
412990
437147
390445
395110
335368
394688
409278
410293
440073
445688
392803
357757
28251
392515
449952
457304
311575
391943
473839
408993
391640
470192
444060
478284
475262
353287
394167
254588
472439
458985
423048
435447
466752
398985
462046
456579
275810
28371
396268
436780
329651
486603
441209
393089
471224
432611
205224
473910
200924
442234
477913
470387
449779
449771
486288
261491
391649
395886
33776
442235
451378
391645
381360
421924
470875
458514
51340
432123
469717
426068
486253
449911
487462
395689
391601
272685
472270
480089
391834
432117
469019
440289
440079
258263
270529
422978
466733
393106
393360
465895
445192
658
490635
471773
388987
440640
389348
466819
460485
391945
470644
425861
466320
389062
103949
473427
385158
475027
371595
488085
227484
272015
472889
472534
439821
444093
474937
487674
401668
423047
473934
407496
392268
448599
458480
400698
473317
469022
448321
383217
393533
478123
479873
488634
381569
487051
21065
389332
397791
186
473848
472441
129387
319499
426696
468637
441437
439813
459532
490674
442211
486511
403972
372117
447734
383791
262053
440027
442804
438165
400790
482562
309533
441323
477616
423228
449763
490739
28311
427106
469018
392829
29221
391754
285021
453518
470831
459574
394685
433685
489975
473400
439777
470510
472201
324279
446692
462246
423418
322735
472392
29868
436827
487859
138832
436956
8940
419456
6932
326648
482733
472205
483676
472093
383283
395504
441228
483278
428551
472215
488022
24641
470976
490555
348474
449387
473138
456099
475196
470986
469021
335449
468183
473491
489798
407497
392176
474493
486341
470519
184803
392450
86999
458226
470234
458983
425436
391795
473563
473440
431845
445729
470843
380651
447735
442126
469337
472177
409700
26480
28063
455819
361788
148007
370366
440089
469160
392828
434856
426276
414815
466772
