>id 1234|Hs|cgap|||muscle|||tissue
>part
>ku
>uu
664348
702997
665102
600869
634691
539305
663454
664448
665105
662879
664440
664444
487531
561788
652609
664445
665117
664446
664454
664350
664230
564792
662873
663455
193917
664263
665100
599929
664441
662874
733703
664575
663141
546018
662875
538133
574158
662868
664437
729986
652611
663456
577871
664874
538834
662880
664453
542883
664352
664866
566622
733606
649156
634651
662866
664872
664447
662872
664578
664450
664425
665101
573083
664347
662870
566680
544175
600390
566078
663811
542756
544034
600398
602886
663801
563802
600399
>kn
283127
631638
26612
708076
460232
298716
416375
529053
85155
256206
191164
634849
695681
380164
82432
534346
151706
558387
350268
681616
654552
596679
417050
500104
381219
510635
292579
328232
632703
461954
436578
659360
645295
525549
349208
297304
479766
95577
647017
644794
332422
422901
484813
93235
406557
560655
31704
8752
656687
203717
144447
465144
66170
468688
164298
731875
75862
546287
524390
117169
743286
645028
709406
300141
333823
334846
25245
371240
730674
356766
374668
150580
397705
435039
490203
191518
706676
743370
592237
655327
558364
546298
619315
522895
237825
5930
30258
370055
172928
708377
443625
211511
408018
741317
82793
516543
534453
726355
201858
654668
471119
189716
4993
280378
432862
164578
514795
445803
279646
654589
474185
591327
618145
523789
446429
41707
13318
33455
512675
469473
1832
531856
469154
2795
643910
405610
445733
162032
713564
700576
171342
20716
488282
436383
433419
349092
278429
489142
524599
5324
53454
377155
437145
470728
482587
246506
1197
183983
409140
153563
356502
2719
492427
513053
494691
655455
56145
104650
496593
472558
272259
43728
346950
431850
648111
546256
509226
171057
381189
17109
491577
231616
405913
533624
177861
103110
474053
165195
592591
532286
609146
584881
8395
472270
114033
75110
515242
558528
632731
463936
517946
546285
546269
8102
236774
79081
136348
365116
644004
196990
743319
730597
9061
509414
59719
645317
485899
598441
3100
73722
259831
655750
389649
444749
654790
116240
516173
534309
446374
707013
654808
2853
709489
182215
438429
274772
333418
288487
652390
119598
655286
533721
75528
530024
144130
731513
652441
445981
131704
591650
263812
598836
741157
268939
85539
592510
490394
632717
2780
513646
76884
55847
413416
655552
473838
473937
593446
435815
602757
169900
655895
743223
234149
511743
209561
1288
381079
706674
601591
584842
477892
485471
250693
433701
557097
497893
412196
225641
118633
438993
696211
498569
592225
498178
46894
554831
380973
524234
94896
741263
443301
370504
471441
654863
356654
54457
75535
488143
300772
380920
418450
117835
430075
503787
557550
1501
106212
27788
533192
78771
592164
249591
655519
515714
15977
440643
651219
533887
743241
224171
515369
518524
512841
11776
458336
99936
731481
439548
741422
564847
241543
22157
40098
408312
280130
503878
62886
460789
592473
220950
227777
397609
468442
591588
632554
279245
386294
432491
208358
449523
293653
288164
6874
408909
208597
327736
433512
645792
520205
430551
416358
113577
277154
184339
95612
655782
356799
340623
131915
506276
654713
352677
128453
632385
585728
567968
327527
514806
386567
460988
13640
731683
652338
350194
26704
173524
514196
388739
413812
505516
544577
272939
78989
372378
17441
519842
175414
627414
440599
118076
73680
475733
713590
594338
284292
50130
9857
740394
415299
591833
483305
369624
491351
136912
644125
445890
477028
499209
2006
395482
603131
421621
334347
140903
502823
1908
565094
489040
483537
124165
522891
335513
504895
529303
654980
387755
59214
480085
591692
419240
469244
351875
61812
586423
173135
652114
713698
743606
556077
503047
356190
517768
655057
515018
12333
657367
654444
438991
356285
400295
607212
458312
374596
268742
648394
40966
379191
600086
311187
9534
594912
126221
178551
194157
255935
74565
61472
380953
112318
48849
334612
524009
514581
83758
604950
436803
6891
370140
632438
435490
275775
519337
213264
28020
298280
528305
715567
731537
520973
603732
278277
410924
224843
518513
729207
445705
719925
374485
151134
153177
87385
591229
131903
527193
42644
436975
444082
458280
429839
449909
444818
504003
472475
390667
21509
469022
370267
180877
433439
743420
80986
592082
518123
646490
369232
506216
462392
534770
478407
514375
483444
50732
356626
156171
134602
145402
186649
709686
740577
470233
474751
521056
380048
486410
491234
731729
363492
371889
97858
268530
546261
707916
237396
463439
313
526879
6917
513711
306764
612096
440049
368783
516539
335079
78788
463785
406534
355606
644633
516217
642618
443577
534477
408236
649372
632398
191046
77578
155017
158427
705323
529948
334629
292882
132868
270428
412370
157160
462086
443072
177275
14347
282376
500197
808
743218
597035
82129
513490
181163
523238
484738
302352
498727
714127
643436
591522
529044
632800
546291
474536
529509
381123
473847
376071
298345
500775
499839
1905
518084
445977
531106
160786
517586
434248
654588
324844
508848
743231
77558
533770
522699
501203
4998
533474
169358
718510
368823
173724
567572
421509
496279
303676
654410
731649
419259
274337
334370
131570
658215
529989
743237
591642
301404
489207
631988
131064
482491
403972
433529
373947
82201
134885
632456
91728
444314
521640
523463
435103
304362
151413
167700
371001
505652
272927
436617
524910
482038
493202
546283
634882
621695
94011
350899
499725
654581
370581
356460
79110
525299
528007
653288
515255
284207
522933
659439
573143
320890
446350
183684
719951
505735
143604
534333
516032
75438
523829
279915
387804
260041
370725
127743
263671
634680
211602
497788
494146
499953
632772
696074
515972
368214
743270
654957
433732
346868
50425
493401
656865
584845
656244
531176
433427
412117
5662
505136
474010
481927
743367
523968
250899
430439
156367
603676
509140
26904
740477
187338
524425
473632
591768
438336
275865
654352
16059
496622
660109
144744
374588
729062
515517
183435
467662
180414
655105
481898
529571
727543
594351
198269
655331
431109
591336
515329
575661
401903
179565
175905
50889
406683
69855
656646
743512
85195
715194
421257
16004
443976
370487
145284
491060
547172
588655
439200
125525
190086
591918
120817
291079
45107
487774
523185
524899
654856
731619
535762
144873
1466
146668
602086
444329
326387
440384
408528
530331
27267
372680
489201
132760
171929
236828
389996
500921
482144
492314
249441
311640
147433
438482
649965
287749
659565
741213
481819
458986
6540
356366
567235
529495
460184
356331
132858
409602
30280
436161
515053
495960
157401
648635
731633
156346
409210
120
443861
188634
533549
446149
522590
514284
356377
405410
418416
657347
521487
522632
511605
743232
596572
24583
464472
302738
5308
434102
654815
1342
209983
298248
633653
78888
381126
442707
655267
368203
6838
291212
369614
38516
184233
221847
193557
406475
644105
101302
410817
703523
535192
531371
591518
729014
591447
743234
334832
24321
720312
440544
520348
84084
280782
161008
546292
428027
270978
664080
486189
525061
203952
592260
23248
440968
565725
533712
656492
159014
591680
467807
114286
591757
229641
125898
162121
88013
439381
437779
211594
24135
592313
34576
311190
142074
5062
150837
463456
500067
534679
593187
160556
125113
709228
347535
497599
595201
337766
21422
368410
438720
25155
665869
438227
352341
125867
6314
436405
381061
74563
356501
437585
199625
203772
108530
94395
731797
476432
740440
144835
647421
78224
506759
741531
530479
446574
15580
82916
533855
59761
135015
470259
532091
439480
50550
740386
584784
740628
529631
473583
289347
22393
173001
356572
77060
257008
724025
455493
444569
727986
546286
743258
509083
469376
597216
27021
282901
628599
26006
152774
247280
421608
28465
355357
42151
654907
518341
7037
103832
743285
378103
133892
596078
523215
514870
11355
558601
363137
631580
369422
534168
484068
134665
178695
571841
546407
643565
192374
648316
461178
554762
432485
504062
181301
533526
1600
740540
473420
83577
436568
105196
486589
643658
473109
351887
733403
298705
656660
213061
443683
632476
613082
170622
481571
408054
283734
655088
390736
388645
658436
593920
309090
712767
534457
411300
150749
5120
78601
741202
438709
648434
568247
513134
106185
372541
435231
169378
655348
533086
508524
502244
429
211426
50098
437594
702907
396740
532359
532626
475392
295917
446559
151787
170563
111779
535731
586219
431092
437388
109052
707990
6906
743274
432676
436439
292457
408073
435369
518265
24054
645802
389945
108957
288215
513225
191186
194148
94672
181855
256301
743379
18573
524308
275243
485246
532793
387208
594171
538286
50823
648612
374990
444467
731613
42949
502756
317632
530899
696238
533725
192326
647105
654545
702056
26516
11314
591306
4082
177530
656073
656581
434286
213389
265174
446588
520494
660757
283551
520640
424908
180946
720376
325667
182698
501127
355927
535326
405590
654773
28988
518774
426359
614080
430733
474213
3530
58992
388927
122752
694157
515890
525210
268488
446251
567236
433670
443121
529862
516023
743431
521651
119192
473341
481202
529618
370379
646582
656565
184080
510328
420757
380933
514036
115088
380233
493709
446852
418198
743230
595423
731510
74564
720220
369017
65029
632093
506374
199695
37616
370781
513261
583805
101139
20395
57079
17719
479693
664873
495755
495039
459927
523403
435136
525348
3873
169815
26837
226755
429608
191346
657172
514580
523512
162016
647068
332795
233952
176503
286145
592804
743307
269512
512676
559412
500756
483454
487648
509736
189772
471381
27373
362728
368325
250648
493668
515879
654968
9029
594238
408233
500483
255973
498548
380118
425125
290404
58559
153412
600825
492599
98751
485081
444451
643896
546289
412103
631725
15929
12677
79088
116935
224764
511477
733180
419463
314359
186350
645009
507805
612385
446466
567378
93338
279806
656271
293560
87435
47099
533977
518773
496487
97270
182825
106529
479808
97997
74405
240770
533831
513083
75914
306242
501023
667534
368866
8372
182421
483564
646421
654849
655449
461819
303609
18349
405144
31652
172755
363396
158688
180909
530597
292265
660922
508480
406300
177926
280342
520313
201918
520048
511817
513734
110488
534255
436873
489734
709017
149991
548088
131255
467097
534404
191887
480311
112208
82028
523836
524804
194726
124384
47062
99819
190968
75231
741177
516746
516671
546282
>un
634173
594846
594879
655522
681002
479728
732439
662098
727898
562745
444173
714318
731577
449153
699316
370475
743220
701361
706056
351316
593376
596321
293024
481657
7917
712951
664870
727882
648806
644041
713770
706044
712780
655297
663039
728334
702472
634224
699901
654763
655266
711117
733605
596822
713706
667585
662815
268887
519738
633756
447714
530412
658931
708634
592129
448879
708558
708181
658434
644026
484769
664868
728901
592495
708359
336832
663458
708827
492869
664226
567699
715779
708932
707296
655757
664574
664455
575922
658160
731984
572537
720884
650182
731478
708249
715546
664452
628678
601465
662869
733442
36927
664231
593087
644915
662871
512811
523470
740809
700831
665098
657660
645304
700350
709934
741426
708727
591538
559835
598305
731623
657607
337307
718642
713223
645558
436298
701236
740742
730650
708294
11463
657055
662883
743247
664577
729483
664449
714554
596780
659959
517207
661858
339776
662005
599592
558835
600836
714487
661830
741178
660925
663077
720521
594106
658188
444552
593176
713684
703106
633578
594910
715793
632573
593220
691454
669724
699970
605253
706279
634596
699563
743275
438979
659658
604968
736416
512525
708769
480743
592455
664239
546527
584939
658794
708256
585792
592737
662688
434075
728969
514118
707324
705990
701265
662033
656343
525899
732051
6790
714048
732001
512542
708572
649297
519520
743458
687438
710426
596058
707090
657308
653312
444645
429585
662876
707223
475103
613424
661401
550187
664871
449095
429581
426104
707250
664349
663040
707363
663606
514216
708426
706888
664369
708774
592614
732123
713634
713774
632796
595170
671237
600003
454011
708120
658911
597387
568273
595816
699526
162473
708350
693867
658155
504856
693760
672870
658216
662884
664869
721551
741221
662497
241559
721122
724874
153290
735616
324879
380132
594773
603680
734579
705892
656521
433029
743590
496271
596814
592555
664443
605566
655340
448226
655550
599923
645344
709438
605433
714000
713750
137270
148340
654621
702164
713973
632891
705267
727468
665104
731509
387576
707339
633900
602554
658419
443465
644500
702902
568267
693730
672910
665099
201765
596742
120633
662978
567702
712899
661123
662867
148105
661894
547622
693667
697218
600837
664346
567817
700830
714898
572642
708536
713793
661733
664426
710688
715338
551944
709711
655763
597533
634595
708676
664451
634316
713656
561149
657767
437153
535026
655463
466291
486304
594371
213740
714301
663378
705707
729514
380956
645450
666746
470601
720231
604610
719698
730666
389906
>part
>ku
>uu
664348
702997
665102
600869
634691
539305
663454
664448
665105
662879
664440
664444
487531
561788
652609
664445
665117
664446
664454
664350
664230
564792
662873
663455
193917
664263
665100
599929
664441
662874
733703
664575
663141
546018
662875
538133
574158
662868
664437
729986
652611
663456
577871
664874
538834
662880
664453
542883
664352
664866
566622
733606
649156
634651
662866
664872
664447
662872
664578
664450
664425
665101
573083
664347
662870
566680
544175
600390
566078
663811
542756
544034
600398
602886
663801
563802
600399
>kn
26612
631638
283127
708076
298716
460232
85155
529053
416375
634849
191164
256206
695681
82432
380164
534346
151706
350268
558387
681616
654552
596679
417050
500104
381219
510635
292579
328232
632703
461954
645295
659360
436578
525549
349208
479766
297304
95577
647017
332422
644794
422901
484813
93235
406557
560655
31704
8752
656687
203717
144447
66170
465144
164298
468688
731875
75862
546287
117169
524390
709406
645028
743286
300141
333823
334846
25245
371240
730674
356766
374668
150580
397705
435039
490203
191518
706676
592237
743370
655327
558364
619315
546298
237825
522895
5930
30258
370055
172928
708377
443625
211511
408018
741317
82793
516543
534453
726355
201858
654668
471119
189716
4993
280378
432862
164578
445803
514795
654589
279646
474185
618145
591327
523789
446429
13318
41707
33455
512675
469473
531856
1832
469154
2795
643910
405610
162032
445733
713564
171342
700576
20716
488282
433419
436383
349092
278429
524599
489142
377155
53454
5324
437145
470728
482587
246506
1197
183983
153563
409140
356502
2719
492427
513053
655455
494691
56145
496593
104650
43728
272259
472558
431850
346950
648111
509226
546256
231616
491577
17109
381189
171057
405913
177861
533624
474053
103110
165195
584881
609146
532286
592591
8395
472270
114033
75110
515242
558528
632731
463936
517946
546285
546269
8102
236774
79081
136348
365116
644004
196990
743319
730597
9061
509414
59719
645317
485899
598441
3100
73722
259831
655750
444749
389649
654790
516173
116240
446374
534309
654808
707013
2853
709489
438429
182215
274772
333418
652390
288487
119598
655286
75528
533721
530024
731513
144130
652441
445981
591650
131704
598836
263812
741157
268939
85539
632717
490394
592510
513646
2780
55847
76884
413416
655552
473838
473937
435815
593446
602757
169900
655895
743223
234149
511743
1288
209561
706674
381079
601591
584842
477892
485471
433701
250693
557097
497893
412196
225641
696211
438993
118633
498569
498178
592225
46894
554831
524234
380973
741263
94896
443301
471441
370504
654863
356654
54457
75535
488143
300772
380920
418450
117835
430075
503787
557550
106212
1501
27788
533192
78771
592164
655519
249591
515714
440643
15977
533887
651219
743241
224171
518524
515369
512841
458336
11776
99936
731481
439548
741422
564847
241543
40098
22157
408312
280130
460789
62886
503878
592473
220950
227777
397609
468442
591588
632554
279245
432491
386294
449523
208358
288164
293653
6874
408909
433512
327736
208597
430551
520205
645792
184339
277154
113577
416358
95612
655782
356799
340623
131915
506276
654713
352677
128453
632385
585728
567968
327527
514806
386567
460988
13640
731683
652338
350194
26704
173524
514196
388739
413812
505516
544577
272939
78989
372378
17441
519842
175414
627414
440599
118076
73680
475733
713590
594338
284292
50130
9857
740394
415299
591833
483305
369624
491351
136912
644125
445890
477028
499209
2006
603131
395482
421621
140903
334347
502823
1908
483537
489040
565094
124165
504895
335513
522891
654980
529303
387755
59214
591692
480085
351875
469244
419240
61812
586423
652114
173135
713698
743606
556077
503047
517768
356190
655057
12333
515018
657367
654444
438991
607212
400295
356285
458312
374596
268742
648394
40966
379191
600086
311187
594912
9534
126221
194157
178551
74565
255935
61472
112318
380953
48849
334612
524009
514581
83758
604950
6891
436803
632438
370140
28020
213264
519337
275775
435490
298280
715567
528305
520973
731537
603732
278277
410924
518513
224843
729207
719925
445705
151134
374485
591229
87385
153177
131903
527193
42644
436975
444082
458280
429839
449909
444818
504003
472475
390667
370267
469022
21509
743420
433439
180877
80986
646490
518123
592082
369232
506216
462392
478407
534770
483444
514375
50732
156171
356626
145402
134602
709686
186649
740577
470233
474751
521056
380048
486410
731729
491234
363492
371889
97858
707916
546261
268530
237396
463439
526879
313
6917
513711
612096
306764
440049
368783
335079
516539
406534
463785
78788
355606
644633
642618
516217
443577
408236
534477
632398
649372
191046
77578
155017
529948
705323
158427
334629
270428
132868
292882
462086
157160
412370
443072
14347
177275
282376
808
500197
597035
743218
513490
82129
181163
523238
302352
484738
498727
714127
591522
643436
529044
632800
546291
474536
529509
381123
376071
473847
500775
298345
499839
1905
160786
531106
445977
518084
434248
517586
654588
508848
324844
743231
77558
533770
522699
4998
501203
169358
533474
173724
368823
718510
567572
421509
496279
303676
654410
731649
274337
419259
334370
131570
658215
743237
529989
301404
591642
489207
631988
482491
131064
433529
403972
373947
82201
134885
632456
91728
435103
523463
521640
444314
304362
151413
167700
371001
505652
272927
524910
436617
493202
482038
546283
621695
634882
94011
350899
499725
654581
370581
356460
79110
528007
525299
515255
653288
522933
284207
573143
659439
183684
446350
320890
505735
719951
143604
534333
523829
75438
516032
279915
387804
260041
127743
370725
634680
263671
211602
494146
497788
499953
632772
696074
515972
368214
743270
654957
433732
346868
50425
493401
656865
584845
656244
531176
433427
412117
5662
505136
474010
481927
743367
523968
250899
430439
156367
603676
509140
26904
740477
187338
524425
473632
591768
438336
275865
654352
16059
496622
660109
144744
374588
729062
515517
183435
467662
180414
655105
481898
529571
727543
594351
198269
655331
431109
591336
515329
575661
401903
179565
175905
50889
406683
69855
656646
743512
85195
715194
421257
16004
443976
370487
145284
491060
547172
588655
439200
125525
190086
591918
120817
291079
45107
487774
523185
524899
654856
731619
535762
144873
1466
146668
602086
444329
326387
440384
408528
530331
27267
372680
489201
132760
171929
389996
236828
500921
482144
492314
249441
311640
438482
147433
659565
287749
649965
741213
458986
481819
356366
6540
567235
356331
460184
529495
132858
409602
436161
30280
515053
157401
495960
648635
156346
731633
409210
120
188634
443861
446149
533549
514284
522590
356377
405410
657347
418416
521487
522632
743232
511605
596572
24583
464472
434102
5308
302738
1342
654815
209983
298248
633653
78888
381126
442707
655267
368203
6838
291212
38516
369614
184233
221847
193557
406475
101302
644105
410817
531371
535192
703523
591518
729014
334832
743234
591447
24321
440544
720312
520348
84084
280782
161008
428027
546292
664080
270978
486189
203952
525061
23248
592260
440968
565725
533712
656492
591680
159014
114286
467807
229641
591757
162121
125898
88013
211594
437779
439381
592313
24135
34576
311190
5062
142074
150837
463456
534679
500067
593187
160556
709228
125113
497599
347535
595201
337766
438720
368410
21422
665869
25155
125867
352341
438227
6314
436405
381061
437585
356501
74563
199625
94395
108530
203772
740440
476432
731797
144835
78224
647421
506759
741531
446574
530479
15580
82916
533855
59761
135015
532091
470259
439480
740386
50550
584784
529631
740628
473583
22393
289347
173001
356572
77060
257008
444569
455493
724025
546286
727986
743258
509083
597216
469376
27021
628599
282901
26006
152774
421608
247280
28465
355357
654907
42151
518341
7037
743285
103832
378103
133892
596078
514870
523215
11355
558601
631580
363137
484068
534168
369422
134665
178695
571841
546407
643565
192374
461178
648316
554762
432485
504062
181301
1600
533526
740540
473420
83577
105196
436568
486589
351887
473109
643658
298705
733403
656660
443683
213061
170622
613082
632476
481571
408054
283734
655088
390736
388645
658436
593920
309090
534457
712767
150749
411300
5120
568247
648434
438709
741202
78601
513134
106185
372541
169378
435231
533086
655348
508524
429
502244
211426
50098
437594
396740
702907
532359
532626
475392
295917
446559
170563
151787
535731
111779
586219
437388
431092
707990
109052
6906
432676
743274
436439
408073
292457
518265
435369
24054
108957
389945
645802
288215
513225
191186
256301
181855
94672
194148
743379
18573
524308
275243
485246
532793
594171
387208
50823
538286
648612
374990
444467
731613
42949
502756
317632
530899
533725
696238
647105
192326
654545
702056
26516
591306
11314
4082
177530
656073
656581
434286
213389
265174
446588
660757
520494
283551
520640
424908
180946
720376
325667
182698
501127
355927
535326
405590
28988
654773
518774
426359
614080
430733
474213
3530
388927
58992
122752
515890
694157
525210
446251
268488
433670
567236
443121
529862
516023
743431
521651
473341
119192
481202
529618
370379
646582
184080
656565
510328
420757
380933
115088
514036
380233
493709
446852
418198
743230
595423
74564
731510
369017
720220
65029
632093
506374
199695
37616
370781
583805
513261
101139
20395
57079
479693
17719
495755
664873
495039
523403
459927
525348
435136
3873
169815
429608
226755
26837
191346
523512
514580
657172
162016
332795
647068
233952
176503
286145
592804
743307
269512
512676
559412
500756
487648
483454
189772
509736
471381
368325
362728
27373
250648
493668
515879
654968
408233
594238
9029
500483
255973
380118
498548
425125
290404
153412
58559
600825
492599
485081
98751
444451
643896
412103
546289
631725
15929
79088
12677
116935
224764
733180
511477
314359
419463
186350
645009
612385
507805
446466
567378
279806
93338
87435
293560
656271
518773
533977
47099
496487
97270
182825
97997
479808
106529
74405
533831
240770
75914
513083
306242
501023
368866
667534
8372
182421
483564
646421
655449
654849
461819
303609
18349
405144
31652
172755
158688
363396
530597
180909
292265
508480
660922
406300
177926
520313
280342
201918
511817
520048
513734
534255
110488
436873
709017
489734
149991
548088
467097
131255
534404
191887
480311
82028
112208
523836
524804
194726
124384
47062
190968
99819
75231
516671
516746
741177
546282
>un
634173
594846
655522
594879
681002
479728
662098
732439
727898
562745
444173
714318
731577
449153
699316
370475
743220
706056
701361
351316
593376
596321
293024
481657
7917
712951
664870
727882
644041
648806
713770
706044
712780
655297
663039
728334
702472
634224
699901
654763
655266
711117
733605
596822
713706
667585
662815
268887
519738
633756
447714
530412
658931
592129
708634
708558
448879
708181
658434
644026
484769
728901
664868
592495
708359
336832
663458
492869
708827
664226
567699
715779
708932
707296
655757
664574
664455
575922
658160
731984
572537
720884
650182
731478
708249
715546
664452
628678
601465
662869
733442
36927
664231
593087
644915
512811
662871
523470
740809
700831
665098
657660
645304
700350
709934
741426
708727
591538
559835
598305
731623
657607
337307
718642
713223
645558
436298
701236
740742
730650
708294
11463
657055
662883
743247
664577
729483
664449
596780
714554
659959
517207
339776
661858
662005
599592
558835
600836
714487
661830
741178
660925
663077
720521
594106
658188
444552
593176
713684
703106
633578
715793
594910
632573
593220
691454
669724
699970
605253
706279
699563
634596
743275
438979
659658
604968
736416
512525
708769
480743
592455
664239
546527
584939
658794
708256
585792
592737
662688
434075
728969
514118
707324
705990
701265
662033
656343
525899
732051
6790
714048
732001
512542
708572
649297
519520
743458
687438
710426
596058
707090
657308
444645
653312
429585
662876
707223
613424
475103
661401
550187
664871
449095
429581
426104
707250
664349
663040
707363
663606
514216
708426
706888
664369
708774
592614
732123
713634
713774
632796
595170
671237
600003
454011
708120
658911
597387
568273
595816
699526
162473
693867
708350
658155
504856
693760
672870
658216
662884
664869
721551
662497
741221
721122
241559
153290
724874
735616
324879
380132
594773
603680
734579
705892
656521
433029
743590
496271
596814
664443
592555
605566
655340
448226
655550
599923
645344
709438
605433
714000
713750
137270
148340
654621
713973
702164
632891
705267
727468
665104
731509
387576
707339
633900
602554
658419
443465
644500
702902
568267
693730
672910
665099
201765
662978
120633
596742
567702
712899
661123
662867
661894
148105
547622
693667
697218
600837
664346
567817
700830
714898
572642
708536
661733
713793
664426
710688
715338
551944
709711
655763
597533
634595
708676
664451
634316
713656
561149
657767
437153
535026
655463
466291
486304
594371
213740
663378
714301
705707
729514
380956
645450
666746
470601
720231
604610
719698
730666
389906
