>id 1233|Hs|cgap|||skin||non-normalized|tissue
>part
>ku
490235
679768
679783
454355
>uu
607804
676153
676097
672007
676178
675994
671893
607858
676100
672005
676001
672083
537844
636570
675993
607807
672006
563622
676098
538643
676179
675995
675992
675997
611523
676106
611376
557940
651783
575832
672082
525315
545826
671892
676104
735731
635915
542185
672063
611656
672004
672084
676185
539301
711109
672085
676105
676101
676000
611611
635930
676154
612970
539902
554698
677446
307560
538390
544730
566439
612972
323020
612971
566697
540746
612969
677445
539912
652894
658550
333208
584629
736770
708848
645499
711519
616268
679785
714098
578774
655431
565468
616604
699708
576292
666331
539689
436705
673176
543905
673173
608861
544213
537750
673175
644191
608864
608860
673178
673174
608866
127180
687249
666325
565924
634913
538718
608881
608862
608863
602412
673177
602421
482811
544194
602417
640564
>kn
436500
333303
160550
631638
741170
18192
449278
75227
634849
98322
732945
681616
483772
6459
506325
249718
522679
596679
36053
500104
713554
155247
144309
29106
292579
336810
505874
632703
256278
16355
524210
632238
49774
9234
532375
93670
460459
740373
471917
706355
504877
283844
16622
165465
288773
203717
238990
234642
298885
520182
319334
501624
86543
444959
412870
546287
491223
414880
252820
561708
216653
258855
446685
324271
43071
334846
731854
729402
124126
513153
625732
664764
16130
58488
596025
534334
595458
494261
706676
516954
278962
65135
431279
519694
130098
75812
31856
619315
192233
418012
474935
632272
519035
400095
686171
605153
298658
741175
501991
82793
523680
726427
279877
467898
201858
444975
301853
712658
740364
293274
516859
144980
89497
654437
619396
211914
523774
403933
405692
632182
6076
492121
168241
523789
571148
527061
89643
656782
408427
469473
522665
99120
513851
531856
546419
119594
253726
469154
83753
517815
740432
408324
524648
173611
148641
610717
20716
369921
7854
173946
518355
433419
438292
389027
75243
741169
409578
635313
740573
53454
5324
254642
740494
594658
134816
510407
409140
98558
296422
122575
492490
740519
407604
741273
494691
655455
593422
440900
33642
495511
211282
592689
709543
518236
171057
272759
503597
499158
436913
148342
26890
434980
279836
103110
587325
496755
474053
592591
532286
430589
660929
133475
519162
144407
114033
526975
740548
433445
270279
484918
58633
711490
546269
585071
10862
365116
196990
434044
267659
596464
81170
654951
144468
509414
3100
487294
75799
496098
491582
469615
136947
730654
446374
584809
655555
631860
631923
19156
325978
719938
180933
632365
657869
721139
344151
591456
529959
29288
530024
656902
278573
530096
444751
741187
297483
131704
598836
296310
488624
231411
488307
741382
248267
31714
632717
525518
475502
513646
409662
631535
277533
413416
485195
194110
502315
494173
732093
509499
286226
741358
435815
204773
711405
632693
741319
591096
558799
493062
444213
302130
655095
584842
69293
103502
741450
458358
369056
2250
286131
35947
471401
48297
433701
720388
484588
211079
720151
323342
406678
513661
283565
11615
13205
370504
471441
419171
620525
468801
38512
368639
598850
181289
546323
54457
591363
516306
440364
300772
250236
270017
555956
466743
49599
472330
513832
40499
373498
437256
732423
557550
505824
722575
124942
473152
732236
520794
503692
516111
528634
469280
653193
438851
348541
78880
434996
145469
12068
143681
123534
524484
389277
145442
377894
91747
235368
731481
660936
478125
439548
620557
655033
289108
708059
135167
707401
433764
77793
531330
348418
740398
58373
125133
468442
584730
191219
517310
13781
343244
524271
449523
87306
459630
572477
224616
655168
708687
454418
153504
314327
208597
645792
29692
430551
506861
349306
657058
461131
80552
334911
22634
181326
269577
440950
478150
591360
740671
212332
274531
391860
5327
516813
239718
479386
276724
498115
47223
460988
211929
655271
13640
66744
222510
109731
518562
82933
531752
647092
502917
483512
514196
225836
436410
356399
719132
515785
12109
558541
372378
25590
12229
2533
475733
438862
104347
516087
519568
502875
369624
514560
471452
3903
632212
597915
76111
500721
23650
118681
29282
368160
104879
1908
731661
473894
518767
522891
319481
497873
643514
66762
250758
531807
63290
586423
89545
389734
573490
652114
151218
591671
434053
20685
398157
285363
166204
12333
631661
558499
515610
162458
356285
607212
196129
31074
75069
662043
713616
103253
85951
77961
439894
311363
515266
22546
639609
311187
199561
591805
128548
483296
520341
149168
352642
705431
655167
73986
75064
536967
222055
438723
249129
626544
298280
531682
4029
502759
278277
410924
19121
255230
535788
355753
306123
446352
709271
460885
79625
509780
644306
518921
91579
149500
510528
414579
444082
486357
112728
381089
7910
128738
482043
516159
439620
110571
490789
696433
709591
370365
12646
444818
516153
652255
62192
525084
740434
159226
126517
20930
44856
476179
655532
504609
332012
714076
107922
420272
130836
709686
445588
164162
74137
405479
474751
665686
10101
518469
119023
491861
514682
646346
556986
11729
628096
20225
95231
370360
6126
415342
12102
655915
54649
21107
516505
497391
498160
436429
731659
440049
411573
520063
204041
521461
77542
728762
387057
709570
516217
592080
479396
647334
355333
5258
284630
4253
136778
604182
529948
137574
292882
138499
534261
441047
631975
255093
595072
654604
524134
472564
198249
567367
443417
660010
239154
331431
504115
312485
75361
438409
493750
518138
466471
587054
524224
195080
231750
656274
47649
432648
647069
514489
516160
284279
439060
655020
462214
514632
523009
459311
409911
405987
445977
518609
741412
505077
106861
4998
444276
55781
250905
430425
6449
334868
90753
410037
82071
150540
407368
283869
514535
482491
441783
529023
123450
458412
521640
38738
371597
212051
483521
530291
331555
1030
592201
555973
505231
532768
526464
121520
87856
369606
92236
726088
94011
306221
465985
350899
377070
719172
518827
404056
645227
267120
310429
30792
574822
325631
424932
177841
400625
415172
367992
516032
516700
435500
528803
569843
676111
387804
306339
634680
529100
620532
515317
132513
555866
274415
389874
488171
462341
478275
600114
82794
521903
131887
287412
422676
8867
524293
741253
21899
492261
172613
98959
356604
645337
144011
634944
647082
159643
381058
145386
531081
574492
656937
626404
351203
631967
403790
71040
517331
8546
517610
741341
447869
355570
438336
647109
30743
434253
416925
298573
475401
741237
479677
528780
729062
75189
593373
128576
78619
445387
151777
643544
725787
368171
522493
279837
654965
109520
591002
591336
23363
3447
417004
516114
368077
668060
268326
3439
443572
482521
488877
4988
65641
12420
577256
389137
107387
487046
374556
653202
156814
512627
513856
636480
591969
368610
654856
482497
731619
291587
47061
513457
559115
655967
727072
150444
515111
36473
729719
465924
54673
408542
530331
77269
460238
655336
418795
498292
39429
504641
370895
308340
387255
591731
57973
295732
467960
443673
482144
159028
81328
649965
486434
77254
254042
654514
699548
416994
647062
4285
37636
461200
471104
520133
509765
476448
502769
475970
174050
657649
589427
654857
148078
239631
127610
495960
166091
524518
480356
204564
75372
467862
503850
496544
446149
652183
340636
659863
467866
632226
338207
185597
657347
378532
553221
709408
511605
12707
485784
411490
643754
517792
516253
10326
498028
449098
654387
288178
189409
434102
5308
302738
654364
595983
632184
78524
196983
652423
741247
420024
445168
300863
467701
525597
654634
523526
436564
157212
591604
632535
437460
732407
655012
546239
150718
193557
121540
431317
464779
112444
278436
706016
155983
631728
449585
158560
355934
414565
1239
729014
162877
12865
334832
466919
405662
632314
438689
534560
527973
150087
297343
65238
143736
507971
372265
149098
183390
546482
376617
127249
664080
519873
477879
175473
77810
143774
730768
5245
252457
12999
656428
499886
446079
80828
164682
211594
440414
713548
91448
631882
654690
526711
494419
333786
515169
225988
726187
55378
497599
511801
164303
440382
528631
524430
525607
438720
316890
503178
372914
7966
213470
515500
643498
470882
31334
446260
9043
631550
436405
278569
377705
482660
183800
181444
94395
499594
43899
647421
9196
506759
465224
509264
25425
15580
175955
533855
368404
522310
448851
1933
110849
414473
2022
22065
203910
514220
731528
126906
495473
237017
412186
445512
439480
740386
741208
647047
732409
529631
75841
741143
631596
578443
200600
194554
724025
97616
404119
546286
656901
155085
195040
538103
661665
368376
319171
388297
521240
445040
421608
591009
274263
611072
282997
410228
654907
710554
654848
247362
486458
109778
676266
523215
596014
656294
585799
363137
517436
534168
369422
634632
178695
104119
7753
100217
445081
524800
448342
425801
319128
571841
1437
66708
192374
292949
378996
478729
248290
445351
433343
504062
592292
481464
516948
1600
534322
246413
473420
192221
590977
380159
587558
21902
117715
485130
298705
656660
710727
436204
558423
170622
369397
481571
111732
503368
741269
403917
347614
645344
356647
129798
301756
70312
741350
525796
515469
5120
182625
53066
517888
469630
279746
731723
279953
407995
109225
172685
555996
508716
335084
7764
534360
23111
146585
19114
604542
417077
388188
525459
546467
125037
475392
269990
702213
295917
741160
480073
656586
292986
111903
155829
129634
445080
591292
496646
431092
163555
303025
61590
740511
223141
653131
35828
654988
90280
440896
444202
353175
522114
465542
513225
191186
432397
325531
181855
631730
712555
524788
275243
485246
731784
532793
534613
31121
406758
469287
731939
12084
114062
558440
1706
657595
525572
444467
29665
50868
533050
653349
170473
533683
470417
578508
334
123642
406062
271135
435735
515642
435326
741310
489287
708040
90093
310809
193226
463129
18166
472856
348883
447506
225356
200136
280388
656073
389107
81934
432690
82919
525600
284295
466766
312098
461786
460924
102914
435941
474069
286194
368525
655909
433845
508148
355927
501280
484222
594563
10842
321709
524081
515092
268963
614080
741234
124503
430733
527778
658134
528993
183958
77500
513313
525196
655210
381167
425777
374191
74034
127138
269988
256667
76152
20021
440932
121692
513195
522817
446388
355655
101915
513984
433702
435759
459795
18616
110196
535257
604001
530227
234896
740431
481202
209431
69745
476306
510328
408702
321541
412597
389171
701718
460260
720980
508950
503284
533953
600029
74564
133512
467587
374378
370781
720080
726215
102336
720306
522789
500546
323213
461988
465645
720022
390817
521915
159066
524763
728802
514580
567524
517134
434401
106005
462859
31130
512676
516711
599039
434914
21701
120998
655392
517293
480815
487648
483454
282410
528836
113916
195155
106730
654968
654441
500483
718943
76753
425125
491682
446392
488189
513075
524418
31532
438072
492599
468099
432329
153704
201253
146339
420559
584801
469935
529782
532411
164384
159448
268107
419463
343664
104320
444664
288232
591484
25450
292524
650174
81071
420076
29724
496487
654395
355952
592102
524530
322852
513683
741217
438678
592859
183817
368255
643553
595053
82128
18259
364911
213424
379821
18349
523822
277517
724010
294041
180062
363396
443723
367854
199763
464071
649764
654964
308613
280342
522202
435610
116877
191705
716128
492208
55016
520048
389700
624002
436873
133183
107125
67896
2420
107911
714326
258563
372050
534404
118351
655285
48832
476319
194726
662371
124696
714608
194669
741294
335614
500788
643497
612866
632378
368921
256206
157031
534313
726290
729085
695681
443139
699177
485104
6147
120766
643267
652312
741401
279913
404321
563630
132195
518662
473394
285197
446017
90790
194692
529408
287379
379466
11638
647063
720208
288382
458747
5148
470412
190544
484500
19196
567327
15114
33366
484813
516105
497806
27621
521924
75782
179608
407482
560655
17614
144073
7200
689456
32995
27222
401388
439524
591569
524390
181159
163113
75254
516808
654582
351474
660026
415067
479122
190334
274256
181781
730674
493716
414952
109760
129758
524828
154396
517653
496748
441072
202470
591003
149261
614974
578450
8944
416073
434289
143250
6551
509067
491232
546298
237825
380627
25338
59486
525209
172928
128065
203559
590892
535972
12956
475812
563344
459632
522401
523664
289008
558396
21958
473721
647041
7946
647101
732238
503165
741244
571886
533934
437403
514308
438
512675
23582
2795
281902
602765
382306
527982
579264
524183
709690
474005
533657
278064
370100
501252
470907
476033
300816
567284
655697
329266
732095
13845
131452
246506
467210
534497
710240
584864
122523
524219
356502
239370
66196
492427
102406
513053
76090
533444
472558
486109
380277
367900
431850
523454
17109
349656
429180
593351
533308
520943
712713
32194
513470
515215
380857
591288
25647
685225
450175
288568
343828
477789
598320
512235
512619
375684
524760
654677
655165
412941
136348
718640
730597
138378
741172
478481
513617
485899
76272
73722
9788
467142
445827
706766
534309
596314
655572
90458
229335
591606
119598
434059
288959
741162
352656
593995
73793
189641
471156
439726
515249
370927
513044
101742
282665
287411
1274
517400
437060
741196
517941
389311
97887
741581
263812
741157
350927
268939
593344
2210
658760
506549
522752
592510
490394
278839
157351
740529
515351
741199
591947
387567
523370
162585
644420
485233
655552
36587
274539
505934
525557
323363
676102
390788
491322
299002
170835
102735
706674
239818
50850
591451
509451
475074
75890
527412
740578
250693
486031
134859
434232
713578
272168
728916
654568
136905
480819
524117
372208
647036
124434
496969
149032
447458
476217
171596
397153
515947
212102
50727
437277
592174
503763
433863
503251
501622
274864
632294
336564
446123
731615
596643
463059
106212
256526
732223
409137
78771
585464
98553
515714
503709
440643
31498
651219
306769
522257
525629
499145
74576
106469
632865
161357
167741
534196
522057
658789
632486
661055
220950
155839
697046
476454
103147
369284
591588
296169
648369
440494
118248
370024
432491
465433
515146
592004
520026
299055
1869
408909
133397
500736
113577
277154
29173
141125
417549
269542
461047
89781
477015
728902
594157
591133
133469
386567
485278
477155
706124
511143
593148
654911
350194
153003
713615
502867
514038
513230
730779
199368
471014
250723
252713
413812
493867
505516
544577
513043
36927
444845
440599
118076
430435
529385
713590
368084
594338
349077
145586
644347
728813
509163
156509
80976
395482
194385
375217
369368
502823
89901
719927
198161
266308
200770
156231
504895
654980
529303
723254
99962
512382
99724
654548
61812
399800
433573
47125
555978
556077
632465
532803
517969
469820
740491
515018
436023
643655
268785
654363
75093
78019
740430
23918
740473
374596
654404
648394
40966
479226
108973
78354
524579
626139
82222
376984
162852
718438
9534
162200
523443
178551
194157
255935
663312
655160
75335
514581
512894
286192
162963
214043
268849
303787
292549
658566
132642
654643
272822
665751
644231
517612
741277
89603
655131
523744
729589
24119
518513
529925
518750
527119
288809
288348
44817
381105
495984
501106
147492
525622
534398
403436
691131
6396
442138
106510
73799
193268
703306
127486
520819
530539
257900
458280
429839
495417
449909
530436
732291
531406
216226
482526
584775
444277
535297
170422
21509
516220
592207
533709
654991
592082
369232
231942
426296
468125
4014
183994
356626
389037
464391
528024
632267
459149
136280
511096
719958
3745
997
279902
567502
508829
108332
60300
655643
156457
655313
474217
728829
444450
463045
149185
594952
731505
517172
568046
557425
288274
268530
591499
46701
490512
302977
604479
463439
515704
74368
169474
517044
306764
352768
127496
731392
515687
370666
298851
594372
592053
194718
631914
77578
499960
553092
516994
6360
536535
380081
234282
106880
513743
181163
523145
523238
591255
497200
271695
307084
170107
163645
495480
465808
334989
487498
140666
644697
29341
104519
592286
471785
461086
30954
397010
486360
258551
19673
460179
169487
732613
289063
448979
474536
356719
533122
7001
443650
529509
171458
279881
500775
437638
78948
602063
471403
654588
162209
591289
494622
527021
309403
741152
77558
533782
354056
533262
71787
444472
444389
522699
516726
522507
609663
530730
653654
489608
484289
421509
584863
516370
303676
659274
431307
462550
513267
7236
368794
535378
301404
491494
654570
584242
601143
433529
279209
301658
412842
26226
409412
337730
134885
347991
79018
9613
406861
414407
22824
514012
371001
408241
531563
495728
8715
381214
75066
432699
740465
501578
524910
380225
438712
634882
119882
22399
729021
304192
425023
356460
464416
61418
528007
603252
268774
516157
504517
79033
709878
524750
183684
719951
433750
412939
534333
212088
149443
175534
438454
2913
518250
709644
388613
587979
413366
435535
631549
644504
591329
115232
269059
257970
454640
727355
335393
149487
368214
654957
248086
406423
100322
235390
587663
741286
334587
26232
346868
79347
604116
35433
493401
137556
525163
532492
591140
406530
504765
632426
185675
121432
433427
8015
632918
213724
9216
512898
567550
434961
437385
508738
603676
524161
515217
431400
504416
424788
523004
529517
275865
334707
515210
8361
380774
500333
77274
654352
496622
443379
523855
14770
497816
600545
129095
374588
134406
143067
57988
194121
654718
178728
486354
19385
374043
445030
473254
121549
655331
202238
279652
655218
22895
445000
355126
530871
515329
401903
179565
654550
81131
301613
715590
442634
69855
654422
463375
23270
729048
253197
433442
455089
382044
444441
433615
500156
656071
497520
190086
103503
117929
436912
191510
496684
740570
611475
535769
654978
268675
535762
422113
28608
502745
1466
718838
195464
731438
602086
125039
59504
347408
137516
568010
184492
588815
709837
7744
370312
435560
603040
98910
706889
288853
733048
741489
643552
288224
12056
287749
741213
111801
21160
481819
356366
654660
356331
712959
595234
496572
127126
696735
719906
164060
92308
153752
632685
486542
656803
514468
718984
533566
527861
434604
272367
740684
507074
26023
480597
461329
163990
546288
256549
519320
156346
631957
631865
182885
591162
11108
663903
389638
533549
271249
108029
275464
285847
507680
475896
418416
182255
522632
741420
446414
577202
631594
28326
293970
5710
596572
469881
518595
517216
437084
209983
135259
191842
640450
356231
627962
184211
721234
632447
300485
213642
369285
729520
518249
514216
740368
269665
530823
528385
55879
462230
369581
221847
489051
116448
490415
521456
515487
406475
479099
597656
414332
410197
315137
728983
418233
410817
535192
531371
497350
184523
591518
702167
644724
441122
575782
406013
523560
549204
7644
534314
332197
520245
369123
118474
632807
485449
522561
454716
171626
464971
520414
522662
518119
497443
287702
462598
291533
474737
413123
736771
8859
27160
492555
591680
417962
632704
467807
418175
505545
567598
26047
386225
125898
415117
430606
127403
34576
474018
723297
485060
5062
406520
130036
150837
77100
13370
527101
517180
126409
156452
709228
292804
573495
529369
458513
75348
337766
1420
14248
479347
212395
591589
521124
502773
125867
438227
530862
334639
473788
381061
591697
387258
167535
203772
463295
476432
408903
78466
920
386939
503594
89864
472651
517830
493791
8562
204475
491988
656473
741331
380887
631557
433307
726316
183702
512867
491912
643951
247186
422990
12970
514050
473583
527874
173001
728814
134587
48353
147585
2633
469376
466057
177633
420269
591605
26006
283739
592105
24678
164070
289123
421848
135904
469175
409834
473761
355141
731853
258798
528050
103832
591733
632466
444024
604551
534169
237480
276315
167496
643683
14511
512592
368433
143046
631580
712598
494985
631558
487412
459379
248017
158237
520189
654566
55279
353090
86905
500409
546407
731394
535804
144700
605502
185774
75139
740521
731568
554762
741232
181301
533526
444118
705389
95972
46679
533479
515003
436568
277677
25333
495229
270845
460978
275736
591491
522805
23413
414396
702010
597755
13999
591931
435981
591405
662523
323489
481720
593920
368131
480506
189075
352609
741332
352018
442782
204619
5613
369168
128420
572518
84549
334603
288741
96996
18426
355455
506415
551713
374257
172602
437594
444075
148272
140978
505202
521973
280604
282417
521151
522572
388236
533593
120963
522819
531962
6906
179309
475125
436439
408073
292457
2256
24054
522639
108969
443081
2057
368296
449718
188606
250822
515254
504301
524502
194148
256301
435714
16258
444986
523080
2490
740522
632296
658866
530251
387208
538286
370292
554829
192103
483494
512932
131226
732037
696238
466937
351099
525232
271940
155097
440475
82890
466871
234898
119251
655671
654379
522500
502659
518460
517820
390623
523875
369755
433759
710624
533551
182698
36959
533282
471207
495138
712940
529244
632729
212606
33719
193115
465374
518774
659767
520627
432132
606200
58992
730599
282700
292493
740490
480415
515890
258501
508343
711471
433670
540038
529862
76686
30213
258212
412468
1211
593928
181244
517357
478031
2399
371594
741255
517232
474643
3989
593382
406277
337594
514036
655320
177744
519783
418198
731510
654836
65029
523760
12341
388347
42400
458499
466148
440934
654720
199695
14317
677546
169611
731712
515475
82327
513034
160954
707
660534
495755
591967
443430
632191
708114
7768
414099
226755
596726
26837
191346
517641
657172
332795
512597
20013
502116
499925
418093
714330
189772
293818
471381
15250
655642
643813
705480
409034
517262
40919
370770
29203
406703
671890
191334
445052
498548
248746
469970
591171
75277
388162
156832
591159
521800
525251
654636
234521
741413
484138
11125
571512
730771
444451
130746
308171
558296
286173
652169
515082
631725
432914
194698
249996
713334
476209
79088
103555
591944
408458
131151
523718
347187
732264
253903
436062
413111
166924
654593
371794
460558
279806
388024
302742
510078
293560
484950
527971
5452
518773
699247
333497
516604
681743
502876
77978
459153
108104
8705
411695
209614
43812
533831
503510
522373
513083
514242
707712
104925
595071
350209
368710
241407
381072
435512
12107
501853
439312
461819
656547
200022
585053
292154
445315
732083
284284
106513
126248
632177
532634
103561
244580
337295
181097
221660
16606
520917
355983
523252
54277
654475
520313
20157
111024
514211
441550
732788
293798
83636
368853
534255
647409
409230
741156
226483
149991
592502
129959
467097
192854
408061
741289
21572
371856
480311
82028
515848
591160
241545
636199
474584
526902
523045
713123
75231
524590
4
736828
584916
217484
201978
724860
85155
524947
11042
490991
9997
67776
532824
518475
516656
79387
445403
8379
731398
432453
5345
117938
632252
170568
516802
389103
709337
632019
741291
154654
24258
508725
369331
158304
727580
632339
271749
26550
95577
282326
332422
731928
647971
14846
679580
283803
591347
655387
16349
515415
67201
427232
533055
708096
145575
300141
198998
298654
654572
213198
371240
227253
356766
270043
515575
239666
85769
29403
150580
397705
63788
62003
517461
494192
655327
495710
496068
155218
712617
494406
435755
655046
474596
522895
699841
372123
202011
5930
57698
30258
408018
514821
143187
654401
644628
591130
726355
654668
134229
632219
382212
26506
160953
28540
376933
515046
280378
432862
605445
280658
135997
653124
731416
205558
728931
290758
654610
372616
512815
472838
115474
33455
180142
16803
66048
411865
124147
367842
202354
513247
159306
3260
732289
621200
467306
76224
632979
607824
436383
648806
270291
594634
239500
494892
510375
519246
180535
494529
591054
489142
412406
77768
515876
659809
596164
159472
140452
123464
50308
590956
30977
740463
201446
15591
309753
459759
632237
524121
515070
91481
108371
409065
709967
503093
468410
434081
215766
272259
454534
100915
524250
487027
509226
191987
77367
156667
62209
524894
318547
40510
593339
42964
741418
300887
604915
460336
377001
533624
731476
581320
269092
507515
436123
9676
716689
515340
649191
517972
197644
431471
12013
255596
379186
8102
236774
79081
75256
159223
76394
68257
44780
330463
22109
598441
655688
22587
108301
4779
654808
478854
2853
110445
709489
274772
505339
7101
117167
504009
470399
591318
410388
533721
233955
553949
183850
741313
370254
131851
1063
612151
502793
517517
474705
39925
591650
162757
128959
365207
592129
496267
153961
181297
482573
412433
370408
501135
309849
525093
443258
106909
657632
528952
76884
512607
57652
507584
9661
489365
517034
602757
527105
516707
212838
484047
11110
444319
515515
597349
384598
516522
99477
469116
601591
90073
35052
523329
740365
446336
559459
517541
414418
406392
485717
24956
532216
459284
32949
73797
116459
498569
713632
46894
102798
444279
467824
18894
13323
494556
279929
591809
169615
732118
7879
282177
306791
107622
85658
516837
380138
26703
355643
741363
421907
709321
504315
3416
735127
127792
83077
12929
307835
515542
435044
128866
533192
353013
308122
472437
655519
291196
172445
741298
533887
355264
109059
512841
11776
99936
564847
41690
518997
241543
559067
477128
740387
280130
740502
136295
135646
4944
517553
380389
520149
221873
71465
632554
741191
532683
533022
481526
730618
435001
517582
19400
510958
146632
700557
433381
157726
632188
268554
431043
282702
711067
496658
112408
149305
68864
534562
448229
741181
719189
285354
632403
647060
173524
494496
472667
731377
134623
20103
269211
411501
591742
519842
78989
728777
599798
471873
25892
339278
668597
406549
904
650382
740394
513058
198862
483305
415299
297389
491351
644125
9347
477028
406515
140903
203206
198365
4973
461610
185172
125213
30246
732155
171189
437008
726934
530053
131711
202
593973
553497
476041
18442
356190
632555
20158
376064
513242
5836
584957
460317
714231
591387
446425
369761
433668
660881
708153
235095
632778
440025
150107
252828
513463
552
49367
474980
221597
584858
48849
288969
707428
437075
477959
725151
252967
65234
369440
433291
6891
131933
101891
370140
712553
105642
28020
106876
534052
547713
7739
470477
719925
491336
270437
606838
153177
440219
497353
285051
73965
153357
734928
643548
195060
440401
152717
68061
458365
406460
720068
466814
118243
731673
379785
438550
446641
435290
20879
272813
410965
524767
55977
163893
84136
270655
590908
370267
180877
523221
517670
116486
85603
646490
200629
12253
124951
534770
20848
461113
592123
487635
483444
162246
246381
156171
151536
708182
250581
480694
522099
517148
534456
235838
436102
292472
740577
632258
134514
421245
585931
418192
131489
157659
44685
130031
731729
631593
470588
535711
12106
276878
654653
171501
164419
487341
356440
409368
520638
567498
370422
368149
511067
94865
516539
410477
406534
696631
418533
10094
501293
459896
30619
35804
73875
387679
705323
4900
25313
407641
282376
808
289092
511839
513490
331491
466625
509545
498727
416049
81964
103521
364941
241575
514435
714127
116419
643436
517864
647371
512071
64691
500822
148559
235116
401842
650680
518301
438102
445489
109672
473847
376071
437040
46523
250666
567248
499839
520967
434248
306425
324844
529400
654958
247077
501203
821
169358
108080
173724
69499
472010
720023
462663
501794
655469
467284
469045
301048
485139
108408
591374
632282
529989
523572
85524
631988
546637
5333
281680
30345
466917
655407
522090
2178
632456
439370
732366
143873
440604
604789
201897
444673
661614
9587
636359
708017
633601
730672
527980
13349
480848
594250
534667
655602
482038
546283
370605
501561
374503
82316
9003
654581
473256
370581
28896
79110
655225
522933
8033
503911
154023
506655
10784
286221
528574
133968
330384
432401
64016
249600
731391
379754
523131
570362
410026
592290
497788
59757
407202
644056
570791
377010
504620
430646
113876
481569
433732
741176
110915
644906
654838
279704
311346
720473
731902
523529
529038
74870
515005
531176
468140
131269
438245
730659
5662
716456
187667
513268
513666
7277
615131
466507
741370
437058
481927
250899
459174
368934
374067
509140
464733
740477
632120
283900
356467
591768
517356
522110
406840
5719
111577
485205
382202
653859
471975
443636
232543
478469
515517
435342
13034
710026
272011
585374
481898
727543
69594
567374
401509
371987
7367
49143
517559
477700
525479
130491
9597
75275
170944
731488
76480
116724
203691
705699
517421
98967
525063
156967
709447
436329
13645
439152
195740
546387
577281
720014
474781
466875
445203
322473
439200
720673
4866
709689
523185
740376
483486
510521
483793
105818
144873
631604
473286
146668
465323
520119
472038
646386
380906
730749
481860
444329
740399
517249
27267
481542
446270
466039
104980
516450
732033
371078
171929
417795
389996
506652
81134
709609
193491
249441
513039
426312
647419
713663
570855
6232
483136
504237
471818
266616
532790
656778
567235
75117
706662
409602
469254
17118
197320
63489
654473
480701
476218
517717
194333
704366
474938
591262
465521
515053
620701
79276
188614
658128
120
374973
356270
519880
4747
591666
591156
190622
494567
524084
741239
709417
495219
643120
632460
379414
741158
183706
521487
477498
462323
654571
447794
497636
32309
632034
464472
207776
576320
605143
82927
187772
654815
513330
221889
472119
120949
436186
128474
381126
87752
593171
5086
427202
454528
515162
528693
632380
291000
505469
247460
514065
95582
374650
347144
432984
591061
530687
595809
155995
502842
101302
644105
503315
703523
647072
191215
253736
525752
709545
458334
292156
423756
302051
479298
335551
148716
161287
517155
8595
498187
353181
270978
517617
369022
58974
481918
549751
467192
464572
166011
21577
656492
308418
407926
531789
436939
439381
35354
24135
655138
494614
509227
655193
705692
596543
476018
459265
740380
108049
516855
125113
31387
631856
24030
643566
595201
436657
24587
503134
741180
182729
301040
515472
508234
144058
730686
352962
671268
714425
741183
466154
298023
195642
334713
199625
108530
103934
144835
43505
645272
129673
512636
530479
289052
727648
59425
440899
656600
172865
435741
146393
159234
483239
269775
476680
305882
487510
74471
530381
8986
348609
560343
1770
34024
25292
497183
146804
185910
88556
485041
77060
2246
570274
727986
472861
647450
597216
485262
654609
519818
22960
296049
282901
628599
546271
329327
438064
247280
388116
513861
558218
99093
134060
174273
730610
523835
740554
713636
43322
530000
477547
350265
133892
731699
514870
343522
558601
260928
277624
200063
134688
442337
520070
134665
75318
474206
602015
31819
709234
632469
468972
79335
632415
72071
528713
433722
440848
438533
740606
486589
643658
524571
8004
1964
591415
298198
733403
505337
279832
473087
26593
114198
373642
642990
133122
516866
240170
655088
531788
387787
533468
515274
643540
594496
375031
731890
151443
370145
123198
408257
513609
514323
698060
309090
518244
631587
79322
105606
411300
741151
129867
29169
485915
741202
529059
584908
584748
106185
148340
317340
90061
741204
169875
500013
496139
502244
450230
601206
487296
525206
709425
396740
283610
505806
533956
98541
532359
668378
420796
523852
519839
534460
81469
111779
194143
503555
445574
643920
97174
251531
522378
510402
592159
518265
435369
592108
104741
173030
136574
291030
502
377416
288215
720030
289019
595391
484288
265829
655824
432976
518403
55682
462379
718589
584996
594171
534312
50823
591033
205326
374990
654628
591530
47367
424126
503721
502756
207763
370834
288981
625725
26010
388654
481022
529451
513055
170009
508545
518267
658676
438231
522506
654630
533701
304604
635350
523302
465870
500897
99491
416735
30385
177530
651905
655082
731393
503048
317403
213389
265174
532399
446588
591633
660757
190384
99196
424908
306814
524464
89714
475334
525401
318526
594708
300624
348262
522863
503716
369144
590911
251680
654773
155396
517106
654619
714749
436743
484363
37055
656037
524488
3426
185677
130607
726053
647074
567260
390823
530734
500761
370703
446240
603880
29742
465413
183646
516484
644863
83530
520037
655346
732022
446852
12319
38032
317190
445652
465784
658956
726525
708536
442449
631590
8739
112058
584901
224607
656063
81337
741896
400876
720158
520898
241551
139120
479693
596479
655592
480653
122006
48499
169815
571177
716464
122110
429608
440168
643005
6093
168950
243994
434890
595158
233952
631863
405614
391464
478673
741165
500756
509736
652273
654697
362728
27373
356096
598832
699822
497253
474436
19718
255973
268177
513797
152149
643610
380118
25130
9383
546449
76095
498543
558901
655329
703237
210995
562568
726547
659209
584913
59736
591167
63236
334274
518299
248785
433337
36958
471751
719042
145726
106019
656931
669977
710255
741377
516297
455336
109929
83722
507805
136102
185489
519557
7036
155919
509622
502328
100921
416630
632707
515688
310458
591463
34851
166486
327631
104019
529438
655559
655224
157394
510927
26136
469840
74405
464336
596913
496829
464595
184877
525419
654972
408515
1925
518198
425091
411480
712631
483564
130759
511425
654700
440833
462983
166017
26613
440379
159546
712666
132257
300684
180711
513094
406300
477083
492407
95990
154986
600789
632379
42806
438782
500874
567229
658489
709245
91546
546392
118666
444157
524804
369052
644802
120844
510939
190968
99819
529163
515432
501376
463759
643030
14155
741177
655257
546282
579079
153952
514934
55044
93675
634143
522605
602085
708076
518530
298716
256639
416375
529053
681002
740458
404802
350268
654552
476308
593159
438311
460124
504613
508284
128753
459095
381219
477126
510635
473179
328232
368855
371199
100426
348921
445402
301685
482269
645295
155597
516966
741218
513285
646585
205163
297304
31053
31442
709893
740700
462492
75659
376681
127897
495349
283322
220864
80305
652334
18021
655173
296776
418668
657673
387367
90436
351296
3887
487458
468688
704511
369438
232194
517543
469879
117169
618430
368282
590886
68714
632481
465627
245798
279594
75813
584900
591069
511757
376675
380372
531111
412586
490203
191518
510543
515122
469728
77422
386390
591088
232165
7835
284232
94234
25391
713641
200250
2785
443625
271341
591242
465295
62927
728823
471119
482873
607819
8763
689728
210283
700632
162646
151254
489284
514920
445803
388004
23956
71827
507475
710780
517338
9911
523332
373763
602900
618145
592081
558537
578973
275675
321231
315230
370937
592456
643910
2704
405610
6191
631761
162032
503546
713564
518727
595553
409965
14791
655273
514297
182982
278429
409934
524599
438462
610096
204559
5912
298351
175437
369907
260855
181046
271643
327252
502378
524809
409989
31439
371344
122363
24485
14623
152337
642042
15536
99821
731413
25524
741515
459088
641481
371350
313247
497741
381189
555974
369522
1309
740377
448845
515554
373550
224008
732228
474833
149540
514941
732259
165195
459649
653144
446271
505004
567582
500526
21639
283741
449291
436367
436034
25544
463936
25601
127310
532019
546285
158287
591502
476525
491242
147950
657494
590937
9061
741542
173464
571835
595333
104476
645317
318370
332878
80919
528703
465337
493164
534338
347270
610255
118725
126497
262823
179986
521083
495240
51891
406708
526630
124027
445775
75528
517948
517937
443330
740396
480364
202097
496459
44276
108112
445981
276925
446427
589924
435215
364544
701982
224152
143261
356061
6686
114412
467637
436585
75573
90303
118608
729279
2780
435255
343334
584782
471851
532082
44766
372331
513870
503666
569700
524660
40735
205392
533273
632264
635286
105269
466391
675799
138860
288034
349150
741267
49433
477892
364980
14745
517817
731909
488614
525610
655760
225641
75639
696211
532749
193745
10056
380973
726920
55940
371720
185055
590961
741285
274430
356654
444776
348350
181368
456557
503787
618526
656185
25597
449207
514373
277721
462640
709320
201877
513667
438236
731384
723477
563205
520094
37288
449609
599470
377484
33102
369068
518200
467326
437451
731467
372003
590876
475629
78183
78944
129780
591395
231883
162397
8526
279245
195471
57771
522147
293653
708195
591968
433512
520205
22785
731656
50649
655782
584807
127648
658575
433269
514997
163776
703446
474914
179312
696032
137569
631925
514303
567968
422120
631579
499793
274422
308710
26704
631726
408708
642874
466828
156124
593014
575631
517603
715623
388739
655772
529860
655152
532315
178011
62180
524731
90107
656580
6651
643487
175414
655344
519972
519313
596449
516439
5920
14468
179718
654939
236030
727344
520623
499209
591095
88025
1116
631614
199731
388034
311609
728765
532345
277704
515032
645517
367690
554791
250429
255932
282975
469244
727878
183006
561245
436636
437191
507498
51133
334534
200230
522472
352224
534621
655057
516077
413801
76244
524498
516155
512670
657617
400295
502302
9527
271791
581171
464243
47382
29464
728933
741396
654824
349283
647659
292078
199743
584238
631827
469171
118400
586313
507704
433901
24301
491737
368264
515371
524009
240
603930
654792
83347
558614
632299
275775
532363
22410
520973
477420
558422
603732
474740
506558
484242
75864
406096
302287
434886
516632
151134
370555
143703
731646
3094
132966
708950
472213
628831
487360
605388
400698
741486
534384
170986
515139
111256
593631
445952
500340
74050
731941
524815
397729
157035
390667
162233
98943
356873
423935
271044
239
120319
521008
9589
546554
878
644708
136164
506852
72901
507910
80132
534590
470233
372286
445868
30965
570455
28491
546479
567380
492618
170479
406510
85863
194654
530749
363492
86320
321689
371889
440955
715617
97858
483924
532446
546261
135406
513530
718626
514199
471528
654562
313
741193
713131
491745
654350
609336
647075
475472
438289
355606
644633
443577
273397
104315
435832
657032
534301
567359
369920
466015
158427
610830
270428
524741
77221
516777
17250
500197
299878
20521
484738
517622
130293
515271
731825
150651
592045
654816
152292
211520
721298
617340
654616
643580
371718
436100
273330
432674
530595
213666
136309
227049
672979
17987
432760
436093
567419
159161
149239
279696
500645
381123
528486
721470
298345
654449
168439
160786
508848
200804
530698
154510
400740
448697
460355
520506
525205
718510
368823
458320
445570
479703
524574
517962
472054
504035
462998
196176
532129
83190
410977
208680
632780
372082
111749
129261
473296
168073
201398
536820
412707
12271
479116
429819
250456
740567
34906
656699
523463
190028
740459
508514
24167
631582
396644
476365
511251
655292
165575
514174
621695
719847
188553
284491
696684
159130
706793
268557
616962
720755
522351
659439
24178
490551
488827
534458
368527
520612
505735
75438
371147
116827
371427
592184
21765
469543
567426
444356
517949
513632
430299
519632
741226
504670
220971
19012
482562
592121
22867
654762
371698
339735
531818
440880
643357
50425
118241
80962
521212
475150
500466
654817
380250
707753
412117
214142
248815
654543
21631
444403
530314
660076
474010
535713
121028
290243
371372
525307
26904
191213
607928
727669
111554
318775
516830
740452
435004
301865
584985
76873
22616
654502
114948
518451
523299
15535
180414
533258
249171
62661
514599
594084
433795
596704
592262
731414
124047
280741
89649
536663
469018
376206
591495
719203
458596
706754
469060
534395
7353
373741
435730
77318
284297
31474
654465
24643
16004
123035
365365
34045
518525
490874
597091
416216
696087
591863
432121
321273
203896
519075
524690
274313
524899
404568
487774
190495
10848
655028
83147
42146
113824
131555
499984
43619
310645
326387
512682
655615
408528
199850
471768
477287
514495
731864
437178
517145
10095
511265
443460
194329
24950
293660
38449
489309
558355
526728
654447
442609
119177
654809
591696
311640
591221
719966
437855
231861
533040
712144
632839
188781
300559
709297
132858
460693
643802
464210
147381
72925
132370
720653
553723
741210
242458
320823
466987
466662
20447
517168
518464
439777
1395
188634
443861
529178
96852
505654
124490
514284
129563
356377
481186
731563
370771
405410
528423
143751
631672
194684
375103
172550
522555
173203
460468
514402
517033
211800
298248
139389
526521
183109
533597
412587
87889
520287
58367
511386
357004
389461
571037
505059
567725
652308
504687
596105
184233
88181
122927
112955
519523
500015
567779
741563
7099
567482
435761
202677
713588
207538
490510
413482
7678
506603
31431
268787
374201
371021
470633
104203
593538
88778
520348
135087
516664
444933
502266
655288
654484
520851
161008
591664
507087
433332
445665
20516
335139
7158
369592
532815
533013
644095
23248
75969
197071
440968
533712
502872
631602
23862
431367
369430
518618
546975
232375
114286
120323
162121
417022
517070
740467
142074
482730
460923
495035
24598
463456
652389
463035
534679
464705
1690
114309
124246
25155
665869
458401
117853
208673
460141
272062
626637
482868
332173
75682
159430
19192
422181
78224
647094
243564
446574
82916
58877
396393
20107
510225
466775
567562
506985
168799
467408
369759
449076
331141
118738
436121
464333
662152
287362
654665
700779
246112
289347
741153
478682
356572
208701
63335
436996
655272
498397
152385
257008
83114
180903
455493
518545
587231
514474
207459
594454
632239
118983
496943
410889
150122
293590
631858
518805
160958
356769
470654
180871
212957
289271
27059
169982
50915
95835
378103
23131
148909
655334
12152
653125
475055
617449
464438
497148
407190
632326
655410
438641
654400
467020
535306
532755
13662
273621
494186
177766
534612
461647
594444
650158
654371
432485
368960
531581
482087
468048
82887
287636
731459
313544
632161
71913
471933
519294
227457
726442
213061
205427
654646
374477
408054
265018
595133
654614
252682
534330
658436
209989
304682
495134
534457
523739
593379
400659
14839
78601
138207
741167
259605
151220
76662
10082
592112
436505
93836
143766
481852
250481
655348
295137
598862
470608
34492
461705
524214
163173
82116
93659
91531
495985
471834
517478
740420
154163
731702
524812
535464
151787
404706
512492
733378
149957
239600
189445
118640
534591
22678
446445
149387
646614
192215
501353
640726
101364
731507
72782
43697
527748
551213
233160
644033
458355
661507
632549
521213
139896
741227
298990
504703
492445
378885
9701
633703
188456
407860
288998
508021
631995
731613
654393
42949
283416
431009
371914
272838
241576
304613
611911
655255
276252
397918
702056
440776
301431
271896
152536
505412
740369
731754
26216
69554
443134
368157
434286
469331
283551
360174
180919
520640
527090
61232
65735
487325
495471
325667
740388
407580
75694
335918
631539
596461
233950
405590
28988
595451
426359
461787
75160
112873
463964
4859
388927
660027
301350
415762
69851
32826
56382
706116
482077
631861
26630
489615
655259
371563
524871
438587
1497
119192
248153
730607
502770
642877
592322
516119
512756
24601
600630
210367
377090
434953
657978
513633
437379
468878
42853
730643
596514
369017
460960
370854
652371
227782
87539
661641
501140
741635
712563
301540
75835
9194
500165
132161
127401
502883
633621
173859
484678
647084
713245
459927
282113
368281
3873
131034
486798
83734
282998
591016
519033
546627
501890
741282
502100
444028
162016
171695
465885
471695
436618
65758
271667
445078
194694
501012
21213
89890
591790
501629
655317
320151
499952
720108
474783
118118
594238
18029
523424
20529
21811
379912
420529
284208
642938
290404
531509
105584
591212
556031
540696
370147
485081
119387
505653
371680
458644
524523
1227
412103
435120
642842
333297
485606
159006
118918
353454
79402
439645
511477
512693
186350
530904
138202
279761
514950
128199
174134
132660
274136
460574
400572
410969
93338
634040
87435
369819
529609
368011
592188
458917
643961
654380
418581
433484
1183
741195
479808
191540
187898
436687
127950
262858
646775
503074
370247
528763
287471
416024
352614
741238
466907
496501
515388
659180
405144
561064
515536
520740
405153
495230
459940
732272
180909
729095
591110
632227
512465
508480
514840
8360
177926
334684
511817
325838
235782
647061
709017
597488
592209
591787
532461
131255
468186
653262
424312
584884
25674
515534
506997
523836
514496
654510
118964
484241
467524
306083
16003
432752
26915
608380
112405
89575
516746
592945
43233
510409
191482
432574
376046
>un
731710
479728
732934
728912
656636
567919
587347
368518
554239
595298
696527
732576
653473
740757
741209
596822
634037
649331
731819
519738
661565
732319
619009
609200
662660
567846
569882
660596
725299
713090
665958
718522
594108
715779
509666
732352
740634
600488
708576
658160
712829
713846
568386
596979
731983
735755
641636
736829
704053
658056
22137
533936
335057
5737
597779
649746
662558
741256
720449
602526
734696
703167
652760
731589
714554
435667
578978
614415
668593
644782
386365
708069
644699
479342
741274
731444
696488
519656
708216
652458
710466
713833
622278
708256
597415
731514
523012
714168
715121
657478
712781
705959
715570
694242
592281
702333
708332
636828
591587
698104
628637
710481
562819
666059
609454
701057
512015
268698
706229
585854
151675
714198
714046
658167
601834
444569
493362
15738
699851
732533
655550
705552
655122
511952
190284
667548
647667
655314
660217
346452
549079
449604
637897
632440
662054
535581
588220
715716
594979
79953
650160
600961
713336
658868
661474
705703
356721
437153
533977
721030
732137
740600
706572
594791
711070
655180
659093
444600
605083
712749
655589
645902
594846
120170
519005
656295
664520
731577
593218
713080
726725
697350
732357
447471
713801
593376
713718
720106
666017
706044
593115
675239
657535
720851
712810
742058
648947
661667
731685
190440
730313
708558
592724
708119
626362
405427
679772
733250
400256
654776
694911
659105
656853
710543
732850
595285
715032
715546
593408
715841
712993
705676
592951
708292
530089
416013
152423
605718
725891
680094
716899
522897
653622
706198
708653
727842
599851
731606
483829
655098
154299
731874
719336
476697
699784
521961
604400
713764
643686
464224
629489
613604
460642
374577
594335
669724
606528
731580
712669
667221
602520
372922
742007
715018
705523
659578
709727
632539
449114
704299
170960
596377
657703
654689
659008
678310
724276
735863
676750
706888
488433
444517
733617
731679
736428
704754
146276
701243
596465
504856
725736
715310
721551
661774
658355
709588
679773
715143
190043
655575
448226
576827
652817
158580
663058
387576
724692
707438
740670
741381
567702
741302
742185
729086
670558
708295
731490
348514
331481
606477
600825
649479
658084
731899
734456
272234
694681
714301
680429
669616
596312
468239
599540
520714
598344
648590
708492
593391
644980
720460
666360
651574
153272
7917
19603
707309
712929
703151
728191
733727
463110
667639
448879
734654
709372
657459
75724
587384
146864
731714
732334
735747
719412
562620
715735
567530
651943
658327
700831
573865
710868
509213
667886
703723
711397
655249
682003
632537
655424
732936
645558
732351
655509
447653
592595
662168
528087
661137
558835
741654
660959
597910
702163
741229
213065
589555
494100
659040
662235
107418
660659
592455
731987
555248
741602
323562
532326
654969
707324
662163
705842
706166
535075
705948
659966
668083
649411
649695
661776
714388
655691
622371
644978
713634
137567
7395
701912
737066
711246
708202
644759
732449
356321
657903
702813
703938
705884
732669
708230
596814
718686
702041
657764
442623
735256
734247
199671
643727
537891
654621
671093
714434
686993
702126
656532
733671
413238
644962
299119
321176
732790
741369
717136
230188
276523
699527
672446
280214
648567
646884
442160
633751
572281
330495
670121
520665
713747
485155
587375
246593
594371
355739
676099
210043
521817
711686
567539
721950
634153
245793
13268
741441
699316
731460
658232
663643
740509
702147
633338
740656
697821
660246
328865
713079
597612
205742
713326
603292
436879
741456
597025
731873
661304
732267
649917
730746
633128
567699
679771
659000
732550
664262
721310
733336
731478
655462
707733
720510
735515
645734
156256
619232
613661
30567
659011
713327
632240
701059
552202
681712
710685
529555
567929
724099
733235
400432
531632
708005
663124
517207
616290
661243
716747
741178
23729
592867
586298
713699
594262
732512
473243
670519
703321
14691
476320
584939
232341
592737
740557
574075
436369
716887
661890
570979
706253
421737
512542
592414
741410
594673
657308
700008
740913
649853
714977
707170
569174
449095
729026
520703
713035
727252
730702
579297
729239
709942
726062
725453
438880
571791
644065
586684
380132
648032
668955
731532
632037
711628
592599
675998
735735
616271
707273
657988
709723
727859
507343
702164
12876
655488
669018
596834
472847
572136
584808
631599
726399
535593
733741
120633
535901
649459
655187
583481
713107
657652
569500
592950
672159
592377
728162
689001
598577
586618
280186
656655
646594
705705
486304
658359
470601
433026
708162
>part
>ku
490235
679768
679783
454355
>uu
607804
676153
676097
672007
676178
675994
671893
607858
676100
672005
676001
672083
537844
636570
675993
607807
672006
563622
676098
538643
676179
675995
675992
675997
611523
676106
611376
557940
651783
575832
672082
525315
545826
671892
676104
735731
635915
542185
672063
611656
672004
672084
676185
539301
711109
672085
676105
676101
676000
611611
635930
676154
612970
539902
554698
677446
307560
538390
544730
566439
612972
323020
612971
566697
540746
612969
677445
539912
652894
658550
333208
584629
736770
708848
645499
711519
616268
679785
714098
578774
655431
565468
616604
699708
576292
666331
539689
436705
673176
543905
673173
608861
544213
537750
673175
644191
608864
608860
673178
673174
608866
127180
687249
666325
565924
634913
538718
608881
608862
608863
602412
673177
602421
482811
544194
602417
640564
>kn
160550
333303
436500
631638
741170
449278
18192
75227
634849
98322
732945
681616
483772
6459
506325
249718
522679
596679
500104
36053
713554
155247
29106
144309
292579
336810
505874
632703
256278
16355
524210
632238
49774
532375
9234
93670
460459
471917
740373
706355
504877
16622
283844
165465
288773
203717
238990
234642
298885
520182
319334
501624
86543
444959
412870
546287
491223
414880
252820
561708
216653
258855
324271
446685
334846
43071
731854
729402
664764
625732
513153
124126
16130
596025
58488
595458
534334
494261
706676
516954
278962
431279
65135
130098
519694
75812
31856
619315
192233
632272
474935
418012
519035
400095
686171
605153
298658
741175
501991
82793
523680
726427
279877
467898
201858
444975
301853
712658
740364
293274
516859
144980
89497
654437
619396
211914
523774
403933
632182
405692
6076
168241
492121
523789
527061
571148
89643
408427
656782
469473
99120
522665
546419
531856
513851
469154
253726
119594
83753
740432
517815
408324
173611
524648
610717
148641
20716
369921
518355
173946
7854
433419
389027
438292
75243
741169
635313
409578
740573
5324
53454
254642
740494
594658
134816
510407
409140
98558
296422
122575
492490
740519
655455
494691
741273
407604
593422
440900
33642
495511
211282
709543
592689
272759
171057
518236
503597
499158
436913
148342
26890
279836
434980
474053
496755
587325
103110
532286
592591
660929
430589
133475
519162
144407
114033
526975
740548
433445
270279
484918
58633
711490
546269
585071
10862
365116
196990
434044
267659
596464
81170
654951
144468
509414
3100
487294
75799
496098
491582
469615
136947
730654
446374
584809
655555
631860
631923
19156
325978
719938
180933
721139
657869
632365
344151
591456
29288
529959
530024
656902
278573
530096
444751
741187
297483
131704
598836
296310
231411
488624
488307
31714
248267
741382
632717
525518
475502
513646
409662
631535
194110
485195
413416
277533
494173
502315
509499
732093
286226
741358
711405
204773
435815
741319
632693
591096
558799
493062
444213
302130
655095
584842
103502
69293
741450
458358
369056
35947
286131
2250
48297
471401
720388
433701
211079
484588
720151
323342
406678
513661
283565
13205
11615
419171
471441
370504
620525
468801
38512
368639
181289
598850
546323
54457
591363
440364
516306
250236
300772
270017
555956
49599
466743
472330
513832
373498
40499
732423
437256
722575
505824
557550
124942
473152
520794
732236
503692
528634
516111
469280
653193
348541
438851
78880
434996
145469
12068
145442
389277
524484
123534
143681
235368
91747
377894
660936
731481
439548
478125
655033
620557
289108
708059
135167
433764
707401
531330
77793
348418
740398
125133
58373
468442
191219
584730
517310
343244
13781
524271
449523
459630
87306
572477
655168
224616
153504
454418
708687
208597
314327
430551
29692
645792
506861
349306
657058
461131
80552
334911
22634
181326
269577
440950
478150
591360
740671
212332
274531
391860
5327
516813
239718
479386
276724
498115
47223
460988
211929
655271
13640
66744
222510
109731
518562
82933
531752
647092
502917
483512
514196
225836
436410
356399
719132
515785
12109
558541
372378
25590
12229
2533
475733
438862
104347
516087
519568
502875
369624
514560
471452
3903
632212
597915
76111
23650
118681
500721
29282
368160
731661
1908
104879
473894
522891
518767
319481
497873
66762
643514
63290
531807
250758
586423
89545
389734
151218
652114
573490
591671
434053
20685
285363
398157
166204
12333
631661
558499
515610
162458
607212
356285
196129
662043
75069
31074
103253
713616
85951
77961
439894
311363
639609
22546
515266
311187
591805
199561
483296
128548
149168
520341
352642
705431
655167
73986
222055
536967
75064
249129
438723
626544
298280
531682
4029
502759
278277
410924
255230
19121
535788
355753
446352
306123
709271
460885
79625
509780
644306
518921
91579
149500
510528
414579
486357
444082
112728
381089
7910
128738
482043
516159
439620
110571
490789
696433
370365
709591
12646
516153
444818
652255
62192
525084
740434
159226
126517
20930
655532
476179
44856
504609
332012
714076
107922
420272
130836
445588
709686
164162
405479
74137
474751
665686
10101
119023
518469
491861
514682
646346
556986
11729
628096
20225
370360
95231
6126
415342
655915
12102
21107
54649
516505
497391
498160
436429
731659
440049
411573
520063
387057
728762
77542
521461
204041
709570
516217
592080
647334
479396
355333
5258
4253
284630
136778
604182
529948
137574
138499
292882
534261
441047
595072
255093
631975
654604
524134
472564
198249
660010
443417
567367
239154
504115
331431
312485
438409
75361
518138
493750
466471
195080
524224
587054
231750
656274
47649
432648
647069
514489
516160
439060
284279
655020
462214
514632
459311
523009
409911
445977
405987
741412
518609
505077
106861
4998
444276
430425
250905
55781
6449
90753
334868
410037
82071
150540
407368
514535
283869
482491
441783
529023
123450
458412
521640
38738
371597
212051
483521
331555
530291
1030
592201
505231
555973
532768
526464
121520
87856
726088
92236
369606
94011
465985
306221
377070
350899
719172
404056
518827
267120
645227
310429
30792
325631
574822
424932
400625
177841
415172
367992
516032
516700
435500
528803
569843
676111
387804
306339
634680
529100
515317
620532
132513
555866
274415
488171
389874
462341
478275
600114
82794
521903
131887
287412
422676
8867
524293
741253
21899
492261
172613
98959
356604
645337
144011
634944
647082
159643
381058
145386
531081
574492
656937
626404
351203
631967
403790
71040
517331
8546
517610
741341
447869
355570
438336
647109
30743
434253
416925
298573
475401
741237
479677
528780
729062
75189
593373
128576
78619
445387
151777
643544
725787
368171
522493
279837
654965
109520
591002
591336
23363
3447
417004
516114
368077
668060
268326
3439
443572
482521
488877
4988
65641
12420
577256
389137
107387
487046
374556
653202
156814
512627
513856
636480
591969
368610
654856
482497
731619
291587
47061
513457
559115
655967
727072
150444
515111
36473
729719
465924
54673
408542
530331
77269
460238
655336
418795
498292
39429
504641
370895
308340
387255
591731
57973
295732
467960
443673
482144
159028
81328
649965
486434
77254
254042
654514
699548
416994
647062
4285
37636
461200
471104
520133
509765
476448
502769
475970
174050
657649
589427
654857
148078
239631
127610
495960
166091
524518
480356
204564
75372
467862
503850
496544
446149
652183
340636
659863
467866
632226
338207
185597
657347
378532
553221
709408
511605
411490
485784
12707
517792
643754
516253
498028
10326
654387
449098
288178
189409
302738
5308
434102
595983
654364
632184
78524
196983
652423
420024
741247
445168
300863
525597
467701
654634
523526
436564
632535
591604
157212
437460
732407
546239
655012
150718
193557
121540
431317
464779
112444
278436
706016
155983
449585
631728
158560
1239
414565
355934
729014
162877
334832
12865
466919
632314
405662
534560
438689
150087
527973
297343
65238
372265
507971
143736
149098
183390
546482
376617
127249
664080
519873
477879
77810
175473
730768
143774
5245
252457
656428
12999
499886
80828
446079
164682
211594
440414
713548
91448
631882
654690
494419
526711
333786
225988
515169
726187
55378
497599
511801
164303
440382
528631
524430
438720
525607
316890
503178
7966
372914
515500
213470
470882
643498
446260
31334
9043
631550
436405
377705
278569
482660
183800
94395
181444
499594
43899
647421
9196
506759
465224
509264
15580
25425
175955
368404
533855
522310
448851
414473
110849
1933
2022
22065
203910
514220
731528
237017
495473
126906
412186
439480
445512
741208
740386
647047
529631
732409
75841
741143
631596
578443
194554
200600
724025
404119
97616
546286
656901
195040
155085
538103
661665
368376
388297
319171
445040
521240
421608
591009
611072
274263
282997
710554
654907
410228
247362
654848
486458
109778
596014
523215
676266
656294
585799
363137
369422
534168
517436
634632
178695
104119
445081
100217
7753
524800
425801
448342
319128
571841
1437
66708
292949
192374
478729
378996
445351
248290
433343
481464
592292
504062
534322
1600
516948
246413
473420
192221
380159
590977
587558
21902
117715
298705
485130
656660
436204
710727
558423
170622
481571
369397
503368
111732
741269
403917
347614
356647
645344
301756
129798
70312
525796
741350
182625
5120
515469
53066
517888
469630
279746
279953
731723
407995
109225
172685
555996
508716
335084
7764
23111
534360
146585
604542
19114
388188
417077
125037
546467
525459
475392
269990
741160
295917
702213
480073
656586
292986
111903
129634
155829
496646
591292
445080
431092
163555
303025
61590
740511
653131
223141
654988
35828
440896
90280
522114
353175
444202
513225
465542
432397
191186
181855
325531
631730
712555
524788
275243
731784
485246
532793
31121
534613
731939
469287
406758
12084
114062
558440
1706
444467
525572
657595
29665
50868
533683
170473
653349
533050
470417
578508
334
406062
123642
271135
435326
515642
435735
741310
489287
90093
708040
463129
193226
310809
18166
472856
200136
225356
447506
348883
81934
389107
656073
280388
432690
82919
525600
466766
284295
312098
461786
460924
435941
102914
474069
286194
368525
655909
508148
433845
355927
501280
484222
594563
10842
524081
321709
515092
268963
124503
741234
614080
430733
658134
527778
528993
183958
77500
525196
513313
425777
381167
655210
374191
74034
127138
76152
256667
269988
20021
440932
121692
513195
446388
522817
101915
355655
513984
433702
435759
110196
18616
459795
535257
604001
530227
740431
234896
481202
209431
69745
510328
476306
408702
321541
389171
412597
701718
460260
720980
503284
508950
533953
600029
74564
133512
467587
374378
370781
720080
102336
726215
720306
522789
323213
500546
461988
465645
720022
390817
521915
159066
524763
728802
514580
567524
517134
434401
462859
106005
31130
516711
512676
21701
434914
599039
517293
655392
120998
480815
483454
487648
282410
528836
113916
654441
654968
106730
195155
500483
718943
76753
425125
446392
491682
488189
524418
513075
31532
438072
432329
468099
492599
201253
153704
146339
420559
584801
469935
529782
532411
164384
159448
268107
343664
419463
104320
444664
591484
288232
25450
292524
650174
81071
420076
29724
355952
654395
496487
592102
524530
513683
322852
438678
741217
592859
183817
368255
643553
595053
18259
82128
364911
379821
213424
277517
523822
18349
724010
294041
180062
443723
363396
367854
464071
199763
649764
308613
654964
435610
522202
280342
116877
55016
492208
716128
191705
520048
389700
107125
133183
436873
624002
107911
2420
67896
714326
258563
372050
534404
655285
118351
48832
476319
194726
662371
124696
714608
741294
194669
335614
500788
643497
612866
632378
368921
256206
157031
534313
726290
729085
695681
443139
699177
485104
6147
120766
643267
652312
741401
279913
404321
563630
132195
518662
473394
285197
446017
90790
194692
529408
287379
379466
11638
647063
720208
288382
458747
5148
470412
190544
484500
19196
567327
15114
33366
484813
516105
497806
27621
521924
75782
179608
407482
560655
17614
144073
7200
689456
32995
27222
401388
439524
591569
524390
181159
163113
75254
516808
654582
351474
660026
415067
479122
190334
274256
181781
730674
493716
414952
109760
129758
524828
154396
517653
496748
441072
202470
591003
149261
614974
578450
8944
416073
434289
143250
6551
509067
491232
546298
237825
380627
25338
59486
525209
172928
128065
203559
590892
535972
12956
475812
563344
459632
522401
523664
289008
558396
21958
473721
647041
7946
647101
732238
503165
741244
571886
533934
437403
514308
438
512675
23582
2795
281902
602765
382306
527982
579264
524183
709690
474005
533657
278064
370100
501252
470907
476033
300816
567284
655697
329266
732095
13845
131452
246506
467210
534497
710240
584864
122523
524219
356502
239370
66196
492427
102406
513053
76090
533444
472558
486109
380277
367900
431850
523454
17109
349656
429180
593351
533308
520943
712713
32194
513470
515215
380857
591288
25647
685225
450175
288568
343828
477789
598320
512235
512619
375684
524760
654677
655165
412941
136348
718640
730597
138378
741172
478481
513617
485899
76272
73722
9788
467142
445827
706766
534309
596314
655572
90458
229335
591606
119598
434059
288959
741162
352656
593995
73793
189641
471156
439726
515249
370927
513044
101742
282665
287411
1274
517400
437060
741196
517941
389311
97887
741581
263812
741157
350927
268939
593344
2210
658760
506549
522752
592510
490394
278839
157351
740529
515351
741199
591947
387567
523370
162585
644420
485233
655552
36587
274539
505934
525557
323363
676102
390788
491322
299002
170835
102735
706674
239818
50850
591451
509451
475074
75890
527412
740578
250693
486031
134859
434232
713578
272168
728916
654568
136905
480819
524117
372208
647036
124434
496969
149032
447458
476217
171596
397153
515947
212102
50727
437277
592174
503763
433863
503251
501622
274864
632294
336564
446123
731615
596643
463059
106212
256526
732223
409137
78771
585464
515714
98553
440643
503709
651219
31498
306769
522257
525629
74576
499145
106469
632865
161357
167741
534196
522057
658789
661055
632486
220950
155839
103147
476454
697046
369284
648369
296169
591588
118248
440494
370024
515146
465433
432491
592004
520026
299055
408909
1869
133397
277154
113577
500736
29173
269542
417549
141125
461047
89781
728902
477015
594157
133469
591133
386567
485278
477155
706124
593148
511143
654911
350194
153003
502867
713615
514038
199368
730779
513230
471014
250723
252713
413812
505516
493867
513043
544577
36927
444845
118076
440599
529385
430435
594338
368084
713590
349077
145586
644347
509163
728813
156509
395482
80976
375217
194385
369368
502823
89901
198161
719927
200770
266308
156231
504895
723254
529303
654980
99962
99724
512382
654548
61812
399800
433573
555978
47125
556077
632465
532803
517969
469820
740491
515018
436023
654363
268785
643655
75093
78019
740430
23918
374596
740473
648394
654404
40966
108973
479226
78354
524579
626139
82222
376984
162852
718438
9534
162200
523443
194157
178551
255935
663312
655160
75335
286192
512894
514581
162963
214043
303787
268849
292549
132642
658566
654643
517612
644231
665751
272822
741277
89603
523744
655131
729589
24119
518513
529925
518750
288348
288809
527119
44817
495984
381105
147492
501106
525622
534398
403436
691131
6396
106510
442138
193268
73799
703306
127486
520819
530539
458280
257900
495417
429839
530436
449909
732291
216226
531406
482526
444277
584775
170422
535297
21509
516220
533709
592207
592082
654991
369232
231942
426296
468125
4014
356626
183994
464391
389037
632267
528024
136280
459149
719958
511096
3745
997
279902
567502
508829
108332
60300
156457
655643
655313
474217
728829
444450
463045
594952
149185
517172
731505
288274
557425
568046
268530
591499
46701
604479
302977
490512
463439
515704
74368
517044
169474
352768
306764
127496
731392
515687
370666
298851
594372
592053
194718
631914
77578
499960
553092
516994
6360
536535
380081
106880
234282
513743
181163
523238
523145
591255
497200
163645
170107
307084
271695
495480
465808
334989
487498
140666
104519
29341
644697
592286
471785
461086
30954
397010
258551
486360
460179
19673
732613
169487
289063
448979
356719
474536
443650
7001
533122
529509
171458
279881
500775
437638
78948
602063
471403
591289
162209
654588
527021
494622
741152
309403
533782
77558
533262
354056
71787
444389
444472
522699
522507
516726
530730
609663
489608
653654
421509
484289
584863
516370
303676
659274
431307
462550
513267
7236
368794
535378
491494
301404
601143
584242
654570
301658
279209
433529
412842
26226
409412
337730
134885
347991
79018
9613
414407
406861
22824
514012
8715
495728
531563
408241
371001
381214
75066
432699
501578
740465
380225
524910
438712
119882
634882
22399
729021
304192
425023
356460
464416
61418
528007
516157
268774
603252
709878
79033
504517
524750
183684
719951
433750
534333
412939
212088
175534
149443
2913
438454
709644
518250
388613
587979
413366
631549
435535
644504
591329
115232
269059
257970
454640
335393
727355
149487
248086
654957
368214
100322
406423
235390
334587
741286
587663
26232
346868
79347
604116
137556
493401
35433
532492
525163
591140
504765
406530
632426
121432
185675
433427
8015
213724
632918
9216
567550
512898
434961
508738
437385
603676
431400
515217
524161
504416
424788
529517
523004
275865
8361
515210
334707
77274
500333
380774
654352
523855
443379
496622
14770
497816
600545
129095
134406
374588
143067
57988
194121
178728
654718
19385
486354
374043
473254
445030
121549
279652
202238
655331
655218
22895
445000
355126
515329
530871
401903
81131
654550
179565
442634
715590
301613
69855
463375
654422
729048
23270
253197
455089
433442
433615
444441
382044
656071
500156
497520
103503
190086
117929
191510
436912
496684
740570
611475
535769
535762
268675
654978
502745
28608
422113
1466
718838
195464
731438
125039
602086
59504
347408
137516
184492
568010
588815
709837
435560
370312
7744
603040
706889
98910
288853
733048
741489
288224
643552
12056
287749
741213
111801
481819
21160
356366
654660
712959
356331
595234
127126
496572
696735
719906
164060
153752
92308
632685
514468
656803
486542
718984
434604
527861
533566
272367
740684
26023
507074
480597
461329
163990
156346
519320
256549
546288
631957
631865
182885
591162
11108
389638
663903
533549
271249
275464
108029
285847
507680
418416
475896
182255
741420
522632
577202
446414
631594
28326
5710
293970
596572
469881
518595
437084
517216
135259
209983
640450
191842
356231
627962
184211
721234
632447
300485
213642
518249
729520
369285
740368
514216
269665
530823
55879
528385
369581
462230
221847
489051
521456
490415
116448
515487
406475
479099
597656
315137
410197
414332
418233
728983
410817
531371
535192
497350
184523
591518
441122
644724
702167
575782
549204
523560
406013
534314
7644
332197
520245
369123
485449
632807
118474
522561
171626
454716
464971
520414
522662
497443
518119
287702
291533
462598
474737
492555
27160
8859
736771
413123
591680
632704
417962
505545
418175
467807
567598
386225
26047
125898
430606
415117
127403
474018
34576
723297
485060
5062
130036
406520
150837
13370
77100
527101
517180
126409
156452
709228
292804
337766
75348
458513
529369
573495
1420
14248
479347
212395
591589
521124
438227
125867
502773
530862
473788
334639
381061
591697
387258
167535
203772
463295
408903
476432
78466
920
386939
89864
503594
472651
493791
517830
204475
8562
491988
656473
741331
433307
631557
380887
726316
183702
512867
491912
643951
247186
422990
514050
12970
473583
527874
728814
173001
134587
147585
48353
2633
469376
466057
177633
420269
591605
283739
26006
164070
24678
592105
421848
289123
135904
469175
409834
258798
731853
355141
473761
528050
591733
103832
604551
444024
632466
534169
237480
167496
276315
643683
14511
512592
143046
368433
712598
631580
494985
631558
459379
487412
248017
158237
55279
654566
520189
353090
86905
500409
546407
731394
535804
605502
144700
75139
185774
731568
740521
554762
181301
741232
444118
533526
705389
95972
533479
46679
515003
436568
25333
277677
495229
270845
460978
275736
591491
23413
522805
702010
414396
597755
435981
591931
13999
591405
662523
323489
481720
593920
480506
368131
189075
741332
352609
442782
352018
369168
5613
204619
128420
84549
572518
334603
288741
18426
96996
355455
506415
551713
374257
444075
437594
172602
148272
140978
280604
521973
505202
282417
521151
522572
533593
388236
120963
522819
531962
6906
179309
475125
436439
292457
408073
2256
24054
522639
449718
368296
2057
443081
108969
188606
250822
504301
515254
524502
256301
194148
16258
435714
444986
523080
2490
740522
632296
658866
387208
530251
370292
538286
192103
554829
483494
131226
512932
732037
696238
351099
466937
525232
271940
155097
82890
440475
466871
234898
119251
655671
654379
522500
502659
518460
517820
523875
390623
710624
433759
369755
533551
36959
182698
533282
471207
495138
712940
529244
632729
212606
33719
193115
465374
518774
659767
520627
432132
606200
730599
58992
282700
480415
740490
292493
515890
258501
508343
711471
433670
540038
529862
76686
30213
258212
412468
1211
593928
478031
517357
181244
2399
371594
741255
517232
474643
593382
3989
514036
337594
406277
655320
177744
519783
418198
731510
654836
523760
65029
388347
12341
458499
42400
440934
466148
14317
199695
654720
677546
169611
731712
515475
82327
160954
513034
707
660534
591967
495755
443430
632191
414099
7768
708114
26837
596726
226755
517641
191346
657172
332795
512597
20013
499925
502116
418093
714330
189772
293818
471381
655642
15250
409034
705480
643813
40919
517262
370770
406703
29203
445052
191334
671890
248746
498548
469970
75277
591171
388162
156832
591159
521800
525251
234521
654636
11125
484138
741413
730771
571512
444451
558296
308171
130746
652169
286173
515082
631725
249996
194698
432914
713334
476209
79088
103555
408458
591944
131151
523718
347187
732264
253903
166924
413111
436062
654593
460558
371794
388024
279806
510078
302742
484950
293560
527971
518773
5452
333497
699247
681743
516604
502876
77978
459153
108104
8705
411695
503510
533831
43812
209614
514242
513083
522373
707712
104925
595071
350209
368710
241407
435512
381072
12107
439312
501853
656547
461819
200022
292154
585053
732083
445315
284284
632177
126248
106513
532634
103561
244580
337295
181097
16606
221660
520917
355983
523252
654475
54277
520313
20157
514211
111024
293798
732788
441550
83636
368853
409230
647409
534255
149991
226483
741156
592502
129959
467097
408061
192854
21572
741289
371856
480311
82028
515848
241545
591160
636199
526902
474584
523045
4
524590
75231
713123
584916
736828
217484
201978
724860
85155
524947
11042
490991
9997
67776
532824
518475
516656
79387
445403
8379
731398
432453
5345
117938
632252
170568
516802
389103
709337
632019
741291
154654
24258
508725
369331
158304
727580
632339
271749
26550
95577
282326
332422
731928
647971
14846
679580
283803
591347
655387
16349
515415
67201
427232
533055
708096
145575
300141
198998
298654
654572
213198
371240
227253
356766
270043
515575
239666
85769
29403
150580
397705
63788
62003
517461
494192
655327
495710
496068
155218
712617
494406
435755
655046
474596
522895
699841
372123
202011
5930
57698
30258
408018
514821
143187
654401
644628
591130
726355
654668
134229
632219
382212
26506
160953
28540
376933
515046
280378
432862
605445
280658
135997
653124
731416
205558
728931
290758
654610
372616
512815
472838
115474
33455
180142
16803
66048
411865
124147
367842
202354
513247
159306
3260
732289
621200
467306
76224
632979
607824
436383
648806
270291
594634
239500
494892
510375
519246
180535
494529
591054
489142
412406
77768
515876
659809
596164
159472
140452
123464
50308
590956
30977
740463
201446
15591
309753
459759
632237
524121
515070
91481
108371
409065
709967
503093
468410
434081
215766
272259
454534
100915
524250
487027
509226
191987
77367
156667
62209
524894
318547
40510
593339
42964
741418
300887
604915
460336
377001
533624
731476
581320
269092
507515
436123
9676
716689
515340
649191
517972
197644
431471
12013
255596
379186
8102
236774
79081
75256
159223
76394
68257
44780
330463
22109
598441
655688
22587
108301
4779
654808
478854
2853
110445
709489
274772
505339
7101
117167
504009
470399
591318
410388
533721
233955
553949
183850
741313
370254
131851
1063
612151
502793
517517
474705
39925
591650
162757
128959
365207
592129
496267
153961
181297
482573
412433
370408
501135
309849
525093
443258
106909
657632
528952
76884
512607
57652
507584
9661
489365
517034
602757
527105
516707
212838
484047
11110
444319
515515
597349
384598
516522
99477
469116
601591
90073
35052
523329
740365
446336
559459
517541
414418
406392
485717
24956
532216
459284
32949
73797
116459
498569
713632
46894
102798
444279
467824
18894
13323
494556
279929
591809
169615
732118
7879
282177
306791
107622
85658
516837
380138
26703
355643
741363
421907
709321
504315
3416
735127
127792
83077
12929
307835
515542
435044
128866
533192
353013
308122
472437
655519
291196
172445
741298
533887
355264
109059
512841
11776
99936
564847
41690
518997
241543
559067
477128
740387
280130
740502
136295
135646
4944
517553
380389
520149
221873
71465
632554
741191
532683
533022
481526
730618
435001
517582
19400
510958
146632
700557
433381
157726
632188
268554
431043
282702
711067
496658
112408
149305
68864
534562
448229
741181
719189
285354
632403
647060
173524
494496
472667
731377
134623
20103
269211
411501
591742
519842
78989
728777
599798
471873
25892
339278
668597
406549
904
650382
740394
513058
198862
483305
415299
297389
491351
644125
9347
477028
406515
140903
203206
198365
4973
461610
185172
125213
30246
732155
171189
437008
726934
530053
131711
202
593973
553497
476041
18442
356190
632555
20158
376064
513242
5836
584957
460317
714231
591387
446425
369761
433668
660881
708153
235095
632778
440025
150107
252828
513463
552
49367
474980
221597
584858
48849
288969
707428
437075
477959
725151
252967
65234
369440
433291
6891
131933
101891
370140
712553
105642
28020
106876
534052
547713
7739
470477
719925
491336
270437
606838
153177
440219
497353
285051
73965
153357
734928
643548
195060
440401
152717
68061
458365
406460
720068
466814
118243
731673
379785
438550
446641
435290
20879
272813
410965
524767
55977
163893
84136
270655
590908
370267
180877
523221
517670
116486
85603
646490
200629
12253
124951
534770
20848
461113
592123
487635
483444
162246
246381
156171
151536
708182
250581
480694
522099
517148
534456
235838
436102
292472
740577
632258
134514
421245
585931
418192
131489
157659
44685
130031
731729
631593
470588
535711
12106
276878
654653
171501
164419
487341
356440
409368
520638
567498
370422
368149
511067
94865
516539
410477
406534
696631
418533
10094
501293
459896
30619
35804
73875
387679
705323
4900
25313
407641
282376
808
289092
511839
513490
331491
466625
509545
498727
416049
81964
103521
364941
241575
714127
514435
116419
643436
64691
512071
647371
517864
500822
148559
235116
401842
650680
518301
438102
445489
109672
376071
473847
437040
46523
567248
250666
499839
306425
434248
520967
324844
529400
654958
247077
501203
821
169358
173724
108080
69499
720023
472010
462663
655469
501794
469045
467284
485139
301048
108408
591374
632282
529989
85524
523572
546637
631988
281680
5333
30345
466917
522090
655407
2178
632456
439370
732366
143873
604789
440604
444673
201897
661614
708017
636359
9587
730672
633601
527980
594250
480848
13349
534667
655602
482038
546283
501561
370605
9003
82316
374503
473256
654581
370581
28896
79110
655225
522933
503911
8033
506655
154023
528574
286221
10784
133968
330384
432401
64016
249600
731391
379754
570362
523131
410026
592290
59757
497788
407202
570791
644056
377010
430646
504620
113876
481569
433732
110915
741176
654838
644906
279704
311346
523529
731902
720473
529038
515005
74870
531176
468140
131269
438245
716456
5662
730659
513268
187667
513666
615131
7277
466507
437058
741370
481927
459174
250899
368934
374067
509140
464733
283900
632120
740477
356467
517356
591768
522110
406840
5719
111577
485205
382202
653859
471975
443636
232543
478469
515517
435342
13034
710026
272011
481898
585374
727543
69594
401509
567374
371987
7367
477700
517559
49143
525479
9597
130491
75275
170944
76480
731488
116724
203691
705699
525063
98967
517421
156967
709447
13645
436329
439152
546387
195740
577281
474781
720014
322473
445203
466875
720673
439200
4866
523185
709689
740376
510521
483486
144873
105818
483793
631604
146668
473286
520119
465323
472038
380906
646386
730749
481860
444329
740399
517249
27267
481542
446270
466039
104980
732033
516450
371078
171929
417795
389996
81134
506652
709609
249441
193491
513039
570855
713663
647419
426312
6232
483136
471818
504237
266616
532790
567235
656778
75117
706662
409602
469254
63489
197320
17118
654473
480701
476218
517717
704366
194333
591262
474938
465521
515053
620701
79276
658128
188614
120
374973
519880
356270
4747
591666
190622
591156
494567
709417
741239
524084
495219
632460
643120
379414
183706
741158
521487
462323
477498
654571
447794
497636
32309
632034
464472
207776
605143
576320
82927
654815
187772
472119
221889
513330
120949
436186
381126
128474
593171
87752
5086
427202
528693
515162
454528
632380
291000
247460
505469
514065
95582
374650
347144
530687
591061
432984
595809
155995
644105
101302
502842
503315
703523
647072
253736
191215
525752
458334
709545
423756
292156
302051
479298
335551
161287
148716
517155
353181
498187
8595
270978
517617
481918
58974
369022
549751
464572
467192
21577
166011
656492
308418
407926
436939
531789
439381
24135
35354
655138
509227
494614
655193
705692
596543
459265
476018
740380
108049
516855
31387
125113
631856
643566
24030
595201
436657
24587
503134
741180
515472
301040
182729
144058
508234
352962
730686
671268
741183
714425
466154
298023
334713
195642
199625
108530
103934
144835
645272
43505
512636
129673
530479
727648
289052
440899
59425
656600
172865
435741
159234
146393
305882
476680
269775
483239
487510
530381
74471
348609
8986
560343
34024
1770
25292
497183
185910
146804
88556
77060
485041
2246
570274
472861
727986
647450
485262
597216
654609
22960
519818
296049
329327
546271
628599
282901
438064
247280
388116
513861
99093
558218
174273
134060
523835
730610
740554
43322
713636
530000
477547
133892
350265
343522
514870
731699
260928
558601
277624
134688
200063
442337
134665
520070
474206
75318
602015
709234
31819
632469
468972
79335
632415
72071
528713
440848
433722
740606
438533
486589
643658
8004
524571
1964
505337
733403
298198
591415
473087
279832
26593
373642
114198
642990
133122
516866
240170
531788
655088
375031
594496
643540
515274
533468
387787
731890
151443
123198
370145
408257
513609
514323
698060
309090
105606
79322
631587
518244
411300
741151
129867
29169
741202
485915
529059
584908
106185
584748
317340
148340
90061
741204
169875
500013
496139
450230
502244
601206
525206
487296
709425
396740
283610
533956
505806
98541
532359
668378
420796
519839
523852
534460
81469
111779
194143
503555
445574
97174
643920
251531
522378
592159
510402
435369
518265
592108
136574
173030
104741
291030
502
377416
720030
288215
595391
289019
484288
265829
655824
518403
432976
55682
718589
462379
584996
594171
50823
534312
591033
205326
374990
654628
591530
503721
424126
47367
370834
207763
502756
288981
26010
625725
481022
388654
513055
529451
170009
518267
508545
658676
438231
522506
654630
533701
635350
304604
523302
99491
500897
465870
416735
30385
651905
177530
655082
731393
503048
317403
213389
265174
591633
446588
532399
660757
190384
99196
424908
306814
89714
524464
475334
525401
318526
300624
594708
522863
348262
503716
369144
590911
251680
654773
155396
517106
654619
714749
436743
484363
37055
656037
524488
3426
185677
726053
130607
647074
390823
567260
530734
370703
500761
446240
29742
603880
465413
183646
644863
516484
83530
520037
655346
732022
12319
446852
317190
38032
445652
465784
658956
726525
442449
708536
631590
8739
112058
584901
81337
656063
224607
741896
400876
720158
520898
241551
139120
479693
596479
122006
480653
655592
48499
571177
169815
716464
643005
440168
429608
122110
6093
243994
168950
434890
595158
631863
233952
405614
391464
741165
478673
500756
509736
652273
654697
27373
362728
356096
699822
598832
497253
474436
19718
268177
255973
152149
513797
643610
380118
25130
546449
9383
76095
558901
498543
655329
703237
562568
210995
726547
659209
584913
59736
591167
63236
334274
518299
248785
36958
433337
471751
719042
106019
145726
710255
669977
656931
741377
516297
455336
109929
83722
185489
136102
507805
519557
7036
509622
155919
502328
416630
100921
310458
515688
632707
34851
591463
166486
327631
104019
157394
655224
655559
529438
510927
469840
26136
464336
74405
596913
496829
464595
654972
525419
184877
518198
1925
408515
425091
411480
712631
483564
511425
130759
654700
440833
26613
166017
462983
159546
440379
712666
300684
132257
180711
513094
406300
477083
95990
492407
600789
154986
632379
42806
438782
567229
500874
709245
658489
91546
118666
546392
524804
444157
369052
644802
510939
120844
99819
190968
501376
515432
529163
14155
643030
463759
655257
741177
579079
546282
514934
153952
55044
93675
522605
634143
602085
708076
298716
518530
529053
416375
256639
681002
404802
740458
350268
654552
476308
593159
438311
460124
504613
459095
128753
508284
477126
381219
510635
473179
328232
368855
371199
348921
100426
301685
445402
482269
645295
516966
155597
741218
513285
646585
297304
205163
709893
31442
31053
740700
75659
462492
376681
127897
283322
495349
80305
220864
652334
18021
296776
655173
418668
657673
90436
387367
351296
468688
487458
3887
704511
369438
232194
469879
517543
117169
368282
618430
590886
68714
632481
465627
279594
245798
75813
376675
511757
591069
584900
380372
531111
412586
490203
510543
191518
469728
515122
77422
591088
386390
232165
7835
284232
94234
713641
25391
200250
443625
2785
271341
591242
465295
62927
728823
482873
471119
607819
689728
8763
700632
210283
162646
514920
489284
151254
445803
388004
23956
71827
710780
507475
517338
523332
9911
373763
618145
602900
592081
578973
558537
315230
321231
275675
370937
592456
643910
6191
405610
2704
503546
162032
631761
713564
518727
595553
409965
14791
655273
514297
278429
182982
409934
524599
438462
204559
610096
5912
298351
369907
175437
260855
271643
181046
327252
524809
502378
409989
24485
122363
371344
31439
152337
14623
642042
15536
99821
25524
731413
741515
459088
371350
641481
313247
381189
497741
369522
555974
448845
740377
1309
373550
515554
732228
224008
474833
149540
514941
732259
165195
459649
653144
446271
500526
567582
505004
21639
283741
449291
436367
25544
436034
463936
546285
532019
127310
25601
158287
591502
476525
491242
590937
657494
147950
741542
9061
173464
104476
595333
571835
645317
318370
332878
80919
528703
465337
493164
347270
534338
610255
126497
118725
262823
179986
521083
51891
495240
406708
526630
124027
75528
445775
517948
443330
517937
480364
740396
202097
496459
44276
276925
445981
108112
446427
589924
435215
364544
356061
143261
224152
701982
114412
6686
436585
467637
75573
90303
118608
729279
2780
435255
343334
584782
471851
532082
44766
513870
372331
503666
569700
40735
524660
205392
533273
635286
632264
675799
466391
105269
138860
349150
288034
49433
741267
477892
14745
364980
488614
731909
517817
525610
655760
75639
225641
696211
532749
193745
10056
380973
726920
371720
55940
590961
185055
741285
274430
356654
444776
348350
181368
456557
618526
503787
656185
25597
449207
514373
462640
277721
709320
513667
201877
438236
731384
520094
563205
723477
37288
449609
377484
599470
33102
369068
518200
437451
467326
372003
731467
590876
475629
78183
591395
129780
78944
231883
162397
8526
195471
279245
57771
522147
293653
708195
591968
433512
520205
731656
22785
50649
655782
127648
584807
658575
433269
163776
514997
474914
703446
179312
696032
631925
137569
514303
422120
567968
631579
274422
499793
308710
631726
26704
408708
156124
466828
642874
593014
517603
575631
388739
715623
655772
529860
655152
178011
532315
524731
62180
656580
90107
6651
175414
643487
655344
519313
519972
516439
596449
14468
5920
654939
179718
727344
236030
499209
520623
591095
1116
88025
631614
199731
388034
728765
311609
532345
277704
515032
645517
367690
554791
250429
255932
282975
469244
727878
183006
561245
436636
507498
437191
51133
334534
522472
200230
352224
655057
534621
516077
524498
76244
413801
516155
512670
400295
657617
271791
9527
502302
581171
47382
464243
29464
728933
741396
349283
654824
647659
292078
584238
199743
631827
469171
118400
586313
507704
24301
433901
491737
368264
515371
524009
240
603930
654792
83347
558614
632299
275775
532363
22410
558422
477420
520973
603732
474740
506558
484242
75864
302287
406096
434886
516632
151134
731646
143703
370555
3094
132966
708950
628831
472213
487360
605388
400698
741486
534384
170986
515139
111256
445952
593631
500340
731941
74050
524815
397729
390667
157035
162233
356873
98943
271044
423935
239
521008
120319
9589
878
546554
644708
136164
506852
72901
507910
80132
534590
470233
445868
372286
30965
28491
570455
546479
492618
567380
170479
85863
406510
530749
194654
363492
321689
86320
371889
440955
715617
483924
97858
546261
532446
513530
135406
718626
471528
514199
313
654562
741193
713131
491745
654350
647075
609336
475472
355606
438289
644633
273397
443577
104315
657032
435832
534301
567359
369920
466015
158427
524741
270428
610830
77221
516777
500197
17250
299878
20521
130293
517622
484738
731825
515271
150651
592045
654816
152292
211520
721298
617340
654616
371718
643580
436100
432674
273330
530595
136309
213666
672979
227049
432760
17987
436093
567419
149239
159161
500645
279696
381123
721470
528486
298345
160786
168439
654449
508848
200804
154510
530698
520506
460355
448697
400740
525205
368823
718510
445570
458320
479703
524574
517962
472054
504035
462998
196176
532129
410977
83190
208680
632780
372082
129261
111749
473296
168073
201398
740567
250456
429819
479116
12271
412707
536820
656699
34906
523463
190028
740459
508514
24167
476365
396644
631582
655292
511251
165575
514174
719847
621695
188553
284491
696684
159130
268557
706793
616962
720755
522351
659439
488827
490551
24178
368527
534458
505735
520612
75438
371147
116827
371427
592184
21765
469543
567426
444356
430299
513632
517949
519632
741226
504670
220971
19012
22867
592121
482562
371698
654762
339735
531818
440880
643357
80962
118241
50425
521212
500466
475150
654817
380250
707753
412117
21631
654543
248815
214142
444403
660076
530314
474010
535713
121028
290243
371372
525307
26904
191213
607928
111554
727669
318775
740452
516830
435004
301865
584985
76873
22616
654502
114948
518451
523299
15535
533258
180414
62661
249171
514599
594084
433795
592262
596704
731414
280741
124047
536663
89649
469018
376206
719203
591495
458596
706754
469060
435730
373741
7353
534395
31474
284297
77318
24643
654465
16004
365365
123035
34045
518525
490874
597091
591863
696087
416216
432121
321273
524690
519075
203896
274313
487774
404568
524899
190495
655028
10848
83147
42146
131555
113824
499984
43619
310645
326387
655615
512682
199850
408528
477287
471768
514495
437178
731864
517145
10095
511265
443460
194329
24950
489309
38449
293660
558355
442609
654447
526728
119177
654809
591696
591221
311640
719966
437855
533040
231861
712144
632839
300559
188781
709297
132858
460693
643802
464210
72925
147381
720653
132370
553723
741210
242458
320823
466662
466987
20447
517168
518464
1395
439777
443861
188634
529178
96852
505654
124490
514284
481186
356377
129563
405410
370771
731563
528423
143751
631672
194684
375103
172550
522555
173203
460468
514402
517033
211800
139389
298248
526521
533597
183109
412587
87889
511386
58367
520287
389461
357004
571037
567725
505059
652308
504687
184233
596105
88181
112955
122927
519523
500015
567779
741563
7099
567482
202677
435761
207538
713588
490510
7678
413482
31431
506603
268787
374201
104203
470633
371021
593538
88778
135087
520348
444933
516664
502266
655288
654484
161008
520851
507087
591664
7158
335139
20516
445665
433332
369592
532815
644095
533013
23248
75969
440968
197071
631602
502872
533712
431367
23862
369430
518618
546975
232375
120323
114286
162121
517070
417022
740467
482730
142074
460923
495035
24598
652389
463456
534679
463035
464705
1690
114309
124246
665869
25155
458401
117853
460141
208673
272062
626637
482868
332173
75682
159430
19192
78224
422181
647094
243564
446574
82916
58877
396393
20107
510225
567562
466775
506985
168799
467408
369759
449076
331141
118738
436121
662152
464333
287362
700779
654665
246112
289347
741153
208701
356572
478682
436996
63335
152385
498397
655272
257008
180903
83114
455493
518545
587231
514474
207459
594454
632239
118983
150122
410889
496943
631858
293590
518805
356769
160958
470654
180871
289271
212957
169982
27059
95835
50915
378103
23131
12152
655334
148909
653125
475055
464438
617449
407190
497148
632326
438641
655410
654400
467020
13662
532755
535306
494186
273621
177766
461647
534612
594444
650158
654371
432485
368960
468048
482087
531581
82887
287636
632161
313544
731459
71913
227457
519294
471933
726442
213061
205427
654646
374477
408054
265018
252682
654614
595133
658436
534330
209989
304682
495134
534457
523739
400659
593379
14839
78601
138207
259605
741167
151220
76662
10082
436505
592112
143766
93836
655348
250481
481852
295137
598862
34492
470608
163173
524214
461705
93659
82116
495985
91531
471834
517478
740420
154163
731702
535464
524812
404706
151787
512492
149957
733378
239600
189445
118640
534591
22678
446445
149387
646614
501353
192215
640726
101364
72782
731507
527748
43697
233160
551213
644033
458355
661507
632549
521213
139896
741227
298990
504703
378885
492445
9701
633703
188456
407860
288998
508021
731613
631995
42949
654393
283416
431009
371914
241576
272838
611911
304613
655255
397918
276252
702056
440776
301431
271896
152536
740369
505412
731754
26216
443134
69554
368157
469331
434286
360174
283551
180919
527090
520640
65735
61232
487325
495471
325667
740388
407580
335918
75694
631539
405590
233950
596461
28988
595451
426359
461787
75160
112873
463964
388927
4859
660027
301350
415762
69851
56382
32826
706116
482077
631861
26630
489615
371563
655259
524871
1497
438587
119192
248153
502770
730607
592322
642877
516119
512756
24601
210367
600630
377090
657978
434953
513633
437379
42853
468878
730643
369017
596514
460960
370854
227782
652371
87539
661641
501140
712563
741635
301540
75835
500165
9194
132161
127401
633621
502883
484678
173859
647084
459927
713245
368281
282113
486798
131034
3873
83734
591016
282998
546627
519033
502100
741282
501890
162016
444028
171695
465885
471695
436618
65758
271667
445078
501012
194694
89890
21213
591790
501629
320151
655317
499952
474783
720108
118118
18029
594238
523424
21811
20529
379912
420529
642938
284208
105584
531509
290404
591212
556031
370147
540696
119387
485081
371680
505653
458644
524523
412103
1227
435120
485606
333297
642842
159006
118918
79402
353454
439645
511477
512693
530904
186350
279761
138202
514950
128199
274136
132660
174134
410969
400572
460574
93338
634040
369819
87435
529609
592188
368011
643961
458917
654380
418581
1183
433484
479808
741195
191540
187898
436687
127950
262858
646775
503074
370247
528763
287471
416024
352614
741238
466907
515388
496501
659180
561064
405144
515536
520740
459940
495230
405153
732272
591110
729095
180909
632227
514840
508480
512465
8360
177926
511817
334684
325838
235782
647061
709017
597488
532461
591787
592209
468186
131255
424312
653262
584884
25674
506997
515534
523836
118964
654510
514496
484241
467524
306083
26915
432752
16003
112405
608380
592945
516746
89575
43233
510409
432574
191482
376046
>un
731710
479728
732934
728912
656636
567919
587347
368518
554239
595298
696527
732576
653473
740757
741209
596822
634037
649331
731819
519738
661565
732319
619009
609200
662660
567846
569882
660596
725299
713090
665958
718522
594108
715779
509666
732352
740634
600488
708576
658160
712829
713846
568386
596979
731983
735755
641636
736829
704053
658056
22137
533936
335057
5737
597779
649746
662558
741256
720449
602526
734696
703167
652760
731589
714554
435667
578978
614415
668593
644782
386365
708069
644699
479342
741274
731444
696488
519656
708216
652458
710466
713833
622278
708256
597415
731514
523012
714168
715121
657478
712781
705959
715570
694242
592281
702333
708332
636828
591587
698104
628637
710481
562819
666059
609454
701057
512015
268698
706229
585854
151675
714198
714046
658167
601834
444569
493362
15738
699851
732533
655550
705552
655122
511952
667548
190284
647667
655314
660217
346452
549079
449604
632440
637897
662054
535581
588220
715716
594979
79953
650160
600961
713336
658868
661474
705703
356721
437153
533977
721030
732137
740600
706572
594791
711070
655180
659093
444600
605083
712749
655589
645902
594846
120170
519005
656295
664520
731577
593218
713080
726725
697350
732357
447471
713801
593376
713718
720106
666017
706044
593115
675239
657535
720851
712810
742058
648947
661667
731685
190440
730313
708558
592724
708119
626362
405427
679772
733250
400256
654776
694911
659105
656853
710543
732850
595285
715032
715546
593408
715841
712993
705676
592951
708292
530089
416013
152423
605718
725891
680094
716899
522897
653622
706198
708653
599851
727842
731606
483829
655098
154299
731874
719336
476697
699784
521961
604400
713764
643686
464224
629489
613604
460642
374577
594335
669724
606528
731580
712669
667221
602520
372922
742007
715018
705523
659578
709727
632539
449114
704299
170960
596377
657703
654689
659008
678310
724276
735863
676750
706888
488433
444517
733617
731679
736428
704754
146276
701243
596465
504856
725736
715310
721551
661774
658355
709588
679773
715143
190043
655575
448226
576827
652817
158580
663058
387576
724692
707438
740670
741381
567702
741302
742185
729086
708295
670558
731490
348514
331481
606477
600825
649479
658084
731899
734456
272234
694681
714301
680429
669616
596312
468239
599540
520714
598344
648590
708492
593391
644980
720460
666360
651574
153272
7917
19603
707309
712929
703151
728191
733727
463110
667639
448879
734654
709372
657459
75724
587384
146864
731714
732334
735747
719412
562620
715735
567530
651943
658327
700831
573865
710868
509213
667886
703723
711397
655249
682003
632537
655424
732936
645558
732351
655509
447653
592595
662168
528087
661137
558835
741654
660959
597910
702163
741229
213065
589555
494100
659040
662235
107418
660659
592455
731987
555248
741602
323562
532326
654969
707324
662163
705842
535075
706166
705948
659966
668083
649411
649695
661776
714388
655691
622371
644978
713634
137567
7395
701912
737066
711246
708202
644759
732449
356321
657903
702813
703938
705884
732669
708230
596814
718686
702041
657764
442623
735256
199671
734247
643727
537891
654621
671093
714434
686993
702126
656532
733671
413238
644962
299119
321176
732790
741369
717136
230188
276523
699527
672446
280214
648567
646884
442160
633751
572281
330495
670121
520665
713747
485155
587375
246593
594371
355739
676099
210043
521817
711686
567539
721950
634153
245793
13268
741441
699316
731460
658232
663643
740509
702147
633338
740656
697821
660246
328865
713079
597612
205742
713326
603292
436879
741456
597025
731873
661304
732267
649917
730746
633128
567699
679771
659000
732550
664262
721310
733336
731478
655462
707733
720510
735515
645734
156256
619232
613661
30567
659011
713327
632240
701059
552202
681712
710685
529555
567929
724099
733235
400432
531632
708005
663124
517207
616290
661243
716747
741178
23729
586298
592867
713699
594262
732512
473243
670519
703321
14691
476320
584939
232341
592737
574075
740557
436369
716887
661890
570979
706253
421737
512542
592414
741410
594673
657308
700008
740913
649853
714977
707170
569174
449095
729026
520703
713035
727252
730702
579297
729239
709942
726062
725453
438880
571791
644065
586684
380132
648032
668955
731532
632037
711628
592599
675998
735735
616271
707273
657988
709723
727859
507343
702164
12876
655488
669018
596834
472847
572136
584808
631599
726399
535593
733741
120633
535901
649459
655187
583481
713107
657652
569500
592950
672159
592377
728162
689001
598577
586618
656655
280186
646594
705705
486304
658359
470601
433026
708162
