>id 1233|Hs|est|||adipose tissue|normal||tissue
>part
>ku
>uu
661807
592933
593016
683699
722546
738436
580139
691528
688158
683701
624696
543359
624691
580596
688151
624692
624694
688154
738437
688156
624698
688157
738435
624704
581972
688159
623177
639549
738432
688160
578401
726651
588384
598983
699815
695850
738942
661804
661806
>kn
436500
631638
741170
18192
634849
634612
681616
483772
506325
522679
105105
596679
36053
500104
155247
29106
144309
523715
304475
434937
7862
439481
444992
189780
741184
218040
10441
16355
135569
256278
524210
9234
531587
471917
279784
706355
504877
165465
145068
203717
238990
520556
520182
298885
319334
549084
632229
501624
486993
741194
156738
546287
523687
444172
234572
561708
625909
723178
446685
49322
513153
706676
506829
431279
519694
130098
75812
701991
192233
474935
466436
400095
713956
605153
943
580300
82793
523680
279877
496710
133135
201858
301853
740364
422986
498892
516859
601562
144980
523774
640836
632182
131776
492121
168241
523789
446429
89643
469473
99120
522665
531856
513851
469154
253726
83753
517815
8008
408324
524648
173611
148641
5443
7854
433419
368078
740537
75243
741169
409578
5324
53454
377155
254642
437145
740494
594658
510407
248179
409140
9873
296422
494691
655455
593422
33476
33642
460618
591957
514505
495511
534527
592689
471779
485489
510833
155912
13852
499264
156727
434980
474053
532286
114033
519162
57907
433445
654744
69089
677570
484918
546269
711490
10862
655476
514051
732677
517418
144468
509414
3100
292177
496098
491582
136947
118513
656425
631860
372360
631814
325978
719938
120094
180933
653679
656582
591691
344151
389378
190722
592327
529959
29288
530024
132359
656902
32470
278573
167641
530096
156257
131704
489873
632319
296310
231411
31714
134296
632717
513646
592009
409662
631535
485195
413416
458973
494173
732093
301904
509499
125180
286226
593446
169900
270244
58648
558799
249211
356416
146059
495419
490330
584842
69293
103502
458358
369056
531614
437126
433701
720388
15744
720151
534307
497893
591610
323342
118633
632313
406678
592225
97439
654580
370504
633514
598850
488173
54457
300772
270017
31588
555956
49599
472330
430075
443914
732423
505824
722575
557550
407966
317243
732236
516111
528634
6815
369670
389277
524484
731481
478125
164021
289108
187636
487479
507681
62886
433764
531330
348418
125133
468442
191219
13781
524271
193163
655168
708687
208597
430551
459596
657058
461131
80552
164705
334911
131915
440950
591360
212332
66713
5327
239718
416769
13640
109731
518562
62578
82933
531752
713579
514196
133421
389104
436410
415414
257352
434957
515785
472285
372378
519756
25590
12229
2533
733266
732776
592490
475733
1584
478199
516087
514560
369624
471452
76111
500721
23650
567431
731661
473894
335513
522891
319481
497873
643514
66762
387755
250758
78089
586423
515689
279815
652114
151218
80358
530402
591671
516182
709660
398157
12333
720411
654444
515610
162458
356285
607212
196129
103253
326
77961
439894
311363
488181
515266
22546
311187
147027
128548
520341
153629
705431
380953
233389
647774
459106
655167
8364
65256
73986
222055
249129
49582
438723
302085
298280
731537
502759
278277
19121
255230
355753
512464
446352
498586
509780
644306
482390
91579
37445
75516
414579
112728
110571
22242
696433
444818
499489
486470
472475
119815
126517
495961
730137
509664
476179
504609
420272
534375
74137
306307
474751
10101
528889
491861
102471
646346
591273
369632
443077
20225
370360
53155
415342
12102
54649
516505
488835
356624
731659
440049
520063
463785
632581
204041
516217
369840
741318
592080
647334
479396
18925
5258
32018
655123
292882
534261
533540
441047
255093
631616
519168
82129
155342
312485
466471
524224
195080
587054
655666
47649
152913
546291
514489
657312
284279
277035
655020
462214
514632
632483
523009
411308
503860
13495
518609
469944
106861
457
4998
444276
162795
6449
90753
410037
369520
718624
82071
479439
150540
85201
407368
473117
514535
502612
441783
529023
123450
471675
75431
268515
521640
239499
38738
191539
336046
371597
112981
483521
476353
530291
723236
592201
593666
532768
373857
272927
121520
203099
465985
306221
350899
518827
404056
267120
645227
310429
30792
400625
414480
12211
516032
523829
516700
528803
740551
569843
387804
515317
132513
399891
731748
274415
488171
462341
435080
468415
655108
518055
521903
301419
287412
494895
480792
643447
8867
96513
741253
459652
492261
720324
172613
356604
658497
645337
144011
89485
76392
531081
626404
97805
370858
8546
37982
292316
595418
202542
8118
706868
75189
593373
267632
467662
657724
530930
13967
151777
643544
725787
654965
740414
353035
654560
3447
534412
417004
516114
482521
385493
29679
488877
4988
329502
145284
487046
512627
636480
591969
656137
368610
731619
596136
559115
727072
189073
523838
36473
83381
729158
465924
54673
335068
59106
530331
77269
406223
655336
418795
498292
39429
489201
504641
308340
476092
370895
106070
504320
172847
170019
387255
470435
467960
482144
496587
81328
147433
23642
649965
737206
493739
37916
254042
154073
271353
647062
461200
509765
22857
502769
475970
657649
589427
591908
148078
483036
239631
584841
692209
495960
54403
516853
29444
446149
652183
467866
75262
338207
659335
730704
657347
511605
485784
24763
643754
498028
288178
189409
143212
434102
632184
1342
463638
212885
196983
741247
445168
525597
467701
741395
311100
632535
157212
293753
655012
150718
193557
656643
49688
3459
278436
643455
657370
155983
449585
1239
355934
414565
546250
162877
334832
12865
500674
655055
632314
440544
438689
435661
527973
150087
34341
84084
441975
297343
149098
532188
428027
664080
68879
519873
175473
730768
276271
5245
529094
252457
12999
499886
446079
211594
98321
713548
221436
526711
494419
333786
119825
497599
189329
164303
440382
24212
524430
467279
438720
503178
372914
213470
515500
643498
470882
446260
631550
436405
377705
178305
278569
660899
94395
181444
179838
646508
647421
443243
509264
380710
175955
368404
514802
654745
517419
514220
546268
495473
439480
741208
740386
529631
75841
525134
649307
567499
724025
729508
404119
97616
546286
75514
661665
19872
407955
602573
368376
319171
445040
421608
591009
726493
28465
464912
49658
741338
486458
631867
709
158665
469658
523215
676266
547009
103854
363137
369422
7753
425801
571841
36859
23585
66708
192374
288798
445351
644610
433343
592292
504062
1600
246413
740540
192221
380159
473109
654758
720076
117715
485130
436204
732708
478067
520814
170622
481571
369397
503368
4997
420696
80485
647120
356647
645344
129798
70312
729258
435228
463506
182625
5120
502948
517888
92732
469630
407995
435231
428147
194236
109225
508716
534360
23111
476052
106674
713483
388188
475392
269990
741160
295917
111903
129683
507162
155829
129634
445080
496646
437388
522928
489105
433951
529901
223141
35828
434888
647707
54713
440896
90280
108957
522114
513225
502836
1872
712555
524308
275243
731784
485246
532793
411081
731939
406758
523456
163867
12084
58756
191460
518203
444467
593833
653349
470417
578508
731949
523936
505154
522578
406062
649475
271135
694119
515642
435326
741310
489287
12509
90093
463129
567381
200136
81934
525600
284295
466766
524280
312098
514819
102914
461253
286194
368525
404289
592285
433845
508148
355927
484222
10842
632394
585028
268963
591665
614080
124503
522795
144949
124940
527778
419859
528993
75307
77500
525196
381167
181552
151641
74034
13351
709187
256667
269988
76152
440932
513195
522817
513984
433702
9015
604001
593645
530227
740431
592519
467753
567828
510328
148989
408702
444229
321541
389171
412597
460260
503284
508950
533953
600029
467587
632268
374378
370781
101150
173716
591506
406799
522789
507355
461988
465645
559718
712676
720022
390817
211604
444448
34114
631762
306412
126688
517134
176503
472831
516711
512676
434914
599039
509637
339639
525626
480815
483454
530538
274416
282410
158870
651228
741328
654968
500483
718943
76753
425125
318529
491682
740589
488189
524418
433159
31532
438072
492599
477375
98751
591145
146339
591852
420559
584801
435948
529782
465744
581355
532411
5009
459842
268107
419463
461183
42217
369607
370671
288522
25450
528320
292524
650174
29724
654395
496487
657204
505777
655189
335034
713441
716719
591694
591314
306242
438678
741217
368255
595053
444468
213424
740506
413074
100299
277517
658422
592171
294041
463074
34871
363396
367854
464071
435610
280342
492208
55016
716128
150557
520048
389700
107125
624002
436873
83761
372492
2420
58924
372050
534404
120165
492925
118351
310421
75360
476319
79015
124696
741294
194669
632446
741212
368921
157031
726290
591026
380164
699177
278945
485104
6147
643267
404321
483616
446017
591014
731826
511834
487062
379466
695
446620
631618
458747
110298
5148
470412
190544
484500
19196
484813
516105
526494
861
521924
516243
560655
414740
8752
7200
69771
593134
591569
524390
163113
702168
75254
654582
483921
40094
461074
415067
190334
129758
38621
441072
202470
614974
8944
631951
416073
464137
740391
643467
655199
6551
491232
534450
237825
436944
475506
25338
59486
172928
128065
63348
731647
460109
535972
12956
475812
459632
659517
523664
558396
330073
647041
7946
253260
503165
8904
741244
13318
438
512675
23582
513296
2795
531987
129268
233240
368312
524183
631989
332382
504998
470907
476033
62880
329266
131452
368944
175343
77135
584864
122523
524219
356502
492427
503163
533444
472558
101007
523454
349656
17109
232721
429180
405913
533308
520943
75182
532835
515215
380857
25647
591288
450175
631822
437009
91521
80545
472270
477789
598320
512619
439463
524760
718640
644004
730597
138378
407918
741172
513617
709469
524477
73722
553498
731454
741462
445827
146806
534309
444301
655572
370480
229335
119598
288959
406620
352656
98661
73793
645015
189641
351279
632401
439726
515249
600861
370927
446172
198241
1274
715083
97887
741581
631633
263812
741157
536655
268939
350927
658760
534699
368353
480042
522752
740529
646645
166186
591947
741199
387567
281707
210385
405809
485233
516674
505934
88252
274539
455323
525557
1288
706674
102735
708738
75890
527412
740578
534525
486031
134859
91566
272168
136905
654568
480819
332708
570562
647036
741263
447458
493218
397153
479756
97044
493919
212102
83634
491172
50727
437277
433863
503251
660640
117835
446123
596643
463059
106212
1501
409137
78771
729061
249591
503709
440643
731555
651219
578429
522257
349110
29595
439040
106469
632865
716915
167741
655201
520989
658789
632486
220950
431460
103147
476454
369284
397609
515493
440494
370024
465433
432491
515146
592004
534538
299055
632790
1869
408909
356799
141125
89781
517821
722052
109540
477015
413297
601274
564611
591133
386567
477155
706124
372152
511143
652338
593148
153003
651221
199368
471014
642946
372295
413812
505516
544577
36927
444845
390567
232021
17441
600384
118076
464585
713590
368084
16529
496984
445890
728813
156509
395482
375217
502823
719927
200770
266308
156231
481371
504895
529303
723254
42586
142179
99962
654548
419240
371723
61812
656673
399800
90572
632465
532803
517969
469820
643655
119878
268785
577053
75093
159492
23918
740473
374596
654404
648394
40966
631841
78354
529592
524579
82222
162852
718438
523443
178551
255935
75335
286192
416089
514581
512894
498173
162963
740456
214043
268849
132642
654643
591976
272822
644231
741277
18160
113919
193566
419640
154652
591087
518750
445705
714428
527193
654671
525622
623974
691131
106510
193268
73799
703306
376722
656074
731417
520819
244139
257900
458280
495417
371609
449909
530436
732291
84190
421194
482526
656790
469459
21509
533709
525391
231942
497492
370603
741374
467151
4014
356626
436061
270525
183994
464391
528024
511096
134602
304376
376209
60300
479119
655643
652712
431081
584790
471067
728829
591384
463045
594952
149185
731505
56729
517172
413137
268530
591945
604479
490512
559353
517044
730710
478429
352768
306764
591151
515687
172979
194718
721348
77578
448225
499960
291623
132868
382151
412370
708867
443072
234282
181163
523145
523238
262886
465808
78518
437083
140666
104519
512651
397010
486360
19673
460179
635072
160324
356719
474536
533122
529509
740446
189781
279881
437638
709439
78948
602063
531106
518084
471403
527021
528300
533782
354056
71787
446357
444472
522699
609663
709795
484289
421509
584863
303676
659274
733168
462550
513267
7236
490795
491494
301404
601143
69330
433529
79064
732105
337730
375957
97199
170128
82201
380271
643512
410596
347991
9613
150458
592142
406861
437366
591576
371001
75066
11747
501578
525634
524910
493202
471991
406551
634882
667457
22399
89560
465213
720348
304192
105134
464416
397978
503222
528007
268774
516157
475387
524750
183684
719951
143604
433750
257761
534333
412939
529984
504352
459162
370950
709644
518250
388613
435535
631549
591329
590958
494146
514151
726012
269059
431668
555961
727355
368214
406423
334587
26232
353022
346868
79347
604116
525163
258429
185675
433427
356549
463421
213724
632918
512898
533719
508738
594095
524161
512842
523004
709648
275865
515210
380774
77274
500333
20136
523855
496622
497816
654718
178728
149849
374043
473254
363308
121549
202238
431109
95600
530871
515329
642706
179565
301613
69855
406683
654422
715194
521969
132314
433442
405880
382044
433615
740631
500156
656071
191510
591190
496684
740570
28608
502745
238839
195464
731438
645481
655904
602086
460
495989
507433
9999
146317
731827
435560
7744
603040
514179
706889
98910
643552
271383
731687
741213
111801
696360
459691
592095
356331
595234
496572
632377
132599
719906
709193
164060
153752
676605
632685
514468
54642
533566
740684
109655
507074
439440
26023
558726
546288
256549
266728
519320
731813
72325
602571
182885
591162
567494
389638
108029
507680
369373
182255
522632
741420
446414
577202
481466
374262
596572
348387
445893
468426
640450
356231
184211
165736
721234
300485
432996
369285
518249
6838
741364
104305
409925
221847
490415
515487
406475
107149
326035
154429
315137
390738
728983
410817
535192
184523
644724
702167
467554
557655
24321
523560
406013
7644
332197
520245
118474
632807
485449
171626
464971
701324
520414
709257
434251
565725
474737
27160
413123
591680
467807
494337
418175
125898
415117
430606
592313
443061
21590
5062
130036
124299
184736
517180
500067
303649
347535
292804
337766
75348
74615
438227
502773
741429
334639
643472
381061
293884
437585
463295
476432
740440
408903
98428
78466
44693
164226
675281
472651
493791
491988
380887
433307
263912
105460
379018
512867
547257
491912
436031
643951
156178
657843
579217
631921
422990
524513
12970
473583
527874
568152
369039
741168
134587
180408
156625
420269
591605
195364
289123
513266
647064
103183
473761
355141
258798
591733
444024
604551
632466
534169
535319
167496
493796
643683
512592
712598
631580
465543
654566
520189
247711
458414
500409
14611
496191
643565
731516
605502
146559
554762
741232
181301
444118
705389
436568
277677
495229
460978
275736
23413
515598
522805
702010
239514
435933
467751
481720
593920
646051
120855
189075
436219
272630
513134
442782
352018
5613
386684
734816
647723
572518
729265
334603
82482
96996
18426
429
551713
172602
437594
521973
282417
300701
522819
435052
720143
740457
432676
179309
259559
436439
408073
731663
24054
709581
253146
2057
449718
368296
370421
501289
524502
352671
435714
444986
523080
737521
387208
462946
554829
192103
498371
104223
131226
592192
655066
732037
192326
656723
351099
528572
7626
378501
687547
459538
102788
440475
466871
339831
234898
119251
614136
654379
27182
380133
502659
518460
44385
632629
213394
740616
523875
369755
274402
36959
193118
533282
471207
495138
501127
408142
632729
440534
112556
731847
432132
730599
647079
292493
515890
508343
433670
136247
529862
516023
76686
641757
1211
593928
517357
181244
179675
741255
494549
517232
474643
3989
593382
162125
180141
406277
337594
493709
656875
519783
305971
529798
595423
654836
65029
12341
388347
42400
458499
654720
677546
506357
19699
515475
445999
82327
523230
495755
632191
367956
741408
708114
226755
191346
480116
523512
332795
492859
180878
633301
269512
418093
105191
471381
368325
15250
409034
643813
517262
370770
29203
248746
469970
719137
550061
58561
525251
153827
525017
11125
444451
558296
286173
546289
84928
515082
432914
408458
19383
314359
253903
413111
166924
654593
460558
279806
647118
510078
302742
484950
518773
5452
438683
515247
699247
13759
681743
502876
77978
97270
6734
8705
655338
411695
43812
207106
633853
513083
522373
707712
529857
54943
439312
501853
718492
656547
445315
284284
532634
438863
103561
337295
355983
547697
654475
520313
20157
111024
293798
83636
513734
368853
719239
534255
7296
226483
741156
469386
444349
467097
408061
122061
741289
480311
82028
515848
241545
126888
615360
591160
526902
474584
205627
655143
523045
100914
524590
75231
4
741246
713123
233552
184720
461722
429294
187134
107740
1481
85155
461214
9997
72912
518475
591025
79387
731843
632252
645445
170568
709337
741291
31869
154654
508725
272673
518060
655445
158304
727580
632339
332422
488861
655351
402752
170131
513557
655387
144447
515415
349905
189920
494705
708096
145575
300141
11392
463483
473370
271580
298654
654572
371240
434375
356766
191734
35490
239666
29403
514063
150580
487200
435039
517461
632310
655327
496068
712617
435755
525462
522895
699841
567412
372123
591922
57698
5930
654874
180312
514578
507243
656657
408018
211511
441664
514821
644628
75367
654401
726355
26506
632219
592087
515046
376933
605445
135997
363558
654599
205558
728931
467769
290758
278694
726063
512815
472838
333427
16803
66048
591453
535011
159306
593075
451090
3260
76224
467306
436383
270291
288284
594634
239500
741265
180535
529172
489142
709182
513695
389724
412406
77768
159472
123464
15591
309753
459759
709621
524121
515070
108371
132989
709967
503093
468410
272259
643801
524250
585540
523761
487027
438906
156667
40510
526594
432560
593339
567453
46700
604915
377001
506908
533624
467101
581320
9676
17680
197644
431471
12013
432706
255596
8102
236774
159223
76394
61271
572535
44780
181300
259625
59719
330463
603766
132902
108301
307734
513885
148322
478868
336916
2853
110445
388733
505339
7101
333418
406395
421202
500842
503022
591318
625768
466714
145230
183850
741313
1063
437156
474705
740605
39925
162757
365207
128959
592129
444247
153961
436446
482573
370408
412433
85539
501135
309849
515016
442344
443258
106909
528952
371249
434989
648940
76884
507584
507260
527105
655895
516707
212838
484047
597349
459573
515515
384598
90073
187569
35052
607594
523329
740365
559459
437422
414418
24956
658598
412196
116459
498569
713632
46894
102798
467824
122926
516341
494556
31917
279929
592224
280805
136885
550502
306791
85658
522984
516837
26703
741363
421907
488143
709321
3416
418450
435044
307835
710694
443109
128866
7517
720177
353013
533192
231850
471619
472437
592164
655519
291196
172445
119316
533887
355264
250493
515369
61469
143907
649869
564847
477128
740387
628886
503297
280130
633506
4944
227777
536319
660767
732217
71465
632554
741841
309763
706960
741191
25691
730618
435001
19400
130014
31720
170737
518346
510958
433381
433068
436146
437647
149305
448229
585728
741181
514806
285354
632403
173524
731377
20103
269211
515840
78989
728777
627414
471873
252543
650382
632767
513058
740394
483305
198862
415299
297389
503438
644125
477028
2006
356198
533710
104570
597664
647121
185172
30246
119273
732155
171189
530053
593973
202
18442
160565
356190
58679
353001
376064
5836
460317
591387
483329
446425
369761
731524
186486
150107
252828
513463
49367
221597
192619
48849
661684
475963
725151
252967
567256
65234
369440
130849
518059
131933
6891
370140
213264
715567
528305
534052
152173
7739
591949
470477
491336
719925
606838
153177
313905
440219
285051
73965
153357
593292
554182
643548
42644
195060
440401
152717
436975
343873
371576
406460
118243
109439
379785
435290
631733
20879
444724
163893
498732
444520
370267
433439
180877
523221
85603
518123
12253
362806
534770
487635
483444
246381
467627
156171
151536
517148
292472
585931
421245
42572
157659
44685
651512
731729
507669
535711
12106
193043
171501
409368
520638
370422
567943
715494
197043
368149
655332
516539
406534
458573
696631
446675
516769
501293
632708
308074
647117
577775
35804
73875
144912
282376
419800
808
511839
289092
513490
498727
410231
509545
241575
514435
714127
194816
647044
64691
647371
513147
192586
500822
148559
386168
485527
401842
650680
518301
546502
109672
656696
721586
499839
520967
306425
28780
227656
203087
654958
414795
247077
268668
501203
519718
821
169358
434241
108080
173724
3376
472010
501794
467284
108408
371823
632282
529989
13854
30345
466917
432424
522090
631854
193842
632456
483209
368421
143873
655321
349470
479602
440604
448854
434900
636359
708017
633601
546283
647086
644611
82316
555927
374503
373560
473256
654581
370581
129910
106124
79110
491148
503911
8033
286221
10784
687084
432401
401954
249600
731391
494312
531713
363603
379754
523131
410026
507798
549171
523710
591474
407202
704031
371746
570791
135805
430646
504620
433732
126558
106650
741176
654838
529038
443021
74870
531176
656244
654355
131269
438245
716456
5662
513268
653258
731767
615131
466507
437058
250899
368934
7636
156367
374067
73800
509140
464733
740477
632120
502775
356467
591768
517356
522110
153934
111577
485205
382202
443636
372000
489118
515517
521530
741537
518099
655105
272011
585374
481898
727543
8578
473819
567374
459790
632368
507755
421257
156967
125139
13645
247323
474781
632236
445203
466875
442378
439200
61441
6834
709689
523185
314263
483486
144873
202424
12248
473286
146668
472038
730749
481860
444329
27267
221497
481542
446270
466039
85962
732033
502528
516450
410406
513520
417795
596982
389996
83286
506652
709609
644599
193491
647419
426312
570855
6232
55148
471818
510324
567235
75117
409602
469254
654473
284244
741497
704366
515053
150120
518505
586683
590939
188614
120
374973
427449
356270
4747
443428
591156
741239
632460
643120
459211
379414
183706
521487
462323
447794
497636
57697
591481
464472
207776
605143
82927
740501
654815
221889
120949
631624
436186
381126
87752
5086
137510
454528
519659
632380
666524
436426
291000
567501
446315
381204
374650
184926
530687
432984
55220
155995
502842
101302
703523
191215
150136
709545
533499
654500
658251
433738
271270
517155
8595
498187
353181
500724
433203
517617
481918
464572
467192
718483
21577
166011
715543
407926
168132
439381
24135
26530
73809
494614
90756
705692
10846
596543
740380
108049
655369
302903
654506
160556
31387
125113
643566
24030
136979
595201
436657
500419
741180
59138
504597
730686
671268
714425
741183
268573
195642
199625
108530
103934
144835
43505
645272
470479
512636
129673
727648
435741
146393
483239
471130
269775
518611
476402
530381
74471
348609
8986
1770
740617
584784
531064
532786
25292
497183
146804
77060
406238
727986
647450
485262
597216
108002
654609
519818
22960
657969
329327
546271
282901
628599
509872
247280
125503
513861
513871
523835
730610
171426
43322
350265
133892
343522
514870
558601
277624
134688
655981
520070
75318
505729
602015
31819
468972
632415
512680
446098
528713
604588
440848
726435
61995
458437
486589
643658
8004
733403
298198
505337
279832
371642
208093
642990
645427
594496
515274
480190
498740
731890
388645
372578
657382
586650
513609
514323
698060
309090
105606
631587
79322
518244
741151
741202
485915
529059
584908
584748
106185
148340
90061
741204
158932
500013
46578
475663
450230
502244
511175
601206
592115
443057
379548
487296
709425
702907
283610
12967
505806
532359
532626
668378
420796
713051
519839
523852
435655
111779
631508
251531
220963
510402
309288
518265
435369
592108
438872
291030
502
377416
450105
288215
98041
289019
484288
436037
265829
533237
433540
432976
55682
462379
57975
534312
610137
704983
124840
374990
654628
503721
31034
502756
732085
288981
26010
529451
513055
632766
518267
438231
731376
1027
523302
500897
158174
655082
503048
591607
491354
498720
7884
213389
265174
446588
532399
591633
520494
524464
245540
632423
525401
465498
466804
300624
348262
369144
155396
533635
517106
665365
699301
368631
380089
654619
279580
193133
484363
124156
702841
61345
726053
130607
445885
370703
642616
195685
115088
732022
431173
16157
446852
432822
529272
317190
719998
445652
595541
437497
352839
465784
708536
631590
159195
8739
81337
400876
348411
520898
479693
17719
562901
695185
480653
571177
716464
643005
429608
437696
558865
434890
233952
631863
509909
435811
741165
500756
632050
509736
654697
362728
250648
598832
2090
255973
268177
643610
380118
488293
9383
13543
76095
498543
655329
703237
511899
726547
63236
36958
15929
439474
719042
524920
213137
706240
656931
710255
524625
126667
208267
516297
83722
435295
519557
155919
502328
100921
632707
34851
655177
188495
315177
529438
23960
655224
449630
510927
97997
464336
74405
651925
525419
655916
502458
368866
483564
1422
130759
511425
440833
166017
31652
712714
132257
180711
644352
54697
406300
292056
201918
444955
492407
600789
78065
468026
42806
438782
567229
500874
596242
437338
59729
91546
510939
99819
501376
497867
643030
579079
661891
514934
55044
93675
634143
529053
534346
740458
731836
724212
350268
474233
445497
438311
128753
508284
381219
462829
510635
71215
473179
534847
536490
368912
279061
301989
740530
477159
655743
368855
371199
100426
301685
436578
155597
79334
709893
376681
495349
283322
652334
18021
633509
418668
90436
351296
487458
468688
369438
232194
517543
469879
590886
647055
68714
533903
632481
279594
709671
376675
531111
412586
490203
191518
77422
430849
190977
729533
25391
80343
655921
200250
443625
731388
271341
184907
465295
534453
279669
728823
482873
607819
6764
8763
654850
210283
700632
162646
514920
489284
445803
420830
282678
388004
130917
517338
373763
618145
387207
531668
131686
370937
592456
584851
6191
503546
631761
162032
77876
19413
569713
741306
700576
409965
655273
449415
514297
182982
278429
409934
380291
524599
16695
5912
413525
482587
271643
122363
24485
14623
91283
15536
500047
369522
109590
740377
373550
6136
474833
165195
399984
459649
25363
653144
515417
610958
519347
446271
590970
557850
283741
558528
112341
436034
25544
202453
546285
25601
483238
657494
271510
258314
11417
173464
595333
645317
274408
296731
444749
80919
516173
487511
493164
654529
534338
347270
438429
262823
79353
403253
179986
51891
75528
279257
517937
480364
740396
567294
202097
496459
647822
445981
446427
589924
96322
364544
512661
356061
701982
224152
516790
114412
467637
632303
7778
494738
90303
483635
440525
180257
343334
584782
471851
15827
372331
503666
569700
720416
521545
533273
519445
731660
546542
49433
477892
517817
525610
696211
114172
469030
554831
380973
726920
185055
741285
332706
181368
456557
631650
422688
503787
274329
25597
277721
462640
591121
513667
15977
293971
438236
563205
37288
78769
530988
449609
599470
369068
518200
372003
465929
343380
475629
656980
202207
78183
500375
78944
531400
507122
8526
655614
195471
57771
741345
288164
293653
500512
708195
591968
529512
327736
520205
22785
655782
446678
288229
514997
391561
514303
567968
514636
713754
293629
274422
308710
57732
26704
408708
21398
517603
388739
632144
529860
4865
524731
90107
655344
513779
519972
104624
50130
596449
520623
499209
50252
591095
1116
466929
672131
311609
191073
277704
515032
255932
282975
372309
469244
727878
149255
436636
437191
507498
535801
334534
352224
655057
25786
413801
516155
541894
50755
512670
400295
657617
502302
9527
581171
643452
195727
47382
333526
29464
381282
268742
654824
647659
269895
199743
516846
469171
520140
507704
741405
24301
433901
658402
491737
112318
467125
368264
515371
603930
654792
83347
390428
143818
154104
275775
109051
519337
532363
696158
22410
740407
558422
477420
520973
603732
506558
351403
388918
484242
75864
670088
406096
20315
535873
189585
151134
279842
181391
370555
143703
731646
298089
3094
20768
104672
487360
437341
605388
534384
111256
648448
406068
74050
731941
524815
390667
462693
162233
502915
98943
656641
271044
423935
239
9589
461405
514412
644708
80132
38039
356050
497575
496535
512587
28491
492618
567380
436527
48924
406510
530749
363492
644000
371889
368516
501200
546261
513530
443789
535903
471528
514199
313
741193
172772
741248
80658
513711
713131
444332
507025
642660
469694
609336
335079
520207
78788
479754
355606
438289
644633
443577
273397
657032
554892
50813
486818
534301
534477
369920
155017
524741
610830
7055
462086
369042
299878
492974
406234
130293
517622
150651
592045
152292
444931
551962
371718
445814
733319
95243
530595
136309
672979
432760
436093
106857
493819
149239
200716
279696
445534
381123
528486
298345
160786
531561
533030
508848
710546
200804
154510
199248
533474
448697
525205
151761
445570
458320
524574
517962
118554
462998
740412
196176
128824
647067
83190
410977
208680
372082
129261
111749
131064
534293
740525
473296
372031
525088
429819
412707
523463
594923
656243
190028
66
151413
24167
522616
396644
476365
377992
511251
75527
86859
514174
621695
36794
188553
514746
522334
365706
696684
159130
27935
706793
118110
594170
573143
475538
488827
490551
589884
24178
533514
368527
569361
534458
505735
136901
75438
371147
120658
632579
730740
570355
654620
21765
654563
799
656213
370725
263671
444356
517949
499620
519632
741226
731709
508010
136235
631584
504670
220971
592121
371698
515972
740542
360940
643357
50425
696231
118241
703889
521212
500466
458324
432729
444106
380250
412117
654543
444403
474010
469561
290243
562227
430439
26904
475525
191213
368592
656887
740452
16059
477866
76873
22616
654502
523299
15535
591849
154210
180414
643051
62661
514599
594084
433795
596704
731414
386989
536663
89649
376206
719203
197143
730830
591426
170355
77318
713595
477869
592086
34045
518525
597091
650585
432121
274313
516578
487774
523899
404568
524899
190495
383403
10848
83147
433222
460996
1270
310645
199850
98259
477287
567759
514495
442798
731864
437178
517145
173840
466165
469872
194329
24950
63287
489309
442609
654447
523309
119177
591221
311640
719966
709297
460693
155827
464210
23581
741210
242458
477693
466987
466662
517168
518464
47357
446091
188634
443861
440263
96852
505654
485392
62275
514284
368226
154320
481186
129563
405410
370771
631562
631672
522555
517033
480454
99528
526521
485910
183109
486285
584839
520287
389461
567725
445498
652308
368203
9315
504687
369614
118958
596105
184233
288262
675564
122927
86912
519523
497626
269560
567482
30141
435761
207538
654922
731908
456507
104203
371021
470633
88778
520348
491767
433332
335139
279522
512773
546292
532815
436445
644095
270851
197071
440968
631602
502872
431367
369430
465041
159014
232375
309641
120323
436792
4055
142074
460923
495035
435013
129195
24598
534679
234681
165859
114309
460141
58351
272062
45231
626637
128690
414809
75682
159430
495704
78224
422181
478095
647094
446574
82916
654784
631971
133534
523930
20107
567562
506985
153863
168799
335106
331141
30634
464333
662152
135254
246112
22393
289347
741153
356572
478682
63335
498397
655272
257008
335163
83114
180903
455493
514474
463041
594454
632239
118983
728234
9235
146602
413133
478588
696497
29698
160958
356769
655084
434864
169982
511991
741457
378103
444179
653125
476636
497148
632326
719895
515094
13662
535306
494186
523811
273621
509343
177766
461647
594444
654371
491440
531581
517581
643433
471933
213061
205427
95260
529420
374477
266782
408054
265018
729074
741179
654614
252682
468840
304682
534457
31082
523739
198072
14839
579828
741167
259605
151220
502914
646568
632891
269128
169378
481852
655348
470608
34492
534579
93659
91531
41086
740420
154163
591178
132225
643130
501857
542050
715778
356187
446559
535464
524812
404706
151787
528834
189445
118640
434966
123933
731507
233160
458355
521213
139896
463569
90443
476415
188456
508021
631995
371914
59368
241576
531418
611911
170999
276252
529317
740369
4082
187635
368157
656581
434286
38034
520640
65735
361463
30579
495471
740388
720197
146542
75694
234786
405590
596461
647045
28988
448664
426359
290154
301350
32826
469369
654699
706116
482077
593413
26630
494457
659256
489615
371563
730607
592982
592322
642877
99971
24601
633165
333738
210367
437379
730643
731715
632093
370854
423968
741182
712563
301540
75835
553878
348711
445045
446850
115242
502883
741206
459927
713245
282113
3873
131034
282998
524195
741282
162016
647068
171695
465885
271667
656020
445078
501012
89890
652235
208681
501629
530941
320151
655317
474783
592317
523424
196065
21811
420529
284208
11590
290404
531509
193725
119387
67726
458644
643896
1227
455109
435120
485606
333297
709218
353454
224764
14333
80691
512693
186350
434255
128199
29189
174134
460574
410969
446466
374458
369819
368011
654380
408488
279819
110702
182825
741195
479808
244595
191540
436687
654351
443123
370247
528763
8372
287471
421622
118651
741238
515388
561064
405144
515536
659870
495230
405153
459940
591110
275757
180909
512465
8360
474667
312644
401835
511817
292689
32148
647061
237856
532461
378813
131255
528382
653262
584884
210532
25674
584927
515534
506997
523836
513315
484241
608111
486095
432752
112405
709466
516746
592945
43233
461379
35524
191482
376046
346736
>un
690911
702663
740598
706088
708522
732934
728912
647034
731496
723529
732819
368518
351316
709419
655537
594695
732576
659670
660775
656753
729023
461608
732319
461247
731601
732349
712829
661805
633993
335057
702741
741595
616457
36915
730712
670302
713196
713857
701472
737554
634010
169943
574978
731589
714554
660443
734744
597982
720818
596119
732026
708256
112799
593027
523012
728078
706175
597496
658643
728839
731837
741461
712650
720547
535415
720949
606887
657044
698104
708378
737940
573708
609454
716907
708445
732348
633549
706229
444569
707510
153944
699851
546699
710666
655550
683399
707836
731515
704062
706431
648970
713168
713655
535581
287659
732254
173233
658123
741045
735919
714055
355933
356721
741398
741527
533977
720859
721030
706258
605083
731956
675510
679429
731821
719026
664480
731577
732361
351851
595795
733231
406590
633059
593376
656900
713718
274184
720106
683928
708811
658369
349444
679193
648947
708253
661803
656194
656442
720979
708558
731545
728901
708119
626362
705224
659776
668279
656374
713644
661731
712725
687769
676790
326404
713292
18861
708925
595678
731317
733014
657841
626084
711099
232417
716899
661732
593927
655390
662613
481342
707437
707322
702139
709057
476697
705847
449880
737266
731380
657346
593176
672187
691454
669724
659640
643590
643868
537892
709727
632539
193784
678030
449114
519520
601075
708459
738936
676750
732304
488433
592614
659057
741343
656732
688155
632796
731679
730603
731896
504856
659325
525652
658849
705892
655575
675535
448226
703277
77873
712763
667183
567702
100261
735521
708295
720220
494013
714443
704590
658052
728095
655763
458422
714451
272234
714301
667755
707184
596312
648590
668084
660621
597020
355177
644076
741566
731912
732663
295626
477495
659186
715359
552087
713936
720252
592625
569800
448879
708359
713476
209113
696417
603055
661730
600959
561602
634052
735747
735387
595186
664670
644944
658722
700350
632997
708727
742367
682003
655424
721120
741228
661808
547576
528668
693875
732492
511790
661729
29952
690727
632573
714374
434374
740101
121525
714182
512525
592455
735674
710162
514118
453592
734240
180171
712867
731534
705948
741897
701274
741240
661169
432792
161181
713634
708083
675061
558806
660013
714596
697237
714023
442676
731628
731600
598688
620437
678902
703938
713078
705884
676737
179260
702041
701291
656332
595563
713721
679536
731041
720458
626313
703770
730918
5298
657624
702126
656532
733671
540115
720867
712899
719719
699527
718749
670169
733165
714486
710241
700839
31841
733075
660511
728084
594832
501023
657330
595286
380956
645450
662889
571626
523262
694262
708386
684338
649847
699316
710259
702147
592561
86538
696043
715053
732116
714673
732633
707651
714036
554024
712210
702566
714988
702756
707296
665879
721310
731478
720510
659021
706897
708630
679424
701059
585199
593552
659224
701236
529555
628957
658378
709442
517207
654258
661243
741178
345028
592946
738433
510835
528793
437704
683402
709667
708749
76171
693847
643648
742196
707090
657308
733051
520703
594775
595887
656234
450979
600088
729239
593187
595738
659431
632626
708755
596944
600057
443852
732801
496271
592599
735735
656606
603306
657053
520974
702164
655377
658212
741477
569782
731907
656426
728534
730849
713323
658098
120633
593952
655187
680276
707298
696702
733243
701477
595378
715338
386793
728162
655282
555895
632934
732173
656655
705227
723629
486304
714083
732889
497684
659115
719698
631554
741692
727345
720560
708162
>part
>ku
>uu
661807
592933
593016
683699
722546
738436
580139
691528
688158
683701
624696
543359
624691
580596
688151
624692
624694
688154
738437
688156
624698
688157
738435
624704
581972
688159
623177
639549
738432
688160
578401
726651
588384
598983
699815
695850
738942
661804
661806
>kn
436500
631638
741170
18192
634849
634612
681616
483772
506325
522679
105105
596679
36053
500104
155247
304475
523715
144309
29106
434937
7862
439481
444992
189780
741184
218040
10441
256278
135569
16355
524210
9234
531587
279784
471917
706355
504877
165465
145068
203717
238990
520556
520182
298885
319334
549084
632229
501624
486993
741194
156738
546287
523687
444172
234572
561708
723178
625909
446685
49322
513153
706676
431279
506829
130098
519694
75812
701991
192233
474935
466436
400095
713956
605153
943
580300
82793
523680
279877
496710
133135
201858
301853
740364
422986
498892
516859
601562
144980
523774
640836
632182
131776
492121
168241
523789
446429
89643
469473
99120
522665
531856
513851
469154
253726
83753
517815
8008
408324
524648
173611
148641
5443
7854
433419
368078
740537
75243
741169
409578
377155
53454
5324
437145
254642
740494
594658
248179
510407
409140
9873
296422
655455
494691
33476
593422
33642
460618
534527
495511
514505
591957
471779
592689
485489
155912
510833
499264
13852
156727
434980
474053
532286
114033
519162
57907
433445
654744
69089
677570
484918
546269
711490
10862
655476
514051
732677
517418
144468
509414
3100
292177
496098
491582
136947
118513
656425
631860
372360
631814
325978
719938
120094
180933
653679
656582
591691
344151
389378
190722
592327
529959
29288
530024
132359
656902
32470
278573
167641
530096
156257
131704
489873
632319
296310
231411
31714
134296
632717
513646
592009
409662
631535
485195
413416
458973
494173
732093
301904
509499
125180
286226
593446
169900
270244
58648
558799
249211
356416
146059
495419
490330
584842
103502
69293
458358
531614
369056
437126
720388
433701
15744
720151
497893
534307
323342
591610
118633
632313
592225
406678
97439
654580
370504
633514
598850
488173
54457
300772
270017
555956
31588
49599
430075
472330
732423
443914
557550
722575
505824
407966
317243
732236
528634
516111
6815
369670
524484
389277
731481
164021
478125
187636
289108
487479
507681
62886
433764
531330
348418
125133
468442
191219
13781
524271
193163
655168
708687
208597
430551
459596
657058
461131
80552
164705
334911
131915
440950
591360
212332
66713
5327
239718
416769
13640
109731
518562
62578
82933
531752
713579
514196
133421
389104
436410
415414
257352
434957
515785
472285
372378
519756
25590
12229
2533
733266
732776
592490
475733
1584
478199
516087
514560
369624
471452
76111
500721
23650
567431
731661
473894
335513
522891
319481
497873
643514
66762
387755
250758
78089
586423
515689
279815
652114
151218
80358
530402
591671
516182
709660
398157
12333
720411
654444
515610
162458
356285
607212
196129
103253
326
77961
439894
311363
488181
515266
22546
311187
147027
128548
520341
153629
705431
380953
233389
647774
459106
655167
8364
65256
73986
222055
249129
49582
438723
302085
298280
731537
502759
278277
19121
255230
355753
512464
446352
498586
509780
644306
482390
91579
37445
75516
414579
112728
110571
22242
696433
444818
499489
486470
472475
119815
126517
495961
730137
509664
476179
504609
420272
534375
74137
306307
474751
10101
528889
491861
102471
646346
591273
369632
443077
20225
370360
53155
415342
12102
54649
516505
488835
356624
731659
440049
520063
463785
632581
204041
516217
369840
741318
592080
479396
647334
18925
5258
32018
655123
292882
534261
533540
441047
631616
255093
519168
82129
155342
312485
466471
587054
195080
524224
655666
47649
152913
546291
514489
657312
284279
655020
277035
462214
632483
514632
523009
411308
503860
13495
469944
518609
106861
457
4998
444276
6449
162795
90753
369520
410037
718624
479439
82071
150540
85201
407368
514535
473117
502612
441783
529023
123450
471675
75431
268515
239499
521640
38738
191539
336046
371597
112981
483521
476353
530291
723236
592201
593666
272927
373857
532768
121520
203099
306221
465985
350899
404056
518827
645227
267120
310429
30792
414480
400625
12211
523829
516032
516700
740551
528803
569843
387804
515317
132513
399891
731748
274415
488171
462341
435080
468415
655108
518055
521903
301419
287412
494895
480792
643447
8867
96513
741253
459652
492261
720324
172613
356604
658497
645337
144011
89485
76392
531081
626404
97805
370858
8546
37982
292316
595418
202542
8118
706868
75189
593373
267632
467662
657724
530930
13967
151777
643544
725787
654965
740414
353035
654560
3447
534412
417004
516114
482521
385493
29679
488877
4988
329502
145284
487046
512627
636480
591969
656137
368610
731619
596136
559115
727072
189073
523838
36473
83381
729158
465924
54673
335068
59106
530331
77269
406223
655336
418795
498292
39429
489201
504641
308340
476092
370895
106070
504320
172847
170019
387255
470435
467960
482144
496587
81328
147433
23642
649965
737206
493739
37916
254042
154073
271353
647062
461200
509765
22857
502769
475970
657649
589427
591908
148078
483036
239631
584841
692209
495960
54403
516853
29444
446149
652183
467866
75262
338207
659335
730704
657347
511605
485784
24763
643754
498028
288178
189409
143212
434102
632184
1342
463638
212885
196983
741247
445168
525597
467701
741395
311100
632535
157212
293753
655012
150718
193557
656643
49688
3459
278436
643455
657370
155983
449585
1239
355934
414565
546250
162877
334832
12865
500674
655055
632314
440544
438689
435661
527973
150087
34341
84084
441975
297343
149098
532188
428027
664080
68879
519873
175473
730768
276271
5245
529094
252457
12999
499886
446079
211594
98321
713548
221436
526711
494419
333786
119825
497599
189329
164303
440382
24212
524430
467279
438720
503178
372914
213470
515500
643498
470882
446260
631550
436405
377705
178305
278569
660899
94395
181444
179838
646508
647421
443243
509264
380710
175955
368404
514802
654745
517419
514220
546268
495473
439480
741208
740386
529631
75841
525134
649307
567499
724025
729508
404119
97616
546286
75514
661665
19872
407955
602573
368376
319171
445040
421608
591009
726493
28465
464912
49658
741338
486458
631867
709
158665
469658
523215
676266
547009
103854
363137
369422
7753
425801
571841
36859
23585
66708
192374
288798
445351
644610
433343
592292
504062
1600
246413
740540
192221
380159
473109
654758
720076
117715
485130
436204
732708
478067
520814
170622
481571
369397
503368
4997
420696
80485
647120
356647
645344
129798
70312
729258
435228
463506
182625
5120
502948
517888
92732
469630
407995
435231
428147
194236
109225
508716
534360
23111
476052
106674
713483
388188
475392
269990
741160
295917
111903
129683
507162
155829
129634
445080
496646
437388
522928
433951
489105
529901
223141
35828
54713
647707
434888
90280
440896
108957
522114
513225
502836
712555
1872
524308
275243
485246
731784
532793
411081
523456
406758
731939
58756
12084
163867
191460
444467
518203
593833
653349
470417
578508
731949
523936
406062
522578
505154
649475
694119
271135
435326
515642
741310
489287
90093
12509
463129
200136
567381
81934
525600
466766
284295
524280
312098
514819
102914
461253
286194
368525
404289
592285
508148
433845
355927
484222
632394
10842
585028
268963
124503
614080
591665
522795
124940
144949
527778
528993
419859
75307
77500
525196
381167
181552
151641
13351
74034
709187
76152
269988
256667
440932
513195
522817
513984
433702
9015
593645
604001
530227
740431
592519
467753
567828
148989
510328
408702
444229
321541
412597
389171
460260
508950
503284
533953
600029
467587
632268
374378
370781
101150
591506
173716
406799
522789
507355
461988
559718
465645
712676
720022
34114
444448
211604
390817
631762
306412
517134
126688
176503
472831
512676
516711
509637
599039
434914
339639
525626
480815
483454
530538
274416
282410
158870
651228
741328
654968
500483
718943
76753
425125
318529
491682
740589
488189
524418
433159
31532
438072
477375
492599
591145
98751
146339
591852
420559
584801
529782
435948
465744
581355
532411
5009
459842
268107
419463
461183
42217
369607
370671
288522
25450
292524
528320
650174
29724
657204
496487
654395
655189
505777
335034
713441
716719
591694
591314
306242
741217
438678
368255
595053
444468
740506
213424
413074
277517
100299
658422
592171
294041
463074
363396
34871
367854
464071
280342
435610
716128
55016
492208
520048
150557
389700
436873
624002
107125
372492
83761
2420
58924
372050
534404
120165
492925
310421
118351
75360
476319
124696
79015
194669
741294
632446
741212
368921
157031
726290
591026
380164
699177
278945
485104
6147
643267
404321
483616
446017
591014
731826
511834
487062
379466
695
446620
631618
458747
110298
5148
470412
190544
484500
19196
484813
516105
526494
861
521924
516243
560655
414740
8752
7200
69771
593134
591569
524390
163113
702168
75254
654582
483921
40094
461074
415067
190334
129758
38621
441072
202470
614974
8944
631951
416073
464137
740391
643467
655199
6551
491232
534450
237825
436944
475506
25338
59486
172928
128065
63348
731647
460109
535972
12956
475812
459632
659517
523664
558396
330073
647041
7946
253260
503165
8904
741244
13318
438
512675
23582
513296
2795
531987
129268
233240
368312
524183
631989
332382
504998
470907
476033
62880
329266
131452
368944
175343
77135
584864
122523
524219
356502
492427
503163
533444
472558
101007
523454
349656
17109
232721
429180
405913
533308
520943
75182
532835
515215
380857
25647
591288
450175
631822
437009
91521
80545
472270
477789
598320
512619
439463
524760
718640
644004
730597
138378
407918
741172
513617
709469
524477
73722
553498
731454
741462
445827
146806
534309
444301
655572
370480
229335
119598
288959
406620
352656
98661
73793
645015
189641
351279
632401
439726
515249
600861
370927
446172
198241
1274
715083
97887
741581
631633
263812
741157
536655
268939
350927
658760
534699
368353
480042
522752
740529
646645
166186
591947
741199
387567
281707
210385
405809
485233
516674
505934
88252
274539
455323
525557
1288
706674
102735
708738
75890
527412
740578
534525
486031
134859
91566
272168
136905
654568
480819
332708
570562
647036
741263
447458
493218
397153
479756
97044
493919
212102
83634
491172
50727
437277
433863
503251
660640
117835
446123
596643
463059
106212
1501
409137
78771
729061
249591
503709
440643
731555
651219
578429
522257
349110
29595
439040
106469
632865
716915
167741
655201
520989
658789
632486
220950
431460
103147
476454
369284
397609
515493
440494
370024
465433
432491
515146
592004
534538
299055
632790
1869
408909
356799
141125
89781
517821
722052
109540
477015
413297
601274
564611
591133
386567
477155
706124
372152
511143
652338
593148
153003
651221
199368
471014
642946
372295
413812
505516
544577
36927
444845
390567
232021
17441
600384
118076
464585
713590
368084
16529
496984
445890
728813
156509
395482
375217
502823
719927
200770
266308
156231
481371
504895
529303
723254
42586
142179
99962
654548
419240
371723
61812
656673
399800
90572
632465
532803
517969
469820
643655
119878
268785
577053
75093
159492
23918
740473
374596
654404
648394
40966
631841
78354
529592
524579
82222
162852
718438
523443
178551
255935
75335
286192
416089
514581
512894
498173
162963
740456
214043
268849
132642
654643
591976
272822
644231
741277
18160
113919
193566
419640
154652
591087
518750
445705
714428
527193
654671
525622
623974
691131
106510
193268
73799
703306
376722
656074
731417
520819
244139
257900
458280
495417
371609
449909
530436
732291
84190
421194
482526
656790
469459
21509
533709
525391
231942
497492
370603
741374
467151
4014
356626
436061
270525
183994
464391
528024
511096
134602
304376
376209
60300
479119
655643
652712
431081
584790
471067
728829
591384
463045
594952
149185
731505
56729
517172
413137
268530
591945
604479
490512
559353
517044
730710
478429
352768
306764
591151
515687
172979
194718
721348
77578
448225
499960
291623
132868
382151
412370
708867
443072
234282
181163
523145
523238
262886
465808
78518
437083
140666
104519
512651
397010
486360
19673
460179
635072
160324
356719
474536
533122
529509
740446
189781
279881
437638
709439
78948
602063
531106
518084
471403
527021
528300
533782
354056
71787
446357
444472
522699
609663
709795
484289
421509
584863
303676
659274
733168
462550
513267
7236
490795
491494
301404
601143
69330
433529
79064
732105
337730
375957
97199
170128
82201
380271
643512
410596
347991
9613
150458
592142
406861
437366
591576
371001
75066
11747
501578
525634
524910
493202
471991
406551
634882
667457
22399
89560
465213
720348
304192
105134
464416
397978
503222
528007
268774
516157
475387
524750
183684
719951
143604
433750
257761
534333
412939
529984
504352
459162
370950
709644
518250
388613
435535
631549
591329
590958
494146
514151
726012
269059
431668
555961
727355
368214
406423
334587
26232
353022
346868
79347
604116
525163
258429
185675
433427
356549
463421
213724
632918
512898
533719
508738
594095
524161
512842
523004
709648
275865
515210
380774
77274
500333
20136
523855
496622
497816
654718
178728
149849
374043
473254
363308
121549
202238
431109
95600
530871
515329
642706
179565
301613
406683
69855
654422
715194
521969
132314
433442
405880
433615
382044
740631
656071
500156
191510
496684
591190
740570
502745
28608
238839
195464
731438
645481
655904
602086
495989
460
507433
9999
731827
146317
7744
435560
603040
514179
98910
706889
271383
643552
731687
741213
111801
696360
592095
459691
356331
595234
632377
496572
132599
719906
709193
164060
153752
632685
676605
514468
533566
54642
109655
740684
26023
439440
507074
558726
519320
266728
256549
546288
731813
602571
72325
182885
591162
389638
567494
108029
369373
507680
182255
741420
522632
577202
446414
374262
481466
596572
445893
348387
468426
640450
356231
184211
165736
721234
300485
432996
518249
369285
741364
6838
104305
409925
221847
490415
515487
107149
406475
326035
154429
390738
315137
728983
410817
535192
184523
702167
644724
557655
467554
24321
406013
523560
7644
332197
520245
485449
632807
118474
171626
464971
520414
701324
434251
709257
565725
474737
413123
27160
591680
418175
494337
467807
125898
430606
415117
592313
21590
443061
5062
130036
124299
184736
500067
517180
303649
347535
292804
75348
337766
74615
741429
502773
438227
334639
643472
381061
293884
437585
463295
408903
740440
476432
78466
98428
44693
164226
675281
472651
493791
491988
433307
380887
105460
263912
379018
512867
491912
547257
436031
643951
579217
657843
156178
631921
524513
422990
12970
473583
527874
568152
369039
741168
134587
180408
156625
420269
591605
195364
289123
513266
647064
103183
258798
355141
473761
591733
632466
604551
444024
534169
535319
167496
643683
493796
512592
631580
712598
465543
520189
654566
500409
458414
247711
14611
496191
643565
731516
605502
554762
146559
181301
741232
444118
705389
436568
277677
495229
460978
275736
522805
515598
23413
702010
239514
435933
467751
481720
593920
646051
120855
189075
436219
513134
272630
352018
442782
386684
5613
734816
647723
572518
334603
729265
18426
96996
82482
429
551713
437594
172602
521973
282417
300701
435052
522819
720143
740457
432676
179309
259559
436439
731663
408073
24054
709581
253146
368296
449718
2057
501289
370421
524502
352671
435714
444986
523080
737521
387208
462946
192103
554829
498371
131226
104223
655066
592192
732037
192326
656723
351099
528572
7626
378501
687547
459538
102788
440475
466871
339831
234898
614136
119251
654379
27182
380133
502659
518460
44385
740616
213394
632629
523875
369755
274402
36959
533282
193118
471207
495138
501127
632729
408142
440534
112556
731847
432132
730599
292493
647079
515890
508343
433670
136247
529862
516023
76686
641757
1211
593928
179675
181244
517357
741255
517232
494549
474643
593382
3989
180141
162125
337594
406277
493709
656875
519783
529798
305971
595423
654836
65029
388347
12341
458499
42400
654720
506357
677546
19699
445999
515475
82327
523230
495755
632191
367956
741408
708114
226755
191346
523512
480116
332795
492859
180878
633301
269512
418093
105191
471381
368325
15250
643813
409034
517262
370770
29203
248746
719137
469970
550061
58561
525251
153827
11125
525017
444451
558296
286173
84928
546289
515082
432914
408458
19383
314359
253903
166924
413111
654593
460558
279806
647118
302742
510078
484950
515247
438683
5452
518773
699247
13759
681743
502876
77978
97270
6734
8705
655338
411695
207106
43812
522373
513083
633853
707712
529857
54943
718492
501853
439312
656547
445315
284284
438863
532634
103561
337295
547697
355983
654475
520313
20157
111024
293798
83636
368853
513734
534255
719239
7296
741156
226483
444349
469386
467097
408061
122061
741289
480311
82028
515848
591160
615360
126888
241545
205627
474584
526902
655143
523045
100914
233552
713123
741246
4
75231
524590
184720
461722
429294
187134
107740
1481
85155
461214
9997
72912
518475
591025
79387
731843
632252
645445
170568
709337
741291
31869
154654
508725
272673
518060
655445
158304
727580
632339
332422
488861
655351
402752
170131
513557
655387
144447
515415
349905
189920
494705
708096
145575
300141
11392
463483
473370
271580
298654
654572
371240
434375
356766
191734
35490
239666
29403
514063
150580
487200
435039
517461
632310
655327
496068
712617
435755
525462
522895
699841
567412
372123
591922
57698
5930
654874
180312
514578
507243
656657
408018
211511
441664
514821
644628
75367
654401
726355
26506
632219
592087
515046
376933
605445
135997
363558
654599
205558
728931
467769
290758
278694
726063
512815
472838
333427
16803
66048
591453
535011
159306
593075
451090
3260
76224
467306
436383
270291
288284
594634
239500
741265
180535
529172
489142
709182
513695
389724
412406
77768
159472
123464
15591
309753
459759
709621
524121
515070
108371
132989
709967
503093
468410
272259
643801
524250
585540
523761
487027
438906
156667
40510
526594
432560
593339
567453
46700
604915
377001
506908
533624
467101
581320
9676
17680
197644
431471
12013
432706
255596
8102
236774
159223
76394
61271
572535
44780
181300
259625
59719
330463
603766
132902
108301
307734
513885
148322
478868
336916
2853
110445
388733
505339
7101
333418
406395
421202
500842
503022
591318
625768
466714
145230
183850
741313
1063
437156
474705
740605
39925
162757
365207
128959
592129
444247
153961
436446
482573
370408
412433
85539
501135
309849
515016
442344
443258
106909
528952
371249
434989
648940
76884
507584
507260
527105
655895
516707
212838
484047
597349
459573
515515
384598
90073
187569
35052
607594
523329
740365
559459
437422
414418
24956
658598
412196
116459
498569
713632
46894
102798
467824
122926
516341
494556
31917
279929
592224
280805
136885
550502
306791
85658
522984
516837
26703
741363
421907
488143
709321
3416
418450
435044
307835
710694
443109
128866
7517
720177
353013
533192
231850
471619
472437
592164
655519
291196
172445
119316
533887
355264
250493
515369
61469
143907
649869
564847
477128
740387
628886
503297
280130
633506
4944
227777
536319
660767
732217
71465
632554
741841
309763
706960
741191
25691
730618
435001
19400
130014
31720
170737
518346
510958
433381
433068
436146
437647
149305
448229
585728
741181
514806
285354
632403
173524
731377
20103
269211
515840
78989
728777
627414
471873
252543
650382
632767
513058
740394
483305
198862
415299
297389
503438
644125
477028
2006
356198
533710
104570
597664
647121
185172
30246
119273
732155
171189
530053
593973
202
18442
160565
356190
58679
353001
376064
5836
460317
591387
483329
446425
369761
731524
186486
150107
252828
513463
49367
221597
192619
48849
661684
475963
725151
252967
567256
65234
369440
130849
518059
131933
6891
370140
213264
715567
528305
534052
152173
7739
591949
470477
491336
719925
606838
153177
313905
440219
285051
73965
153357
593292
554182
643548
42644
195060
440401
152717
436975
343873
371576
406460
118243
109439
379785
435290
631733
20879
444724
163893
498732
444520
370267
433439
180877
523221
85603
518123
12253
362806
534770
487635
483444
246381
467627
156171
151536
517148
292472
585931
421245
42572
157659
44685
651512
731729
507669
535711
12106
193043
171501
409368
520638
370422
567943
715494
197043
368149
655332
516539
406534
458573
696631
446675
516769
501293
632708
308074
647117
577775
35804
73875
144912
282376
419800
808
511839
289092
513490
498727
410231
509545
241575
514435
714127
194816
647044
64691
647371
513147
192586
500822
148559
386168
485527
401842
650680
518301
546502
109672
656696
721586
499839
520967
306425
28780
227656
203087
654958
414795
247077
268668
501203
519718
821
169358
434241
108080
173724
3376
472010
501794
467284
108408
371823
632282
529989
13854
30345
466917
432424
522090
631854
193842
632456
483209
368421
143873
655321
349470
479602
440604
448854
434900
636359
708017
633601
546283
647086
644611
82316
555927
374503
373560
473256
654581
370581
129910
106124
79110
491148
503911
8033
286221
10784
687084
432401
401954
249600
731391
494312
531713
363603
379754
523131
410026
507798
549171
523710
591474
407202
704031
371746
570791
135805
430646
504620
433732
126558
106650
741176
654838
529038
443021
74870
531176
656244
654355
131269
438245
716456
5662
513268
653258
731767
615131
466507
437058
250899
368934
7636
156367
374067
73800
509140
464733
740477
632120
502775
356467
591768
517356
522110
153934
111577
485205
382202
443636
372000
489118
515517
521530
741537
518099
655105
272011
585374
481898
727543
8578
473819
567374
459790
632368
507755
421257
156967
125139
13645
247323
474781
632236
445203
466875
442378
439200
61441
6834
709689
523185
314263
483486
144873
202424
12248
473286
146668
472038
730749
481860
444329
27267
221497
481542
446270
466039
85962
732033
502528
516450
410406
513520
417795
596982
389996
83286
506652
709609
644599
193491
647419
426312
570855
6232
55148
471818
510324
567235
75117
409602
469254
654473
284244
741497
704366
515053
150120
518505
586683
590939
188614
120
374973
427449
356270
4747
443428
591156
741239
632460
643120
459211
379414
183706
521487
462323
447794
497636
57697
591481
464472
207776
605143
82927
740501
654815
221889
120949
631624
436186
381126
87752
5086
137510
454528
519659
632380
666524
436426
291000
567501
446315
381204
374650
184926
530687
432984
55220
155995
502842
101302
703523
191215
150136
709545
533499
654500
658251
433738
271270
517155
8595
498187
353181
500724
433203
517617
481918
464572
467192
718483
21577
166011
715543
407926
168132
439381
24135
26530
73809
494614
90756
705692
10846
596543
740380
108049
655369
302903
654506
160556
31387
125113
643566
24030
136979
595201
436657
500419
741180
59138
504597
730686
671268
714425
741183
268573
195642
199625
108530
103934
144835
43505
645272
470479
512636
129673
727648
435741
146393
483239
471130
269775
518611
476402
530381
74471
348609
8986
1770
740617
584784
531064
532786
25292
497183
146804
77060
406238
727986
647450
485262
597216
108002
654609
519818
22960
657969
329327
546271
282901
628599
509872
247280
125503
513861
513871
523835
730610
171426
43322
350265
133892
343522
514870
558601
277624
134688
655981
520070
75318
505729
602015
31819
468972
632415
512680
446098
528713
604588
440848
726435
61995
458437
486589
643658
8004
733403
298198
505337
279832
371642
208093
642990
645427
594496
515274
480190
498740
731890
388645
372578
657382
586650
513609
514323
698060
309090
105606
631587
79322
518244
741151
741202
485915
529059
584908
584748
106185
148340
90061
741204
158932
500013
46578
475663
450230
502244
511175
601206
592115
443057
379548
487296
709425
702907
283610
12967
505806
532359
532626
668378
420796
713051
519839
523852
435655
111779
631508
251531
220963
510402
309288
518265
435369
592108
438872
291030
502
377416
450105
288215
98041
289019
484288
436037
265829
533237
433540
432976
55682
462379
57975
534312
610137
704983
124840
374990
654628
503721
31034
502756
732085
288981
26010
529451
513055
632766
518267
438231
731376
1027
523302
500897
158174
655082
503048
591607
491354
498720
7884
213389
265174
446588
532399
591633
520494
524464
245540
632423
525401
465498
466804
300624
348262
369144
155396
533635
517106
665365
699301
368631
380089
654619
279580
193133
484363
124156
702841
61345
726053
130607
445885
370703
642616
195685
115088
732022
431173
16157
446852
432822
529272
317190
719998
445652
595541
437497
352839
465784
708536
631590
159195
8739
81337
400876
348411
520898
479693
17719
562901
695185
480653
571177
716464
643005
429608
437696
558865
434890
233952
631863
509909
435811
741165
500756
632050
509736
654697
362728
250648
598832
2090
255973
268177
643610
380118
488293
9383
13543
76095
498543
655329
703237
511899
726547
63236
36958
15929
439474
719042
524920
213137
706240
656931
710255
524625
126667
208267
516297
83722
435295
519557
155919
502328
100921
632707
34851
655177
188495
315177
529438
23960
655224
449630
510927
97997
464336
74405
651925
525419
655916
502458
368866
483564
1422
130759
511425
440833
166017
31652
712714
132257
180711
644352
54697
406300
292056
201918
444955
492407
600789
78065
468026
42806
438782
567229
500874
596242
437338
59729
91546
510939
99819
501376
497867
643030
579079
661891
514934
55044
93675
634143
529053
534346
740458
731836
724212
350268
474233
445497
438311
128753
508284
381219
462829
510635
71215
473179
534847
536490
368912
279061
301989
740530
477159
655743
368855
371199
100426
301685
436578
155597
79334
709893
376681
495349
283322
652334
18021
633509
418668
90436
351296
487458
468688
369438
232194
517543
469879
590886
647055
68714
533903
632481
279594
709671
376675
531111
412586
490203
191518
77422
430849
190977
729533
25391
80343
655921
200250
443625
731388
271341
184907
465295
534453
279669
728823
482873
607819
6764
8763
654850
210283
700632
162646
514920
489284
445803
420830
282678
388004
130917
517338
373763
618145
387207
531668
131686
370937
592456
584851
6191
503546
631761
162032
77876
19413
569713
741306
700576
409965
655273
449415
514297
182982
278429
409934
380291
524599
16695
5912
413525
482587
271643
122363
24485
14623
91283
15536
500047
369522
109590
740377
373550
6136
474833
165195
399984
25363
459649
653144
610958
515417
446271
519347
590970
557850
112341
558528
283741
25544
436034
202453
25601
546285
483238
11417
258314
271510
657494
173464
595333
645317
296731
274408
444749
80919
516173
487511
493164
654529
347270
534338
438429
262823
79353
179986
403253
51891
75528
279257
517937
740396
480364
567294
202097
496459
647822
445981
446427
589924
364544
96322
224152
701982
356061
512661
114412
516790
467637
632303
7778
494738
90303
483635
440525
180257
343334
584782
471851
15827
372331
503666
720416
569700
521545
731660
519445
533273
546542
49433
477892
517817
525610
114172
696211
469030
554831
380973
726920
185055
741285
332706
181368
631650
456557
503787
422688
274329
25597
462640
277721
591121
15977
513667
293971
438236
563205
37288
78769
530988
449609
599470
369068
518200
372003
465929
475629
343380
202207
656980
78183
500375
507122
531400
78944
655614
8526
195471
741345
57771
293653
288164
708195
500512
529512
591968
327736
520205
22785
655782
288229
446678
514997
391561
514303
514636
567968
293629
713754
274422
57732
308710
26704
408708
21398
517603
388739
632144
529860
4865
524731
90107
513779
655344
519972
50130
104624
596449
499209
520623
591095
50252
1116
672131
466929
311609
191073
277704
515032
255932
282975
469244
372309
149255
727878
436636
507498
437191
535801
334534
352224
655057
25786
413801
516155
50755
541894
512670
657617
400295
9527
502302
581171
643452
47382
195727
29464
333526
268742
381282
654824
269895
647659
199743
516846
469171
520140
507704
741405
433901
24301
112318
491737
658402
368264
467125
515371
603930
654792
83347
390428
143818
154104
519337
109051
275775
696158
532363
740407
22410
520973
477420
558422
603732
388918
351403
506558
484242
75864
535873
20315
406096
670088
189585
151134
181391
279842
731646
143703
370555
3094
298089
20768
104672
487360
437341
605388
534384
111256
648448
406068
731941
74050
524815
390667
462693
162233
502915
98943
656641
423935
271044
239
461405
9589
514412
644708
38039
80132
356050
497575
496535
512587
28491
436527
567380
492618
48924
406510
530749
363492
644000
371889
368516
501200
546261
513530
443789
535903
514199
471528
313
741193
80658
741248
172772
513711
444332
713131
507025
469694
642660
609336
335079
78788
520207
479754
438289
355606
644633
273397
443577
554892
657032
486818
50813
534301
534477
369920
155017
610830
524741
7055
462086
369042
299878
492974
406234
517622
130293
150651
592045
444931
152292
551962
371718
445814
733319
95243
530595
136309
672979
432760
106857
436093
493819
149239
200716
279696
381123
445534
528486
298345
531561
160786
533030
508848
200804
710546
154510
199248
448697
533474
525205
151761
458320
445570
524574
517962
118554
462998
740412
196176
128824
647067
410977
83190
208680
372082
534293
131064
111749
129261
740525
473296
372031
525088
412707
429819
594923
523463
656243
190028
66
151413
522616
24167
377992
476365
396644
511251
86859
75527
514174
36794
621695
188553
514746
365706
522334
696684
27935
159130
706793
118110
594170
475538
573143
533514
24178
589884
490551
488827
534458
569361
368527
505735
136901
75438
371147
632579
120658
730740
570355
21765
654620
799
654563
656213
370725
444356
263671
499620
517949
519632
731709
741226
508010
504670
631584
136235
220971
592121
515972
371698
360940
740542
643357
703889
118241
696231
50425
521212
458324
500466
432729
444106
380250
412117
654543
444403
474010
469561
290243
562227
430439
475525
26904
191213
656887
368592
740452
16059
477866
76873
22616
654502
523299
591849
15535
180414
154210
643051
62661
514599
594084
433795
596704
731414
386989
89649
536663
376206
719203
197143
730830
591426
170355
713595
77318
592086
477869
34045
518525
597091
650585
432121
516578
274313
524899
404568
523899
487774
383403
190495
10848
83147
433222
460996
310645
1270
199850
477287
98259
442798
514495
567759
437178
731864
173840
517145
466165
469872
194329
24950
63287
489309
654447
442609
119177
523309
311640
591221
719966
709297
460693
464210
155827
23581
741210
242458
477693
466662
466987
517168
518464
47357
446091
440263
443861
188634
96852
505654
485392
514284
62275
368226
129563
481186
154320
370771
405410
631562
631672
522555
517033
480454
485910
526521
99528
183109
584839
486285
520287
389461
567725
445498
652308
368203
9315
504687
369614
118958
184233
596105
288262
675564
122927
86912
519523
497626
567482
269560
435761
30141
207538
731908
654922
456507
470633
371021
104203
88778
491767
520348
335139
433332
279522
512773
546292
436445
532815
644095
270851
440968
197071
502872
631602
431367
369430
465041
232375
159014
120323
309641
436792
4055
142074
460923
129195
435013
495035
24598
534679
234681
165859
114309
460141
58351
45231
272062
626637
128690
414809
75682
159430
495704
478095
422181
78224
647094
446574
654784
82916
631971
133534
523930
20107
567562
506985
153863
168799
335106
331141
30634
662152
464333
135254
246112
289347
22393
741153
478682
356572
63335
655272
498397
257008
335163
180903
83114
455493
514474
594454
463041
632239
118983
146602
9235
728234
413133
696497
478588
29698
356769
160958
655084
169982
434864
511991
378103
741457
653125
444179
476636
497148
632326
719895
515094
535306
13662
273621
523811
494186
177766
509343
461647
594444
654371
491440
531581
517581
643433
471933
213061
205427
95260
529420
374477
408054
266782
729074
265018
741179
468840
252682
654614
304682
534457
523739
31082
198072
14839
259605
741167
579828
151220
646568
502914
269128
632891
169378
655348
481852
34492
470608
534579
93659
91531
41086
740420
154163
591178
643130
132225
542050
501857
356187
715778
446559
524812
535464
151787
404706
528834
189445
118640
434966
123933
731507
233160
458355
521213
139896
463569
90443
476415
188456
508021
631995
59368
371914
531418
241576
611911
170999
276252
529317
4082
740369
187635
368157
656581
434286
38034
520640
361463
65735
495471
30579
740388
720197
146542
75694
234786
596461
405590
647045
28988
448664
426359
290154
301350
32826
469369
706116
654699
482077
593413
26630
494457
659256
489615
371563
730607
592982
642877
592322
99971
333738
633165
24601
210367
437379
730643
632093
731715
370854
423968
741182
712563
301540
75835
553878
445045
348711
115242
446850
502883
741206
713245
459927
282113
131034
3873
282998
524195
741282
162016
171695
647068
465885
271667
656020
445078
501012
89890
652235
208681
501629
655317
320151
530941
474783
592317
523424
196065
21811
420529
284208
11590
531509
290404
193725
119387
458644
67726
643896
455109
1227
435120
333297
485606
709218
353454
224764
14333
512693
80691
186350
434255
29189
128199
174134
410969
460574
446466
374458
369819
368011
654380
279819
408488
110702
182825
244595
479808
741195
191540
436687
654351
443123
370247
528763
287471
8372
421622
118651
741238
515388
405144
561064
515536
659870
459940
405153
495230
180909
275757
591110
512465
8360
474667
312644
401835
511817
292689
32148
237856
647061
532461
378813
528382
131255
653262
584884
25674
210532
506997
515534
584927
523836
484241
513315
608111
486095
432752
709466
112405
592945
516746
43233
461379
191482
35524
346736
376046
>un
690911
702663
740598
706088
708522
732934
728912
647034
731496
723529
732819
368518
351316
709419
655537
594695
732576
659670
660775
656753
729023
461608
732319
461247
731601
732349
712829
661805
633993
335057
702741
741595
616457
36915
730712
670302
713196
713857
701472
737554
634010
169943
574978
731589
714554
660443
734744
597982
720818
596119
732026
708256
112799
593027
523012
728078
706175
597496
658643
728839
731837
741461
712650
720547
535415
720949
606887
657044
698104
708378
737940
573708
609454
716907
708445
732348
633549
706229
444569
707510
153944
699851
546699
710666
655550
683399
707836
731515
704062
706431
648970
713168
713655
535581
287659
732254
173233
658123
741045
735919
714055
355933
356721
741398
741527
533977
720859
721030
706258
605083
731956
675510
679429
731821
719026
664480
731577
732361
351851
595795
733231
406590
633059
593376
656900
713718
274184
720106
683928
708811
658369
349444
679193
648947
708253
661803
656194
656442
720979
708558
731545
728901
708119
626362
705224
659776
668279
656374
713644
661731
712725
687769
676790
326404
713292
18861
708925
595678
731317
733014
657841
626084
711099
232417
716899
661732
593927
655390
662613
481342
707437
707322
702139
709057
476697
705847
449880
737266
731380
657346
593176
672187
691454
669724
659640
643590
643868
537892
709727
632539
193784
678030
449114
519520
601075
708459
738936
676750
732304
488433
592614
741343
659057
656732
688155
632796
731679
730603
731896
504856
659325
525652
658849
705892
655575
675535
448226
703277
77873
712763
667183
567702
100261
735521
708295
720220
494013
714443
704590
658052
728095
655763
458422
714451
272234
714301
707184
667755
596312
648590
668084
660621
597020
355177
644076
741566
731912
732663
295626
477495
659186
715359
552087
713936
720252
592625
569800
448879
708359
713476
209113
696417
603055
661730
600959
561602
634052
735747
735387
595186
664670
644944
658722
700350
632997
708727
742367
682003
655424
721120
741228
661808
547576
528668
693875
732492
511790
661729
29952
690727
632573
714374
434374
740101
121525
714182
512525
592455
735674
710162
514118
453592
734240
180171
712867
731534
705948
741897
701274
741240
661169
432792
161181
713634
708083
675061
558806
660013
714596
697237
714023
442676
731628
731600
598688
620437
678902
703938
713078
705884
676737
179260
702041
701291
656332
595563
713721
679536
731041
720458
626313
703770
730918
5298
657624
702126
656532
733671
540115
720867
712899
719719
699527
718749
670169
733165
714486
710241
700839
31841
733075
660511
728084
594832
501023
657330
595286
380956
645450
662889
571626
523262
694262
708386
684338
649847
699316
710259
702147
592561
86538
696043
715053
732116
714673
732633
707651
714036
554024
712210
702566
714988
702756
707296
665879
721310
731478
720510
659021
706897
708630
679424
701059
585199
593552
659224
701236
529555
628957
658378
709442
517207
654258
661243
741178
345028
592946
738433
510835
528793
437704
683402
709667
708749
76171
693847
643648
742196
707090
657308
733051
520703
594775
595887
656234
450979
600088
729239
593187
595738
659431
632626
708755
596944
600057
443852
732801
496271
592599
735735
656606
603306
657053
520974
702164
655377
658212
741477
569782
731907
656426
728534
730849
713323
658098
120633
655187
593952
680276
707298
696702
733243
701477
595378
715338
386793
728162
655282
555895
632934
732173
656655
705227
723629
486304
714083
732889
497684
659115
719698
631554
727345
741692
720560
708162
