>id 1234|Hs|cgap|||esophagus|||tissue
>part
>ku
>uu
566725
672645
552354
672757
578538
563747
608313
672615
608296
668274
672601
668247
607576
636017
668990
543207
672612
672602
672644
636037
672603
672658
668265
672648
635412
608310
543104
608363
672657
608353
552214
734363
608392
672646
543045
672605
672630
539231
581164
672577
735086
567814
608294
608311
540422
608339
608312
540666
543706
245144
164409
672651
672649
672616
539132
672600
541132
544520
668238
672610
668273
668271
672659
668986
548352
672604
567109
543521
672558
566173
563906
538581
668250
565919
672660
668264
604316
636020
668259
540445
567169
544902
672643
544858
636018
649706
635265
672647
604299
149578
506133
545233
672613
566967
672578
608292
539773
543469
333750
537754
672661
636015
688055
>kn
436500
160550
533913
468091
708076
18192
368921
85155
695681
534346
404802
350268
490991
25723
132195
483616
460124
446017
381219
510635
328232
534847
743267
301989
741184
655743
695
508725
16355
445402
666638
482269
47338
516966
647063
513285
720208
458747
470412
529846
95577
484813
409582
220864
521924
504877
560655
170131
288773
389
238990
654827
234642
16349
351296
465144
524817
439524
512461
708096
524390
705517
181159
163113
743286
300141
632481
351474
415067
371240
730674
227253
191734
124126
236449
85769
514063
150580
595458
435039
490203
517461
191518
510543
632472
592237
725400
416073
37003
506829
93002
6551
509067
546298
7835
237825
192233
699841
474935
288940
519035
172928
443625
63348
2785
656657
203559
605153
943
654401
591242
644628
518448
535972
82793
12956
133135
465295
654668
201858
189716
522401
523664
376933
144795
489284
151254
135997
9911
290758
618145
654610
523789
446429
512675
180142
23582
513296
469473
531856
119594
2795
124147
411865
2704
83753
77876
159306
233240
409965
20716
518355
433419
438292
239500
524183
515259
654657
409934
720081
741169
474005
489142
16695
229988
53454
79299
77768
655697
204575
631656
655662
381099
9873
122523
524219
201446
356502
212680
515070
407604
99821
567529
434081
454534
221737
514505
524250
371350
487027
530940
471779
497741
518236
349656
429180
524894
740377
459709
444663
712713
593339
355750
474833
533624
177861
26890
507333
474053
459649
17680
649191
631659
133475
519162
114033
483259
112341
436034
546285
145605
8102
708084
158287
79081
136348
514051
591502
64968
730597
434044
11417
271510
513617
173464
59719
3100
352240
496098
389649
332878
467142
534309
707013
2853
347270
534338
126497
438429
654868
7101
179986
580681
548187
652390
190722
119598
503022
445775
29288
533721
517948
480364
278573
202097
144496
632214
276925
513044
446427
730678
1274
437060
263812
598836
741157
114412
153961
536655
350927
268939
370408
41696
488307
309849
515016
522752
194754
632717
493169
513646
126550
512607
471851
494173
464157
9661
558799
743223
212838
323363
511743
728864
469116
23388
35052
446336
477892
35947
433701
298469
708268
459284
323342
654568
136905
118633
696211
498569
532749
46894
647036
467824
18894
516341
283565
185055
443301
279929
370504
471441
631750
212102
633514
743242
437277
230601
355643
54457
592174
421907
300772
433863
438994
501622
456557
1076
143674
503787
533655
557550
106212
533192
709462
78771
532840
655519
291196
515714
503692
741298
201877
503709
516111
31498
731384
449609
99936
439548
599470
24379
106469
369068
518200
280130
62886
632486
343380
348418
227777
533898
397609
468442
632554
593923
386294
524271
293653
274135
355935
9469
645792
170737
430551
506861
657058
723684
157726
181326
431043
131915
461047
269577
517821
474914
413297
301961
515130
498115
386567
308710
706124
511143
632403
502867
408708
647060
514196
593014
257352
715348
413812
411501
306000
544577
513043
471234
475348
656580
17441
519842
509017
118076
546106
339278
439180
368084
519972
8786
415299
654649
483305
519568
596449
14468
145586
81848
518438
727344
477028
499209
591095
88025
406515
382865
502823
4973
719927
469313
473894
515032
185172
645517
504895
227948
529303
463105
361041
501574
59214
647116
652114
399800
90572
437191
356190
532803
517969
515018
650575
436023
631661
268785
413801
376064
524498
513242
654444
356285
75093
607212
355542
643452
374596
648394
40966
349283
77961
488478
524579
708153
713173
199561
118400
9534
178551
255935
524367
58663
112318
591283
655160
334612
515371
514581
240
567256
268849
292549
59523
110675
436271
698120
519337
89603
655131
22410
520973
558422
591949
470477
518513
75864
513804
164960
153177
370555
440219
584909
497353
591789
568239
644306
518921
708950
472213
403436
440401
743331
414579
630181
444870
112728
379785
439620
703306
656074
449909
498732
84136
524815
652255
390667
469022
162233
180877
731774
714302
465102
361323
20930
534770
26268
370603
592123
504609
270525
476930
136280
506852
250581
517148
408461
632258
74137
405479
108332
474751
28491
356742
495656
665686
461361
67846
479119
651512
658514
492618
446311
431081
194654
530749
371889
463045
646346
631593
149185
594952
581021
268530
707916
513530
356440
490512
520638
604479
415342
313
3192
368149
535486
74368
9754
352768
26333
591151
204041
632581
644633
647090
592080
486818
18925
408236
308074
632398
369920
136778
729053
444950
516994
7055
458598
412370
157160
112023
443072
110489
223296
255093
106880
25441
743218
423103
441488
20521
523145
523238
466625
437043
406234
130293
498727
416049
465808
504115
524224
195080
656361
647371
643580
461086
148559
440829
432760
439060
159161
438102
719935
381123
523009
250666
499839
531106
405987
531561
655067
227656
528300
324844
592049
508848
743231
77558
654958
37712
414795
505077
821
400740
362817
525205
108080
530730
173724
445570
458320
709795
421509
69499
600547
508644
410037
462550
323396
485139
196176
490795
532129
410977
529989
743237
514535
491494
301404
631988
534293
654570
30345
473296
655407
12271
523463
191539
143873
190028
492740
444673
522616
530291
331555
513244
1030
495728
371001
476517
11747
534667
532768
659997
524910
493202
546283
460499
514174
621695
600681
374503
350899
499725
365706
473256
304192
696684
159130
267120
743268
79110
516157
118110
8033
443687
183684
370510
719951
505735
368542
433750
516032
534377
591582
387804
799
406976
519909
631549
517949
741226
632772
220971
19012
726012
478275
339735
113876
368214
406423
234434
521903
26232
607501
696231
50425
654439
8867
279704
96513
519672
654817
84
304081
433427
25527
131269
356549
654543
716456
444403
5662
463421
213724
632918
524491
517265
512898
531081
15951
574492
471200
437385
368934
73800
71040
8546
464733
424484
431400
111554
517356
591768
355570
523004
406840
77274
30743
16291
654352
111577
16059
631760
653859
22616
279583
374588
654502
515517
178728
655395
78619
473254
643051
727543
643544
591047
279652
202238
485434
109520
95600
472471
536663
654550
442634
719203
789
406683
654422
470627
203691
705699
421257
654465
523194
485365
518525
436329
433615
547172
487046
190086
524690
374556
513856
636480
653202
487774
523185
433222
195464
473286
460996
83381
481860
326387
632721
128067
558447
743266
98259
477287
77269
514495
437178
173162
489201
517145
104980
502528
469872
370895
435560
7744
603040
417795
514179
81134
567525
654447
119177
492314
591696
591221
311640
81328
713663
632541
6232
512564
37916
356366
323833
459691
416994
532790
154073
356331
647062
711461
471104
464210
155827
23581
509765
696735
146180
242458
148078
476218
527861
16426
515053
466987
692209
20447
518505
546288
517168
518464
182885
516853
120
75372
28914
188634
4747
389638
477361
505654
443428
485392
514284
83169
522590
459211
370771
378532
143751
522632
511605
374262
497636
596572
654387
464472
5308
434102
368402
576320
357567
517033
221889
209983
526521
184211
381126
721234
5086
486285
467701
505059
515162
518249
454528
632380
531085
369614
409925
184233
119591
374650
221847
743343
192131
365405
490415
530687
406475
519523
729056
326035
135763
154429
502842
410197
101302
410817
449585
535192
531371
497350
414565
506603
501345
743234
371021
534560
520348
534314
732385
149098
171626
7158
520414
371617
532188
732098
77498
440968
565725
502872
631602
467192
114286
499886
125898
531789
415117
439381
388087
713548
4055
723297
13885
459265
494419
150837
108049
463456
534679
632041
31387
125113
709228
207631
497599
511801
164303
528631
337766
524430
438720
503178
372914
302123
438227
502773
470882
31334
334639
278569
381061
183800
111632
658333
181444
108530
103934
144835
43505
129673
667996
446574
509264
164226
82916
743389
632738
172865
20107
558180
414473
146393
483239
466775
203910
514220
335106
530381
379018
237017
495473
18449
449076
740386
336431
643951
700779
529631
740628
12970
514050
473583
741153
356572
77060
200600
257008
656507
180903
455493
724025
404119
727986
546286
26670
48353
647450
597216
651201
602573
657969
407955
282901
420269
546271
319171
132499
146602
513861
9235
518805
647064
160958
27059
95835
501928
158665
458485
15738
378103
110364
350265
12152
343522
523215
656294
643683
484188
200063
632326
368433
438641
75318
706168
445081
593679
571841
115896
273621
177766
709234
1437
632469
406135
594444
192374
24684
75139
445351
743253
433343
481464
504062
181301
534322
502314
516948
533526
1600
246413
440848
46679
436568
61995
495229
471933
733403
485130
436204
481571
369397
408054
133122
171939
13999
435933
242057
70312
408676
304682
254338
90691
105606
515469
513134
517888
151220
706130
368808
18426
429
450230
518374
524214
487296
50098
93659
702907
283610
148272
201083
532359
463511
532626
481836
535464
111779
431092
239600
445574
408073
509447
424049
291030
1565
90280
513915
288215
720030
513225
18949
458355
201671
502836
265829
55682
694071
275243
632296
485246
532793
301478
591033
469287
523456
205326
170673
288998
444467
731613
424126
512932
655066
502756
207763
59368
204238
241576
388654
529451
528572
654705
710656
271135
731127
378501
635350
75498
667372
90093
500897
11782
368359
181174
348883
368157
389107
154001
317403
525600
265174
532399
520640
44385
245540
523875
390623
369755
710624
657569
182698
533282
435771
193118
497399
433845
503716
355927
335918
369144
535326
501280
564533
596461
155396
465374
426359
614080
356076
654619
728857
476270
75307
4859
515550
525196
480415
381167
292493
301350
415762
515890
525210
743344
440932
433670
522817
433702
76686
497692
446297
655259
521092
530227
500761
438587
730607
415058
529618
5268
1211
80395
183646
69745
516484
517357
181244
510328
2399
642877
532632
212046
512756
474643
3989
380933
657067
460260
24601
655346
210367
508950
591290
529798
743230
741424
74564
720220
631590
386470
224607
726215
75835
520898
445045
241551
410455
479693
495755
502883
632191
465645
741206
459927
343627
282113
9825
3873
571177
7768
83734
144527
716464
226755
162016
213690
405614
516711
512676
530101
599039
21701
131436
655392
517293
269263
367437
509736
189772
356096
699822
741328
743262
499042
255973
513797
643610
21811
61430
533543
469970
425125
9383
13543
135471
420529
498543
105584
290404
562568
654636
534345
57687
376208
368563
248785
134084
643896
420559
455109
471751
524920
505327
131151
523718
303116
512693
186350
138202
253903
279761
514950
83722
371794
7036
89404
25450
535224
293560
650174
502328
632707
81071
533977
139322
496487
654380
592102
502876
505777
524530
433484
23960
6734
510927
464734
464336
74405
436687
522373
707712
79361
306242
646775
438678
525419
1925
518198
595053
8372
444468
1422
12107
336768
379821
130759
5158
511425
277517
284284
405144
561064
414183
532634
535622
159546
712666
103561
459940
180062
180909
367854
644352
464071
406300
355983
743260
654475
280342
20157
520048
492407
654859
468026
534255
436873
107125
237856
632379
42806
741156
226483
67896
149991
658489
548088
467097
534404
408061
25674
127799
506997
655285
82028
301412
523836
515848
730881
476319
297413
369052
190968
233552
112405
579079
567723
93675
>un
655411
655905
634153
479728
701117
597818
208219
729700
743633
668991
743220
714401
554239
603274
726914
481657
659555
664993
713770
706044
173704
732154
668266
715053
735087
732885
737856
714446
594519
598289
713706
701206
519738
735093
628728
667639
708634
448879
672593
665958
655261
3353
164401
533222
600488
663722
720884
712829
732899
743288
596677
731478
672568
707733
718605
644921
597802
712632
733496
481208
530089
523470
657113
667512
721560
657736
732161
232417
569375
740536
668989
732915
693821
707008
657607
731606
732989
645558
436298
710664
732285
714937
659632
743247
734362
666143
700642
734290
714487
644956
741178
586298
592916
669724
666842
512525
480743
713833
555248
672611
735077
731963
231923
593027
654686
514118
632539
75668
732784
712828
6790
705959
701118
731423
444564
590939
636182
663718
99528
514216
668248
708120
713854
706803
18128
715310
741221
602930
91142
714046
714445
743595
728972
35861
743590
486443
596814
7753
655575
592599
670315
705738
707273
706160
718721
560308
720458
741713
593269
731509
714913
715907
723295
599217
591454
655314
660766
708148
743382
658465
730849
713655
672569
535901
596724
700832
246477
712052
714873
732716
572190
712999
731443
731814
534603
386793
663992
506989
632900
356721
660615
656273
672650
658986
715195
741913
719698
597488
701604
96886
>part
>ku
>uu
566725
672645
552354
672757
578538
563747
608313
672615
608296
668274
672601
668247
607576
636017
668990
543207
672612
672602
672644
636037
672603
672658
668265
672648
635412
608310
543104
608363
672657
608353
552214
734363
608392
672646
543045
672605
672630
539231
581164
672577
735086
567814
608294
608311
540422
608339
608312
540666
543706
245144
164409
672651
672649
672616
539132
672600
541132
544520
668238
672610
668273
668271
672659
668986
548352
672604
567109
543521
672558
566173
563906
538581
668250
565919
672660
668264
604316
636020
668259
540445
567169
544902
672643
544858
636018
649706
635265
672647
604299
149578
506133
545233
672613
566967
672578
608292
539773
543469
333750
537754
672661
636015
688055
>kn
533913
160550
436500
468091
708076
18192
85155
368921
695681
534346
404802
350268
490991
25723
132195
483616
460124
446017
381219
510635
328232
534847
743267
301989
741184
655743
695
508725
16355
445402
482269
666638
516966
47338
513285
647063
720208
458747
529846
470412
95577
484813
220864
409582
504877
521924
560655
170131
288773
389
238990
654827
234642
16349
351296
465144
524817
439524
512461
708096
524390
163113
181159
705517
743286
300141
632481
351474
415067
371240
730674
227253
124126
191734
236449
85769
150580
514063
435039
595458
490203
510543
191518
517461
592237
632472
416073
725400
37003
506829
6551
93002
509067
7835
546298
192233
237825
474935
699841
288940
519035
172928
443625
63348
2785
656657
203559
605153
943
654401
591242
644628
535972
82793
12956
518448
465295
133135
201858
654668
189716
522401
523664
376933
151254
489284
144795
135997
9911
618145
290758
654610
523789
446429
180142
512675
469473
513296
23582
531856
119594
411865
124147
2795
83753
2704
159306
77876
233240
409965
20716
518355
433419
438292
239500
524183
515259
720081
409934
654657
474005
741169
489142
229988
16695
79299
53454
77768
204575
655697
631656
381099
655662
201446
524219
122523
9873
212680
356502
515070
99821
407604
434081
567529
454534
221737
371350
524250
514505
530940
487027
471779
349656
518236
497741
429180
740377
524894
459709
444663
593339
712713
355750
177861
533624
474833
26890
507333
474053
459649
17680
649191
631659
133475
519162
114033
483259
112341
436034
546285
145605
8102
708084
158287
79081
136348
514051
591502
64968
434044
730597
271510
11417
513617
173464
59719
3100
352240
496098
389649
332878
467142
534309
707013
2853
534338
347270
126497
438429
7101
654868
179986
580681
548187
652390
190722
503022
119598
533721
29288
445775
517948
480364
278573
202097
144496
632214
513044
276925
730678
446427
1274
437060
598836
263812
114412
741157
536655
153961
268939
350927
370408
515016
309849
488307
41696
194754
522752
493169
632717
513646
126550
512607
471851
494173
464157
9661
558799
212838
743223
323363
511743
728864
469116
23388
35052
446336
477892
35947
433701
298469
708268
459284
136905
654568
323342
696211
118633
532749
498569
46894
647036
467824
18894
516341
283565
185055
279929
443301
471441
370504
631750
212102
743242
633514
230601
437277
592174
54457
355643
421907
433863
300772
438994
501622
456557
143674
1076
503787
557550
533655
106212
533192
709462
78771
532840
291196
655519
741298
503692
515714
516111
503709
201877
31498
731384
99936
449609
24379
599470
439548
106469
369068
518200
280130
62886
343380
632486
227777
348418
397609
533898
468442
593923
632554
524271
386294
293653
274135
430551
170737
645792
9469
355935
506861
657058
723684
157726
181326
431043
131915
461047
269577
517821
474914
413297
301961
515130
498115
386567
308710
706124
511143
632403
502867
408708
647060
514196
593014
257352
715348
413812
411501
306000
544577
513043
471234
475348
656580
17441
519842
509017
118076
546106
339278
439180
368084
519972
8786
415299
654649
483305
519568
596449
14468
145586
81848
518438
727344
477028
499209
591095
88025
382865
406515
502823
4973
719927
473894
469313
185172
515032
645517
227948
504895
529303
463105
501574
361041
59214
647116
652114
399800
437191
90572
532803
356190
517969
515018
631661
436023
650575
524498
376064
413801
268785
513242
654444
355542
607212
75093
356285
643452
374596
648394
349283
40966
77961
488478
524579
708153
713173
118400
199561
9534
178551
255935
58663
524367
112318
591283
655160
515371
334612
514581
567256
240
268849
59523
292549
110675
436271
698120
519337
89603
22410
655131
558422
520973
591949
518513
470477
75864
513804
164960
370555
153177
440219
591789
497353
584909
568239
644306
708950
518921
472213
403436
743331
440401
414579
630181
444870
112728
379785
703306
439620
656074
449909
84136
498732
652255
524815
390667
469022
162233
714302
731774
180877
465102
361323
20930
534770
592123
370603
26268
504609
270525
476930
506852
136280
250581
517148
408461
632258
108332
405479
74137
474751
356742
28491
495656
665686
479119
67846
461361
446311
492618
658514
651512
431081
530749
194654
463045
371889
646346
631593
594952
149185
581021
707916
268530
513530
356440
604479
520638
490512
313
415342
3192
368149
9754
74368
535486
352768
26333
591151
632581
204041
644633
592080
647090
486818
18925
408236
308074
369920
632398
136778
729053
444950
516994
7055
157160
412370
458598
112023
110489
443072
223296
255093
106880
25441
441488
423103
743218
20521
523238
523145
406234
437043
466625
130293
498727
416049
504115
465808
656361
195080
524224
643580
647371
461086
148559
440829
432760
439060
438102
159161
719935
381123
523009
250666
499839
531561
405987
531106
655067
227656
508848
592049
324844
528300
743231
77558
654958
37712
505077
414795
821
400740
525205
362817
173724
530730
108080
709795
458320
445570
600547
69499
421509
508644
410037
485139
323396
462550
196176
532129
490795
410977
743237
529989
301404
491494
514535
631988
654570
534293
30345
473296
655407
12271
523463
143873
191539
190028
492740
444673
331555
530291
522616
371001
495728
1030
513244
476517
534667
11747
532768
524910
659997
493202
546283
460499
514174
600681
621695
374503
350899
365706
499725
473256
696684
304192
159130
267120
743268
79110
516157
443687
8033
118110
183684
505735
719951
370510
433750
368542
516032
534377
591582
387804
799
406976
631549
519909
517949
741226
220971
632772
726012
19012
478275
339735
113876
368214
406423
234434
521903
26232
607501
696231
50425
654439
8867
279704
96513
519672
654817
84
304081
433427
25527
131269
356549
654543
716456
444403
5662
463421
213724
632918
524491
517265
512898
531081
15951
574492
471200
437385
368934
73800
71040
8546
464733
424484
431400
111554
517356
591768
355570
523004
406840
77274
30743
16291
654352
111577
16059
631760
653859
22616
279583
374588
654502
515517
178728
655395
78619
473254
643051
727543
643544
591047
279652
202238
485434
109520
95600
472471
536663
654550
442634
719203
789
406683
654422
470627
203691
705699
421257
654465
523194
485365
518525
436329
433615
547172
487046
190086
524690
374556
513856
636480
653202
487774
523185
433222
195464
473286
460996
83381
481860
326387
632721
128067
558447
743266
98259
477287
77269
514495
437178
173162
517145
489201
104980
502528
469872
370895
7744
435560
603040
514179
417795
81134
654447
567525
492314
119177
591696
311640
591221
81328
632541
713663
6232
37916
512564
323833
356366
459691
532790
416994
154073
647062
356331
711461
155827
464210
471104
696735
509765
23581
146180
242458
148078
476218
527861
16426
692209
466987
515053
20447
518505
546288
517168
518464
75372
120
516853
182885
28914
188634
4747
389638
443428
505654
477361
485392
522590
83169
514284
459211
370771
143751
378532
522632
511605
374262
497636
654387
596572
464472
368402
434102
5308
576320
357567
209983
221889
517033
526521
184211
381126
721234
5086
486285
467701
505059
454528
518249
515162
632380
531085
369614
409925
119591
184233
221847
374650
743343
192131
490415
365405
406475
530687
326035
729056
519523
135763
154429
101302
410197
502842
449585
410817
531371
535192
497350
414565
506603
501345
743234
371021
534314
520348
534560
732385
149098
7158
171626
371617
520414
532188
732098
77498
440968
565725
631602
502872
467192
114286
499886
125898
531789
439381
415117
4055
713548
388087
723297
13885
150837
494419
459265
108049
463456
534679
632041
207631
709228
125113
31387
497599
511801
164303
337766
528631
524430
438720
503178
372914
302123
470882
502773
438227
31334
334639
381061
278569
183800
658333
111632
108530
181444
103934
144835
43505
129673
509264
446574
667996
164226
82916
743389
172865
632738
558180
20107
414473
146393
483239
466775
203910
514220
335106
530381
379018
495473
237017
449076
18449
740386
336431
643951
740628
529631
700779
514050
12970
473583
741153
356572
77060
200600
656507
257008
180903
724025
455493
404119
48353
26670
546286
727986
647450
597216
651201
407955
657969
602573
546271
420269
282901
319171
132499
9235
513861
146602
518805
647064
160958
27059
95835
501928
458485
158665
378103
15738
110364
350265
12152
523215
343522
484188
643683
656294
200063
368433
632326
438641
75318
706168
445081
593679
273621
115896
571841
709234
177766
1437
632469
406135
192374
594444
75139
24684
743253
445351
433343
504062
481464
181301
1600
533526
516948
502314
534322
246413
440848
46679
61995
436568
495229
471933
485130
733403
436204
369397
481571
133122
408054
171939
13999
435933
242057
70312
408676
254338
304682
90691
105606
515469
513134
517888
151220
706130
18426
368808
450230
429
487296
524214
518374
93659
50098
702907
148272
283610
201083
463511
532359
532626
481836
535464
111779
431092
239600
445574
408073
509447
424049
90280
1565
291030
513915
720030
288215
18949
513225
201671
458355
502836
265829
55682
694071
275243
632296
485246
532793
591033
301478
523456
469287
205326
288998
170673
444467
731613
512932
424126
207763
502756
655066
59368
388654
241576
204238
529451
528572
710656
654705
271135
731127
378501
635350
667372
75498
11782
500897
90093
181174
368359
348883
389107
368157
317403
154001
265174
525600
532399
520640
44385
245540
390623
523875
710624
369755
657569
182698
193118
435771
533282
497399
433845
335918
355927
503716
564533
501280
535326
369144
596461
155396
465374
426359
356076
614080
728857
654619
476270
4859
75307
525196
515550
301350
292493
381167
480415
415762
515890
525210
743344
440932
522817
433670
433702
497692
76686
446297
655259
521092
438587
500761
530227
529618
415058
730607
5268
1211
69745
183646
80395
516484
181244
517357
642877
2399
510328
212046
532632
512756
474643
3989
380933
657067
460260
655346
24601
508950
210367
591290
743230
529798
741424
74564
720220
631590
386470
726215
224607
75835
445045
520898
241551
410455
479693
495755
502883
465645
632191
741206
459927
282113
343627
9825
3873
571177
144527
83734
7768
716464
226755
213690
162016
405614
512676
516711
21701
599039
530101
131436
517293
655392
367437
269263
189772
509736
356096
741328
699822
743262
499042
255973
513797
61430
21811
643610
425125
469970
533543
13543
9383
420529
135471
290404
105584
498543
562568
654636
534345
57687
376208
368563
248785
134084
643896
455109
420559
471751
524920
505327
131151
303116
523718
512693
186350
279761
253903
138202
514950
83722
371794
7036
25450
89404
535224
502328
650174
293560
81071
632707
139322
533977
496487
592102
654380
505777
502876
524530
433484
23960
464734
510927
6734
74405
464336
436687
522373
707712
79361
646775
306242
438678
525419
518198
1925
595053
8372
444468
336768
12107
1422
379821
511425
5158
130759
277517
561064
405144
284284
414183
532634
159546
535622
103561
712666
459940
180062
367854
180909
464071
644352
406300
355983
743260
654475
280342
20157
520048
492407
654859
534255
468026
107125
436873
632379
237856
42806
149991
67896
226483
741156
658489
548088
467097
408061
534404
25674
506997
127799
301412
82028
655285
730881
515848
523836
476319
297413
369052
190968
112405
233552
579079
93675
567723
>un
655411
655905
634153
479728
701117
597818
208219
729700
743633
668991
743220
714401
554239
603274
481657
726914
659555
664993
713770
706044
173704
732154
668266
715053
735087
732885
714446
737856
598289
594519
713706
701206
519738
735093
628728
667639
708634
448879
672593
665958
655261
3353
164401
533222
600488
663722
720884
712829
732899
743288
731478
596677
672568
707733
718605
644921
597802
712632
733496
481208
530089
523470
657113
667512
721560
657736
732161
232417
569375
740536
668989
732915
693821
707008
657607
732989
731606
645558
436298
710664
732285
714937
659632
743247
734362
666143
700642
734290
714487
644956
741178
586298
592916
669724
666842
512525
480743
713833
555248
672611
735077
731963
231923
593027
654686
514118
632539
75668
732784
712828
6790
705959
701118
731423
444564
590939
636182
663718
99528
514216
668248
708120
713854
706803
18128
715310
741221
602930
91142
714046
714445
743595
728972
35861
743590
486443
596814
7753
655575
592599
670315
705738
707273
706160
718721
560308
720458
741713
593269
731509
714913
715907
723295
599217
591454
655314
708148
660766
743382
658465
730849
713655
672569
535901
596724
700832
246477
712052
714873
732716
572190
712999
731443
731814
534603
386793
663992
506989
632900
356721
660615
656273
672650
658986
715195
741913
719698
597488
701604
96886
