>id 1234|Hs|cgap|||cervix|||tissue
>part
>ku
>uu
729866
534787
674901
673157
673158
608880
673191
574343
610466
674895
608923
673192
608877
608922
542537
610470
673233
636100
610467
>kn
533913
631638
511787
107740
469398
151706
724212
654527
532824
25723
518475
432453
645445
29106
144309
468908
510635
632317
328232
31869
301989
529408
368855
695
508725
154654
75056
659360
645295
155597
149504
525549
349208
205163
515364
470412
110298
709893
531587
644794
116651
3972
471917
861
179608
12439
8752
418668
234642
465144
110757
412870
512732
439524
189920
274361
705517
743286
438830
516808
415067
743423
124126
29403
150580
595458
490203
517461
77422
75812
170853
7835
368260
699841
519035
180312
80343
534641
128065
2785
443625
63348
82793
501991
563344
467898
189716
659517
382212
376933
489284
135997
7946
26225
728931
9911
741244
437403
512815
523789
527061
89643
275675
23582
370937
531856
2795
148641
439991
20716
621200
467306
433419
514297
239500
515259
409934
474005
437241
53454
504998
470907
77768
596164
260855
181046
148845
123464
31439
409140
153563
524219
302740
356502
2719
100878
91481
515070
468410
434081
272259
440900
534527
191987
471779
381189
405913
520215
593351
533308
494997
499158
510833
432560
86131
32374
32194
46700
476093
368551
105887
460336
533624
581320
380857
156727
269092
507333
474053
522418
424414
437009
515417
477789
526975
193832
57907
654744
632731
69089
8102
546285
554883
655476
147950
513617
595333
571835
743372
645317
3100
598441
73722
352240
9788
731454
332878
512934
465337
521937
493164
743265
631814
325978
179986
495240
389378
124027
119598
29288
406620
183850
369574
632401
479069
269471
278573
731513
1063
445981
446427
612151
162757
97887
396447
6686
350927
488307
632717
514465
523395
76884
741199
513626
591947
281707
523370
471851
286226
473937
513870
252549
632693
292451
43977
729159
558799
436973
484047
234149
299002
533273
384598
80409
459642
466391
546542
288034
584842
490330
69293
345818
82609
477892
437126
298469
369646
134859
211079
272168
497893
47668
323342
225641
42896
332708
55918
647036
462680
371720
443301
209113
171596
493919
654863
50727
89663
306791
437277
421907
300772
555956
456557
435044
26403
106212
353013
407966
462640
520794
356744
291196
15977
469280
653193
81424
78880
306769
449609
74576
377484
599470
741422
147434
369068
647620
522057
443727
465929
174193
632486
343380
707401
348418
125133
397609
517553
468442
50640
191219
729080
533626
71465
440494
632554
593923
515146
524368
459630
137572
454418
386189
113577
591352
80552
485360
153381
655010
352677
149305
514303
567968
327527
631579
485278
274422
502867
21398
517603
657151
252713
413812
515785
544577
515840
444845
249159
709550
519756
399810
713590
258326
519972
632767
438862
483305
198862
415299
696283
369624
76111
409563
311609
502823
368160
458360
406788
185172
125213
227948
501574
732155
647116
515689
202
652114
436636
433573
516182
437191
632465
285363
416207
498317
434213
516155
438991
518450
400295
714231
355542
529488
75093
195727
118552
369761
374596
333526
516079
413359
77961
108973
439894
131743
459366
713173
469171
654602
178551
255935
433180
655160
515371
252967
512894
65551
567256
545950
73986
433291
75064
109051
28020
593268
298280
29764
439815
424589
523744
22410
35086
520973
419640
434875
406096
518750
511915
435302
16230
288809
370555
87385
313905
495984
644306
525622
643548
628831
472213
414579
442138
534384
105352
479747
446641
515139
741474
287714
410965
732485
449909
12646
84136
504003
390667
644997
16229
525084
162233
743420
180877
502915
533709
423935
707906
483444
714774
246381
444536
381134
464391
632267
534456
356050
631954
108332
474751
495656
131489
10101
714400
646346
149185
56729
731505
501200
268530
3352
654653
472852
409368
520638
415342
647573
497391
74368
591992
436429
65436
356624
516539
370666
443577
10094
481551
5258
61960
171844
32433
369920
603118
655123
4900
610830
524741
702646
534261
221127
808
743218
155342
460298
20521
181163
525238
498727
643560
121072
465808
487498
591715
656361
647371
733412
82961
733319
19673
273330
658304
440829
213666
279413
514489
531754
7001
159161
192477
632483
381123
445534
279881
226117
499839
618713
611432
520967
200804
743231
533782
354056
737064
462833
679430
522507
821
519718
400740
502829
525205
445570
430425
298713
410037
501794
431307
467284
196176
128316
532129
653135
514535
491494
403972
473296
513811
97199
743281
375957
12271
429819
642715
743654
523463
347991
655321
190028
72956
444673
135787
466693
530291
331555
592201
511251
34560
532768
524910
460499
86859
514174
647086
509966
22399
374503
89560
555927
350899
473256
465213
370581
534598
106124
486856
743268
743329
707137
516157
515255
284207
504517
118110
286221
24178
534458
719951
433750
709780
107812
75438
523829
233220
569843
587979
379754
150423
631549
592290
507866
517949
519632
220971
632772
339809
570791
591148
654762
504620
113876
368214
406423
128676
334587
521903
346868
644906
654439
467759
96513
524293
519672
475150
326801
515005
94300
504765
531176
282787
21631
248815
144011
632918
647082
653258
474010
466507
437058
508738
459174
591343
370858
658169
71040
502775
517610
523004
513578
334707
77274
654352
298573
434253
8118
632208
475401
496622
721588
584985
524094
76873
528780
279583
22616
75189
515517
523763
15535
710026
655395
13967
167679
743298
591002
596704
49143
654550
137007
126057
515164
458596
654422
463375
417004
3439
653168
534395
373741
705699
284297
732244
385493
529353
490874
524479
597091
433615
720014
145284
636480
513856
523185
74466
47061
535769
433222
515155
473286
36473
43619
132753
326387
408542
517249
477287
460238
481542
439363
173162
517145
85962
371674
370895
513520
706889
170019
63287
295732
293660
558355
654447
119177
492314
311640
659565
570855
737206
111801
533040
372579
709297
464210
496572
197320
476448
502769
483036
148078
743326
16426
439440
417029
20447
78582
546288
61265
182885
28914
188634
479384
505654
271249
124490
632226
514284
709417
356377
129563
405410
521487
182255
143751
511605
10326
32309
172550
464472
461925
5308
302738
434102
469881
518595
595983
221889
517033
381126
5086
300485
270074
571037
454528
656313
515162
632380
632535
9315
743365
504687
153458
92290
374650
221847
592347
515487
530687
729056
519523
502842
410197
269560
202677
410817
449585
490510
497350
439530
414565
654922
168762
326822
743234
409223
302051
406013
405662
7644
527973
516664
433738
145061
507087
500724
7158
194061
532188
527751
519873
477879
197071
440968
474737
567261
467807
114286
529094
229641
386225
654525
155742
311190
10846
460923
130036
150837
494419
333786
726050
463456
463035
726187
497599
511801
643566
595201
528631
632223
75348
337766
525607
503178
212395
372914
125867
502773
117853
444414
626637
18788
436405
278569
445586
293884
195642
740440
110695
98428
3041
530479
432562
418367
133534
597526
131180
517419
506985
203910
153863
514220
263912
168799
467408
731528
379018
100072
369759
348609
339646
743328
512867
740386
122561
662152
156178
25292
654665
12970
743295
289347
656668
356572
77060
485041
655272
592566
83114
404119
26670
546286
515479
485262
465087
654609
519818
526933
368376
628599
591605
463041
32981
289123
9235
533771
647064
523835
469175
355141
258798
109778
713636
378103
477547
535319
264208
523215
643683
632199
277624
464438
200063
407190
435381
654400
178695
654783
445081
448342
319128
571841
602015
709234
534494
1437
632469
24684
507769
445351
248290
506784
432485
202438
506713
515003
741305
587558
227457
644326
279832
436204
1547
111732
515598
408054
87016
6217
13999
726477
356758
242057
82045
513609
528816
345849
523739
5120
513726
591084
24553
279746
741204
76662
17936
368808
591185
321653
450230
381220
335084
374257
50098
93659
437594
91531
283610
325321
388188
740420
201083
515283
194864
522572
356187
480073
503886
106432
155829
129634
111779
499205
149957
437388
239600
2430
433951
227729
408073
247478
142912
522639
512799
90280
449718
513915
108969
502
188606
250822
444202
644033
458355
16362
201671
714548
521213
523080
433540
463569
719930
584996
632296
485246
530251
554829
124840
521087
205326
521809
462590
735157
119298
631995
424126
655066
631844
26010
59368
531418
204238
406062
525232
731127
1027
4082
489287
523302
440475
18166
177530
466871
472856
520785
368157
389107
656073
432690
36761
491354
442658
380133
632515
352622
1799
524280
312098
369091
520640
1695
632629
303669
525401
286194
413493
631727
407580
655909
594708
300624
12082
484222
462529
514590
743239
712722
411138
517106
290154
614080
461787
699301
144949
474213
419859
476270
4859
124565
75307
425777
415762
654699
3426
433670
522817
513984
494457
459795
76686
497692
535257
521092
500761
226499
591798
31210
517357
642877
652519
193170
474643
24601
434953
743230
458413
74564
369017
352839
643431
715556
19699
87539
224607
726215
112160
171182
75835
500165
82327
241551
17719
495755
515344
633602
647084
584862
9825
486798
741408
282998
524763
728802
226755
596726
741282
126688
647068
171695
271667
647023
348500
743307
162143
501012
464876
194694
391464
525626
487648
509736
488051
497253
40919
195155
29203
76753
191334
71377
425125
728759
488293
721946
13543
661708
105584
210995
726547
446438
484138
63236
540696
485081
153022
584801
713334
476209
106019
524625
103555
131151
523718
455336
419463
410786
29189
174134
435295
446466
374458
93338
533803
510078
77719
650174
87435
128499
592188
5452
34851
102928
496487
654380
502876
418581
315177
104019
8705
731923
522373
707712
262858
646775
306242
438678
184877
654972
444947
411480
444468
381300
483564
461819
50382
213424
515388
5158
29383
100299
515536
244580
520740
180062
180909
180711
512465
16606
355983
201918
111024
732788
55016
288954
534255
37558
226483
500874
129959
514292
192854
591532
740475
515534
523836
476319
514496
524804
268551
484241
372773
16003
405961
432574
>un
567539
596713
743528
145049
602567
690015
658209
659711
713835
653858
445048
728334
665682
512372
655266
655579
713706
708701
731685
519738
740773
732771
670416
665958
672049
662601
656946
720884
712829
731478
143610
741390
664045
714935
718605
126938
708292
732134
668681
740900
712717
730919
632964
187866
713072
703444
666310
707820
593473
714487
741178
707535
655902
49329
592455
546527
731987
636388
728969
598939
740665
669378
586830
732277
501684
714048
519520
728847
594600
429581
514368
663621
661478
706888
732123
706921
731679
23033
592874
719453
715310
721551
494347
598498
712894
663419
741899
728972
664883
733119
31037
448226
658408
592941
563611
387576
657624
607527
442160
727631
606023
732957
433010
731814
386793
728162
559587
673156
435610
661958
>part
>ku
>uu
729866
534787
674901
673157
673158
608880
673191
574343
610466
674895
608923
673192
608877
608922
542537
610470
673233
636100
610467
>kn
533913
631638
511787
107740
469398
151706
724212
654527
532824
25723
518475
432453
645445
29106
144309
468908
632317
510635
328232
31869
301989
529408
368855
695
508725
154654
75056
659360
645295
155597
525549
149504
349208
205163
110298
470412
515364
709893
531587
116651
644794
471917
3972
861
179608
12439
8752
418668
234642
465144
110757
412870
512732
439524
189920
274361
705517
743286
438830
516808
415067
743423
124126
29403
150580
595458
490203
517461
77422
75812
368260
7835
170853
699841
519035
180312
80343
534641
128065
2785
443625
63348
82793
501991
563344
467898
189716
659517
382212
376933
489284
135997
7946
26225
728931
9911
741244
437403
512815
523789
527061
89643
275675
23582
370937
531856
2795
148641
439991
20716
621200
467306
433419
514297
239500
515259
409934
474005
437241
504998
53454
470907
77768
260855
596164
181046
148845
123464
153563
409140
31439
302740
524219
356502
2719
100878
515070
91481
468410
434081
440900
272259
534527
191987
471779
381189
405913
520215
593351
533308
499158
494997
86131
432560
510833
32374
46700
32194
476093
460336
105887
368551
533624
581320
380857
156727
507333
269092
474053
522418
437009
424414
515417
477789
526975
193832
57907
654744
632731
69089
8102
546285
554883
655476
147950
513617
595333
571835
743372
645317
3100
598441
73722
352240
9788
731454
332878
512934
465337
521937
493164
743265
631814
325978
179986
495240
389378
124027
119598
29288
406620
183850
369574
632401
479069
269471
278573
731513
1063
445981
446427
612151
162757
97887
396447
6686
350927
488307
632717
514465
523395
76884
513626
591947
741199
281707
523370
471851
286226
473937
513870
632693
252549
292451
43977
558799
729159
234149
484047
436973
299002
533273
384598
466391
459642
80409
546542
288034
490330
584842
345818
69293
82609
477892
437126
298469
134859
369646
211079
497893
272168
47668
225641
323342
42896
332708
55918
647036
462680
371720
443301
209113
171596
493919
654863
306791
89663
50727
437277
421907
300772
555956
456557
26403
435044
106212
353013
407966
462640
520794
356744
291196
15977
469280
653193
81424
78880
306769
449609
74576
599470
377484
741422
147434
369068
647620
522057
443727
465929
174193
707401
343380
632486
348418
517553
397609
125133
50640
468442
729080
191219
71465
533626
593923
632554
440494
524368
515146
459630
137572
454418
386189
113577
591352
80552
485360
153381
655010
352677
149305
514303
567968
327527
631579
485278
274422
502867
21398
517603
657151
252713
413812
515785
544577
515840
444845
249159
709550
519756
399810
713590
258326
519972
632767
438862
483305
198862
415299
696283
369624
76111
409563
311609
502823
368160
458360
406788
185172
125213
227948
501574
732155
647116
515689
202
652114
436636
433573
516182
437191
632465
285363
416207
498317
434213
516155
438991
518450
400295
714231
355542
529488
75093
195727
118552
369761
374596
333526
516079
413359
77961
108973
439894
131743
459366
713173
469171
654602
178551
255935
433180
655160
515371
252967
512894
65551
567256
545950
73986
433291
75064
109051
28020
593268
298280
29764
439815
424589
523744
22410
35086
520973
419640
434875
406096
518750
511915
435302
16230
288809
370555
87385
313905
495984
644306
525622
643548
628831
472213
414579
442138
534384
105352
479747
446641
741474
515139
287714
410965
732485
12646
449909
84136
504003
644997
390667
16229
525084
162233
180877
743420
533709
502915
423935
707906
483444
246381
714774
444536
381134
464391
632267
534456
356050
631954
108332
474751
131489
495656
10101
646346
714400
149185
731505
56729
501200
3352
268530
654653
472852
409368
520638
415342
647573
497391
74368
591992
436429
356624
65436
516539
370666
443577
10094
481551
5258
171844
61960
32433
369920
655123
603118
4900
524741
610830
702646
534261
808
221127
743218
460298
155342
181163
20521
525238
498727
121072
643560
465808
487498
591715
656361
647371
733412
82961
733319
273330
19673
213666
440829
658304
279413
514489
531754
7001
159161
192477
632483
445534
381123
279881
226117
499839
618713
611432
520967
200804
743231
533782
354056
679430
462833
737064
522507
519718
821
502829
400740
525205
430425
445570
298713
410037
501794
467284
431307
128316
196176
532129
653135
491494
514535
403972
513811
473296
375957
743281
97199
429819
12271
642715
743654
523463
347991
655321
190028
444673
72956
135787
466693
331555
530291
511251
592201
532768
34560
524910
86859
460499
514174
509966
647086
22399
555927
89560
374503
350899
465213
473256
534598
370581
106124
486856
743268
707137
743329
516157
515255
284207
118110
504517
286221
24178
534458
719951
709780
433750
107812
523829
75438
233220
569843
379754
587979
150423
631549
592290
507866
517949
519632
632772
220971
570791
339809
591148
654762
504620
113876
368214
406423
128676
334587
521903
346868
644906
654439
467759
96513
524293
519672
475150
326801
515005
94300
504765
531176
282787
21631
248815
144011
632918
647082
653258
474010
466507
437058
508738
459174
591343
370858
658169
71040
502775
517610
523004
513578
334707
77274
654352
298573
434253
8118
632208
475401
496622
721588
584985
524094
76873
528780
279583
22616
75189
515517
523763
15535
710026
655395
13967
167679
743298
591002
596704
49143
654550
137007
126057
515164
458596
654422
463375
417004
3439
653168
534395
373741
705699
284297
732244
385493
529353
490874
524479
597091
433615
720014
145284
636480
513856
523185
74466
47061
535769
433222
515155
473286
36473
43619
132753
326387
408542
517249
477287
460238
481542
439363
173162
517145
85962
371674
370895
513520
706889
170019
63287
295732
293660
558355
654447
119177
492314
311640
659565
570855
737206
111801
533040
372579
709297
464210
496572
197320
476448
502769
483036
148078
743326
16426
439440
417029
20447
78582
546288
61265
182885
28914
188634
479384
505654
271249
124490
632226
514284
709417
356377
129563
405410
521487
182255
143751
511605
10326
32309
172550
464472
461925
5308
302738
434102
469881
518595
595983
221889
517033
381126
5086
300485
270074
571037
454528
656313
515162
632380
632535
9315
743365
504687
153458
92290
374650
221847
592347
515487
530687
729056
519523
502842
410197
269560
202677
410817
449585
490510
497350
439530
414565
654922
168762
326822
743234
409223
302051
406013
405662
7644
527973
516664
433738
145061
507087
500724
7158
194061
532188
527751
519873
477879
197071
440968
474737
567261
467807
114286
529094
229641
386225
654525
155742
311190
10846
460923
130036
150837
494419
333786
726050
463456
463035
726187
497599
511801
643566
595201
337766
75348
632223
528631
525607
503178
212395
372914
117853
502773
125867
444414
436405
18788
626637
278569
293884
445586
195642
740440
98428
110695
3041
530479
432562
418367
133534
597526
131180
517419
203910
506985
153863
168799
263912
514220
731528
467408
100072
379018
339646
348609
369759
743328
512867
740386
122561
662152
156178
654665
25292
12970
656668
289347
743295
356572
485041
77060
655272
592566
83114
404119
546286
26670
515479
485262
465087
654609
526933
519818
368376
628599
591605
463041
32981
289123
9235
533771
647064
523835
469175
258798
355141
109778
713636
378103
535319
477547
264208
523215
643683
632199
464438
277624
407190
200063
435381
654400
178695
654783
445081
448342
319128
602015
571841
709234
1437
534494
632469
507769
24684
248290
445351
506784
432485
202438
506713
515003
741305
587558
644326
227457
279832
436204
1547
515598
111732
408054
87016
6217
726477
13999
356758
242057
82045
513609
345849
528816
523739
5120
513726
591084
24553
76662
741204
279746
17936
368808
591185
321653
450230
381220
374257
335084
93659
50098
437594
91531
325321
283610
388188
201083
740420
515283
194864
522572
356187
480073
503886
106432
111779
129634
155829
149957
499205
437388
239600
433951
2430
227729
408073
247478
142912
512799
522639
90280
108969
513915
449718
188606
502
250822
444202
644033
201671
16362
458355
714548
521213
433540
523080
463569
719930
632296
584996
485246
530251
554829
521087
124840
521809
205326
462590
735157
631995
119298
424126
655066
631844
59368
26010
204238
531418
406062
525232
731127
1027
523302
489287
4082
440475
18166
177530
466871
472856
520785
656073
389107
368157
432690
491354
36761
442658
632515
380133
352622
1799
524280
520640
369091
312098
1695
632629
525401
303669
413493
286194
407580
631727
655909
300624
594708
12082
484222
462529
514590
712722
743239
411138
290154
517106
614080
699301
461787
144949
474213
419859
476270
75307
124565
4859
425777
415762
654699
522817
433670
3426
513984
494457
497692
76686
459795
535257
521092
500761
591798
226499
31210
517357
642877
652519
193170
474643
24601
434953
743230
458413
74564
352839
369017
643431
715556
19699
87539
726215
224607
112160
75835
171182
500165
82327
241551
17719
495755
515344
633602
647084
584862
9825
486798
741408
524763
282998
596726
226755
728802
741282
126688
171695
647068
348500
647023
271667
743307
162143
194694
464876
501012
391464
525626
487648
509736
40919
497253
488051
195155
29203
191334
76753
71377
488293
728759
425125
661708
13543
721946
105584
210995
446438
726547
484138
540696
63236
485081
153022
584801
713334
106019
476209
524625
103555
131151
455336
523718
419463
410786
29189
174134
435295
446466
93338
374458
533803
77719
510078
87435
650174
128499
592188
5452
496487
102928
34851
654380
502876
315177
418581
104019
731923
8705
522373
262858
707712
306242
646775
438678
654972
184877
444947
411480
444468
381300
483564
213424
50382
461819
5158
515388
100299
29383
515536
244580
520740
180062
180909
180711
16606
512465
355983
201918
111024
55016
732788
288954
534255
37558
500874
226483
129959
514292
591532
192854
740475
515534
523836
524804
514496
476319
268551
484241
372773
16003
432574
405961
>un
567539
596713
743528
145049
602567
690015
658209
659711
713835
653858
445048
728334
665682
512372
655266
655579
713706
708701
731685
519738
740773
732771
670416
665958
672049
662601
656946
720884
712829
731478
143610
741390
664045
714935
718605
126938
708292
732134
668681
740900
712717
730919
632964
187866
713072
703444
666310
707820
593473
714487
741178
707535
655902
49329
592455
546527
731987
636388
728969
598939
740665
669378
586830
732277
501684
714048
519520
728847
594600
429581
514368
663621
661478
706888
732123
706921
731679
23033
592874
719453
715310
721551
494347
598498
712894
663419
741899
728972
664883
733119
31037
448226
658408
592941
563611
387576
657624
607527
442160
727631
606023
732957
433010
731814
386793
728162
559587
673156
435610
661958
