>id 1234|Hs|cgap|||nervous|normal||tissue
>part
>ku
531343
683780
>uu
665858
601778
601777
566255
665557
665553
634775
665685
336868
634797
665577
634780
564977
636635
684339
684111
679225
737593
679066
638627
637184
679063
684110
676415
735818
637185
625475
676413
542505
611986
541558
735817
676414
743781
679064
636634
684219
684205
679065
679062
614903
683767
676417
684220
684214
620925
684206
684213
614902
676416
565931
679060
676419
737572
614904
621143
636633
620922
651793
566280
676421
620938
664497
697212
588968
702976
663258
664496
665264
656291
590708
634375
602674
602283
634883
666188
666186
>kn
436500
631638
460232
75227
596537
732945
149367
681616
6459
654527
249718
365689
133337
529680
36053
155247
304475
29106
144309
21026
9333
741149
439481
741184
246590
93670
490684
706355
283844
203717
654827
234642
319334
632229
501624
269782
412870
567903
252820
743286
432413
216653
723178
258855
446685
43071
743282
531089
720221
513153
124126
734367
16130
465709
494261
516954
94542
31968
65135
506829
491104
130098
75812
109087
701991
631630
418012
400095
713956
605153
943
580300
279877
133135
201858
422986
293274
498892
516859
601562
466120
619396
523774
742189
6421
632182
523789
446429
322430
89643
408427
656782
469473
54609
99120
522665
513851
253726
469154
83753
584905
8008
173611
524648
148641
610717
5443
173946
433419
515259
75243
409578
53454
377155
740494
9873
296422
740519
655455
741273
494691
33476
440900
33642
591957
514505
471779
485489
272759
518236
436913
368240
13852
79411
434980
279836
474053
587325
532286
526432
221761
519162
526975
433445
58633
711490
502338
10862
514051
4930
3100
437943
390250
469615
491582
136947
730654
118394
631860
19156
325978
719938
180933
153026
721670
580681
731574
591691
38004
29288
656902
278573
167641
530096
333907
731828
297483
156257
131704
489873
532316
296310
743291
73893
488307
248267
134296
632717
91389
435700
409662
631535
485195
413416
277533
363138
380929
494173
631768
732093
286226
593985
632693
741319
169900
632873
76206
356416
146059
490330
728756
584842
69293
471401
720388
720151
534307
591610
632313
406678
592225
591412
474384
375142
13205
471441
633514
598850
54457
667336
12692
300772
555956
49599
472330
522672
143674
741325
443914
167017
654450
503692
516111
6815
743241
369670
524484
437609
143681
235368
377894
91747
164021
620557
126378
289108
507681
62886
503878
707401
433764
740398
518270
468442
191219
655324
13781
435557
655606
596087
193163
6874
591997
314327
645792
430551
506861
184339
461131
80552
22634
434494
716639
416090
131915
440950
269577
314543
212332
128453
520710
362854
437966
460988
654594
222510
518562
109731
647092
531752
483512
713579
514196
225836
133421
436410
472285
25590
12229
475733
375766
502875
81848
3903
500721
118681
23650
29282
368160
522891
319481
66762
387755
648744
586423
515689
652114
573490
151218
173135
80358
591671
516182
481704
434053
503047
416207
285363
166204
12333
631661
515610
162458
607212
356285
196129
741304
326
85951
77961
488181
639609
515266
311187
434340
128548
580427
743229
433180
459106
65256
511883
517066
222055
436803
49582
438723
626544
593268
298280
731537
502759
278277
355753
511915
306123
87385
446352
200668
498586
27018
644306
518921
91579
75516
43744
414579
721240
331268
444870
112728
105352
516159
110571
22242
696433
370365
293077
516153
444818
486470
472475
732305
492280
126517
728984
462392
20930
44856
332012
714076
420272
336994
474751
271014
665686
10101
519220
634380
501114
102471
646346
556986
628096
443077
581021
370360
512776
415342
632637
12102
21107
497391
647643
654826
436429
440049
127022
520063
521461
632581
728762
516217
460617
592080
741216
647334
5258
511454
533540
255093
499941
743218
592170
654604
155342
443417
13261
518138
466471
524224
195080
282050
522384
733412
432648
152913
647069
668016
514489
516160
21771
277035
655020
462214
523009
655613
445977
518609
469944
656685
4998
386324
430425
250905
6449
508644
410037
458482
479439
743237
407368
514535
502612
127286
513811
529023
302341
515081
75431
239499
406
29549
212051
483521
530291
44298
532768
526464
94011
465985
350899
404056
518827
267120
58471
310429
743261
414480
370510
448520
584760
517981
516700
528803
656769
387804
306339
515317
132513
555866
356108
488171
226780
462341
82794
518055
287518
301419
8867
443935
643440
743287
21837
144011
647082
89485
76392
517265
531081
574492
654463
471200
380897
626404
97805
403790
8546
431048
37982
654487
126280
438336
416925
298573
8118
447530
926
445387
643544
725787
522493
279837
654965
438824
385493
485365
444558
524479
4988
569205
577256
145284
636480
512627
513856
368610
482497
515111
36473
83381
534822
8198
465924
631504
743266
408542
530331
460238
77269
406223
498292
504320
170019
591731
210870
159028
496587
81328
486434
737206
37916
512564
323833
6540
254042
520636
271353
647062
471104
509765
502769
476448
589427
591908
141496
483036
524518
505802
516853
496544
196647
720355
652183
632226
522590
185597
743249
511605
411490
10326
441124
658995
288178
718506
434102
654364
595983
584954
212885
355888
196983
8619
467701
528731
293753
150718
243596
193557
431317
49688
112444
278436
743302
595276
170156
668218
1239
355934
414565
653504
162877
743234
334832
12865
409223
500674
440544
534560
524692
518731
483993
527973
435661
297343
632242
65238
143736
149098
371617
532188
201641
77810
294147
58414
143774
529094
252457
229641
499886
514575
709461
713548
520096
91448
221436
526711
103291
494419
516807
159291
653186
515169
726187
372840
497599
189329
164303
440382
194709
524430
316890
503178
372914
466539
515500
470882
643498
446260
31334
743240
436405
333132
377705
178305
278569
94395
181444
43899
655498
148988
506759
465224
509264
15580
533855
515664
522310
386726
706229
514220
75798
546268
381050
27475
740386
122561
317593
631596
578443
200600
525134
649307
724025
404119
97616
546286
507076
740908
75514
368376
602573
388297
445040
421608
731811
533771
49658
654907
166120
301394
44017
709
158665
109778
436550
15738
523215
676266
596014
625674
363137
517436
484068
637685
634632
100217
262857
445081
524800
448342
36859
1437
66708
459590
192374
478729
24684
433343
481464
504062
516948
534322
246413
473109
117715
247686
466044
485130
436204
332138
478067
520814
369397
4997
523468
495522
6217
356647
129798
24979
743330
435228
182625
515469
655626
53066
517888
499833
469630
706130
158529
172685
226390
508716
534360
23111
146585
19114
476052
388188
142076
60339
525459
167115
211441
169182
26229
702213
295917
111903
507162
155829
530943
437388
303025
61590
740511
653131
35828
434888
90280
1565
439031
270364
522114
513225
465542
432397
502836
528006
231761
524788
80539
275243
743362
731784
485246
706827
532793
534613
523456
406758
163867
12084
529357
558440
1706
444467
29665
533683
533050
470417
523936
655325
505154
271135
435326
489287
708040
310809
463129
193226
472856
225356
159711
121676
656073
389107
432690
82919
155090
525600
466766
312098
121396
102914
435941
461253
474069
286194
368525
655909
404289
350364
508148
235873
355927
594563
321709
5019
614080
124503
522795
144949
658134
419859
528993
289293
425777
525210
74034
269988
76152
256667
440932
27744
522817
513984
433702
604001
592519
510328
408702
529551
444229
321541
592078
389171
701718
380233
633842
503284
533953
91586
368367
726215
101150
656604
173716
159188
406799
522789
534454
461988
712676
525348
390817
306412
624
517134
434401
472831
523446
446255
516711
512676
478741
599039
509637
567319
525626
14601
480815
483454
302257
282410
718441
528836
106730
584854
654968
500483
718943
76753
52788
446392
135471
437249
489033
438072
492599
477375
468099
201253
446065
21374
584801
590575
529782
465744
567297
156784
581355
743246
268107
419463
743438
42217
104320
204449
59908
25450
650174
533977
524530
335034
479634
196102
713441
655124
591314
369289
368255
444468
18259
655449
213424
413074
277517
294041
463074
533732
34871
367854
199763
464071
518602
654964
18676
280342
301564
504908
618732
492208
520048
151219
343679
436873
107125
37558
593803
2420
53996
372050
534404
655285
75360
82002
730881
476319
285666
79015
47062
701892
194669
159118
15243
405961
500788
26612
368921
256206
726290
695681
699177
446376
485104
6147
643267
652312
613729
518662
483616
446017
487062
529408
306327
529735
288382
110298
470412
511076
484500
19196
591643
516105
861
27621
521924
560655
414740
8752
720321
69771
32995
741324
27222
21754
591569
439524
191599
524390
75254
351474
660026
415067
389452
129758
38621
154396
517653
202470
401798
578450
631951
464137
143250
6551
509067
546298
491232
237825
653180
436944
21380
25338
475506
59486
172928
128065
63348
731647
460109
535972
475812
563344
522401
523664
289008
558396
21958
330073
234355
408623
7946
503165
599785
571886
437403
129708
13318
438
512675
2795
657360
80720
129268
382306
233240
474005
332382
370100
470907
656694
300816
21145
62880
131452
467210
381099
524219
239370
660053
157429
503163
431850
367900
655969
586401
17109
349656
654421
429180
232721
533308
532491
520943
712713
32194
513470
380857
655341
91521
631574
80545
193832
512619
439463
708084
412941
718640
654386
513617
485899
534350
352240
9788
731454
445827
534309
683449
743259
596314
655572
90458
741559
743320
485871
119598
352656
593995
73793
296031
369574
471156
439726
513044
446172
198241
437060
389311
741581
263812
741157
654365
268939
350927
444957
593344
368353
157351
307913
516854
527919
166186
591947
741199
515351
281707
210385
569831
446083
655552
644420
516674
19977
619840
522274
88252
274539
511743
706674
102735
280951
509451
475074
487933
597649
134859
654537
272168
136905
332708
570562
465818
741263
116471
171596
479756
493919
212102
491172
437277
433863
446123
434133
463059
106212
1501
256526
128055
157883
513926
78771
515714
594647
31498
522257
525629
499145
74576
439040
632865
5811
716915
592130
655201
522057
555902
632486
220950
103147
369284
397609
465433
432491
520026
299055
1869
89538
133397
29173
102
461047
517821
413297
564611
133469
591133
386567
591106
477155
350194
514038
199368
471014
642946
715348
413812
513043
544577
444845
232021
17441
600384
696570
430435
594338
368084
509163
728813
156509
395482
89901
731317
200770
156231
481371
504895
529303
723254
356697
654980
42586
463105
99962
512382
732725
419240
61812
740389
656673
333179
632465
532803
12256
517969
469820
654363
75093
505104
29052
740473
374596
26899
648394
709277
40966
379191
631841
89983
78354
82222
376984
9534
162200
523443
654602
178551
412355
255935
58663
91612
514581
740456
162963
268849
658566
513430
654643
644231
18160
113919
1787
193566
24119
187823
473695
201921
529925
518750
435166
250712
128848
527193
495984
147492
501106
654671
691131
6396
442138
703306
376722
731417
706900
591340
449909
448872
216226
504003
16229
170422
592207
654991
368982
112933
116428
426296
4014
436061
270525
389037
464391
476930
528024
459149
136280
3745
567502
508829
304376
108332
283398
431081
652712
728829
188464
591384
444450
129966
495553
594952
205457
56729
707916
268530
255874
302977
643702
463439
515704
591486
504281
517044
478429
306764
65436
591151
515687
659143
172979
370666
702139
194718
713729
721348
77578
298250
516994
335239
708867
99141
126357
443072
234282
202179
593411
302772
523145
437043
233495
556063
74647
24719
271695
130438
465808
458423
104519
512651
592286
591830
397010
19673
460179
707026
356719
7001
533122
740446
189781
655520
171458
279881
500775
438953
157113
527021
743231
77558
354056
71787
446357
444389
743227
737064
522507
514227
502829
174103
609663
522085
484289
421509
431307
98594
56045
733168
7236
235750
490795
301404
491494
301658
79064
97199
380271
410596
347991
9613
705490
477887
406861
22824
514012
371001
75066
432699
740465
524910
630724
460499
634882
22399
89560
304192
464416
61418
516157
603252
470277
504517
642676
183684
12907
433750
257761
107812
504352
264887
709644
518250
388613
587979
358997
591329
590958
514151
115232
472737
257970
4817
464622
727355
110062
743236
406423
235390
334587
26232
79347
703025
743304
525163
562920
591140
504765
356549
8015
706952
632918
512898
508738
437385
478465
658169
187657
591580
523004
275865
171142
515210
8361
77274
654352
20136
496622
443379
431550
524094
353773
143067
667939
194121
654718
19385
473254
202238
522484
533670
473927
401903
179565
7907
69855
654422
463375
18631
715194
132314
433442
382044
433615
202522
656071
547172
712543
191510
496684
268675
172791
502745
28608
238839
280792
195464
477481
339453
602086
460
507433
200100
29700
729686
743449
7744
370312
98910
706889
733048
492314
287749
741213
696360
481819
356366
372579
356331
548197
719906
709193
164060
474049
153752
632685
514468
486542
533566
527861
16426
558726
461329
156346
256549
519320
546288
631865
182885
479384
533549
20961
108029
285847
12332
507680
475896
446414
577202
28326
268728
715040
5710
596572
445893
368402
469881
468426
517216
417948
209983
591366
640450
356231
627962
269004
721234
432996
518249
656313
6838
531085
269665
530823
522885
462230
221847
522650
116448
490415
365405
515487
283378
406475
326035
435051
597656
154429
315137
410817
531371
535192
644724
534314
332197
369123
720136
171626
464971
475382
709257
225936
27693
497443
203952
404423
462598
474737
8859
417962
418175
125898
592313
127403
34576
155742
443061
731383
13885
5062
150837
77100
679909
500067
303649
207631
292804
573495
458513
368410
401929
212395
502773
125867
473788
438838
437585
474978
408903
740440
920
44693
164226
503594
743389
481181
484195
204475
491988
648565
380887
433307
631557
105460
379018
655714
743328
436854
743264
643951
156178
247186
20575
514050
473583
173001
656507
509083
132483
420269
489824
173894
591605
283739
592105
289123
120950
741198
513266
405942
103183
190043
355141
528050
743285
632466
604551
535319
149360
276315
643683
493796
351475
512592
631580
459379
465543
75819
520189
86905
496191
731394
743253
146559
554762
632082
6418
444118
533526
655006
533479
46679
515003
436568
25333
101174
743386
472101
522805
418055
446689
61581
13999
435933
467751
323489
481720
223858
632066
712767
70769
5613
522826
372541
130988
334603
82482
96996
368808
436317
321653
429
551713
374257
50098
437594
148272
5353
521973
521151
535298
300701
274873
252229
299315
388236
509791
475125
436439
408073
377783
654794
492751
709581
253146
449718
368296
514276
188606
655737
524502
194148
415478
523080
2563
237506
719930
533644
370292
462946
554829
301478
521809
131226
512932
743432
655066
655277
743510
370299
351099
528572
525232
171825
102788
317192
440475
234898
119251
655671
654379
380133
522500
518460
657301
213394
180946
721414
369755
657569
274402
533282
631832
632729
558009
440534
406787
7972
465374
518774
534341
292493
346575
183428
433670
466296
529862
30213
160211
5268
412468
593928
478031
517357
181244
125221
743226
283851
517232
474643
3068
3989
180141
654836
720220
65029
388347
42400
464184
506357
57079
563491
495755
443430
741408
26837
226755
517641
191346
523512
720708
492859
286145
180878
644384
269512
499925
714330
189772
471381
24545
409034
643813
370770
29203
498548
248746
469970
522615
591171
521800
567342
525251
654636
234521
741413
525017
11125
484138
368563
558296
286173
444200
546289
515082
631725
432914
741506
79088
62185
408458
19383
416755
483811
410786
253903
432638
413111
371794
460558
279806
388024
510078
484950
8769
518773
699247
603646
502876
77978
108104
731923
209614
633853
522373
707712
104925
595071
368710
414362
501853
439312
654849
56
732083
31409
106513
632177
472566
101774
355983
654475
520313
20157
44098
514211
111024
441550
83636
534255
409230
741156
149991
129959
467097
408061
122061
741289
480311
82028
241545
526902
523045
503500
4
184720
661035
85155
524947
82432
11042
9997
532824
72912
200051
518475
445403
79387
63841
5345
645445
170568
632252
516802
567438
656436
597057
405156
508725
154654
97244
727652
655445
158304
368647
271749
632339
95577
90875
332422
731928
647971
722260
170131
655387
737597
708096
463483
654572
76277
213198
125293
434375
227253
239666
29403
150580
487200
435039
62003
632310
743370
655327
558364
495710
496068
155218
494406
435755
474596
699841
372123
202011
453951
507243
185674
656657
408018
570083
143187
441664
516543
654668
382212
592087
376933
432862
373941
144795
135997
75149
290758
272215
22575
33455
124147
367842
513247
593075
76224
436383
369089
270291
489142
709182
73853
77768
515876
21938
50308
201446
591416
524121
91481
512144
631724
503093
468410
454534
272259
643801
524250
585540
191987
231616
156667
561514
251699
432560
593339
46700
568986
604915
300887
533624
130704
654652
507515
591915
649191
352635
643085
197644
149983
12013
79081
64968
159223
68257
61271
181300
521926
59719
330463
655750
521937
336916
2853
178715
110445
7101
333418
504009
421202
47629
503022
533721
8059
659950
466714
145230
183850
436166
73527
144130
1063
441378
437156
502793
517517
39925
162757
536850
496267
153961
370408
412433
309849
515016
442344
525093
443258
493169
106909
371249
462913
368626
76884
6909
12409
57652
517034
527105
655895
212838
516707
448497
597349
459573
384598
516522
515860
35052
607594
446336
414418
298469
557097
24956
483873
658598
412196
116459
498569
46894
102798
444279
731386
467824
244940
492212
732118
157378
280387
7879
282177
743242
306791
355643
26703
741363
421907
735127
3416
12929
435044
307835
443109
7517
465490
128866
73625
37138
533192
308122
472437
532840
476982
592164
291196
655519
172445
355264
250493
61469
564847
159525
241543
477128
405619
280130
4944
227777
536319
71465
221873
208358
25691
435001
741270
9469
518346
146632
130957
632385
437647
149305
448229
719189
327527
285354
743405
731377
134623
269211
283749
78989
627414
25892
599798
339278
659681
511138
131138
650382
483305
198862
297389
491351
503438
644125
603131
140903
597664
647121
438219
185172
496138
458657
171189
437008
530053
131711
356190
743453
376064
513242
5836
584957
460317
380803
591387
34314
501778
433668
369761
186486
632778
472024
150107
69504
21861
661684
475963
437075
725151
592944
632251
30561
101891
632438
370140
106876
528305
534052
7739
434875
470477
719925
270437
153177
313905
440219
285051
105016
153357
643548
195060
152717
436975
68061
109439
379785
148074
409876
446641
435290
631733
163893
728161
201058
743475
370267
433439
180877
523221
518123
147880
12253
362806
534770
142442
592123
483444
246381
740360
156171
708182
522099
408461
421245
42572
479911
375616
157659
130031
651512
507669
476280
714400
631593
535711
597434
654653
164419
487341
171501
567498
462615
368149
591992
655213
612096
75061
516539
406534
458573
175322
732136
418533
501293
403171
373938
308074
191046
603118
705323
73875
387679
4900
444950
654661
144912
528087
591293
643537
282376
654427
808
289092
513490
466625
516075
498727
509545
371107
349570
416049
103521
464829
514435
700228
432818
517864
64691
192586
500822
485527
401842
438102
445489
546502
109672
376071
437040
656696
46523
473611
567248
721586
486502
434248
529400
29802
462833
247077
821
169358
362817
173724
108080
69499
471405
720023
743224
472010
501794
467284
323396
79170
108408
658215
187377
198760
713981
14222
743366
655407
522090
631854
2178
632456
729366
732366
279565
368421
597715
349470
479602
515474
477003
636359
633601
527980
167700
13349
480848
594250
508958
34560
655602
370605
592289
647086
82316
374503
473256
370581
106124
653288
522933
491148
286221
647024
330384
432401
64016
316931
506815
249600
591582
379754
507798
704031
98170
339809
135805
377010
430646
113876
433732
357128
234434
655702
644906
311346
523529
594417
529038
74870
531176
656244
446201
266746
5662
187667
437058
481927
743367
250899
374067
73800
99500
502775
148685
591768
720829
517356
406840
153934
111577
209151
310545
232543
515517
741537
481898
515048
730799
727543
8578
474397
69594
567374
401509
7367
9597
76480
656959
203691
517421
523194
709447
484259
102267
529353
436329
439152
546387
195740
247323
577281
720014
173878
445203
61441
6834
709689
314263
144873
105818
631604
202424
146668
465323
435952
740399
177576
517249
466039
462033
288936
506652
709609
494827
193491
516468
216623
128702
118262
743425
426312
632706
55148
506947
471818
144531
504237
510324
167317
75117
95120
469254
197320
153299
284244
517717
199593
704366
515053
120
713103
443428
591156
18889
494567
495219
643120
459211
183706
521487
462323
447794
729186
78960
43670
458922
576320
187772
654815
221889
120949
436186
381126
87752
593171
132121
5086
137510
515162
454528
519659
666524
567501
446315
743313
530687
508479
502842
503315
703523
253736
191215
731665
732239
743221
531642
292156
7395
210586
517155
494977
498187
558463
631629
517617
549751
467192
166011
718483
22653
715543
531789
439381
26530
655138
592334
596543
459265
302903
160556
125113
643566
605432
595201
436657
743272
24587
21422
6829
504597
195642
334713
108530
126137
103934
43505
129673
484324
432562
440899
356321
434435
647011
146393
471130
483239
269775
518611
530381
74471
8986
348609
336431
532786
25292
146804
88556
517307
77060
235935
570274
472861
485262
597216
465087
519818
296049
502705
546271
282901
247280
388116
125503
513861
31712
513871
43322
624245
530000
477547
350265
133892
343522
558601
590870
200063
134688
435381
134665
505729
31819
79335
72071
528713
604588
440848
726435
309467
407101
643658
48950
644326
733403
298198
505337
371642
26593
436401
726477
390736
591281
388645
151443
145404
657382
514323
698060
309090
79322
631587
485915
584908
584748
106185
90061
655248
46578
496139
475663
508524
502244
450230
379548
518374
487296
709425
234249
63128
702907
283610
533956
12967
505806
532359
481836
519839
523852
713051
111779
194143
696339
743404
220963
522378
510402
309288
435369
438872
741365
288215
450105
289019
432976
55682
50823
704983
368046
374990
424126
502756
207763
625725
388654
307836
481022
518267
513491
513954
658676
372688
423348
731127
76253
1027
442180
523302
465870
651905
731393
449164
503048
498720
317403
532399
660757
520494
655150
190384
497159
529449
525401
318526
594708
369144
670634
654773
155396
743239
655654
654619
368631
728857
714749
279580
193133
124156
484363
656037
491292
652690
445885
530734
162996
521651
370703
446240
580910
479874
740413
156540
520037
16157
446852
12319
12554
743300
743230
445652
89029
352839
432387
45140
8739
584901
81337
426410
520898
480653
169815
716464
440168
643005
6093
59332
595158
233952
435811
326579
391464
500756
655747
509736
27373
250648
598832
699822
743262
474436
19718
413045
255973
268177
513797
61430
643610
380118
546449
498543
210995
726547
63236
35125
134084
153022
471751
719042
524920
126667
455336
109929
436650
660142
83722
507805
431101
509622
502328
416630
100921
632707
591463
464469
529438
510927
449630
464336
74405
126941
496829
525419
500916
657028
502458
632373
176977
594838
154495
130759
511425
462983
132257
158688
489448
54697
513094
731824
477083
492407
78065
42806
438782
567229
143434
643536
59729
654933
655217
369052
644802
99819
497867
643030
463759
741177
153952
93675
708076
518530
9850
529053
523262
534346
404802
724212
350268
516978
654552
474233
476308
438311
530380
490224
459095
381219
163924
510635
71215
534847
655743
371199
445402
301685
482269
516966
205163
297304
170839
709893
462492
426463
495349
220864
633509
443881
369438
705517
618430
645028
590886
68714
533903
632481
279594
376675
632013
408960
87159
490203
191518
655284
292026
190977
7835
1048
149035
713641
25391
80343
357637
720472
443625
731388
271341
728823
471119
482873
86045
6764
210283
162646
489284
514920
282678
743235
507475
523332
618145
592081
387207
531668
21035
132342
92033
321231
370937
643910
632200
6191
503546
445733
162032
713564
655273
514297
372938
167451
380291
524599
709520
229988
16695
5912
181046
271643
409989
31439
122363
153563
288800
91283
435022
530940
381189
109590
740377
462732
515554
732228
86131
474833
165195
653144
21639
449291
436367
501286
202453
463936
25601
483238
158287
369703
147950
11417
258314
9061
173464
115284
595333
389649
318370
80919
449009
465337
528833
262823
24998
179986
743349
51891
526630
446409
567563
75528
724
555731
123036
517948
279257
443330
480364
202097
647822
108112
445981
446427
625133
589924
502004
364544
224152
356061
467637
729279
483635
435255
584782
522818
592126
471851
743248
532082
513870
372331
352541
743223
349705
654899
519445
731660
533273
320086
288034
477892
14745
731909
517817
696211
460645
278285
673984
469030
502127
55940
372679
185055
534773
54941
332706
181368
503787
159590
277721
61268
438236
300304
723477
37288
78769
530988
198612
24379
599470
369068
200253
372003
590876
465929
475629
374446
500375
531400
8526
593923
655614
279245
195471
522147
475688
293653
288164
500512
190559
433512
520205
664469
655782
514997
420229
524953
480218
391561
179312
696032
733385
301961
567968
293629
159481
26704
233119
388739
567655
715623
520192
532315
62180
524731
643487
657350
513779
445019
519972
9857
50130
596449
14468
654939
236030
727344
499209
591095
1116
88025
458367
388034
559010
311609
191073
458360
277704
647046
594839
506222
367690
554791
287758
469244
372309
436636
534965
437191
334534
522472
200230
505033
76244
434213
400295
657617
529488
29344
271791
9527
502302
460217
581171
99145
47382
29464
654824
349283
647659
488478
292078
199743
465928
516846
235331
631827
469171
713173
15476
507704
17958
557709
74565
632344
112318
491737
368264
467125
654688
515371
524009
55307
247729
513292
275775
489336
532363
740407
520973
477420
506748
388918
743359
75864
406096
20315
670088
151134
181391
741594
143703
731646
459070
649054
153310
567268
654967
628831
472213
104672
303808
605388
656613
130712
400613
591890
344488
729120
74050
390667
462693
162233
361323
271044
521008
461405
9589
878
514412
714774
507910
80132
631954
654583
94070
28491
353163
524382
329850
567380
48924
406510
194654
530749
363492
321689
371889
662411
97858
546261
573153
135406
514199
313
272251
444332
181173
647075
609336
335079
78788
37044
355606
644633
104315
657032
534301
91622
613417
522087
369920
610830
518155
196054
531249
12451
112023
369042
500197
299878
20521
743407
37617
130293
517622
723399
466664
592045
152292
444931
529044
371718
643580
436100
496270
193326
733319
432674
136309
279413
432760
436093
493819
159161
192477
200716
279696
381123
721470
298345
226117
467740
160786
533030
508848
597122
710546
200804
487036
460857
533474
525205
743254
368823
151761
445570
458320
462998
128824
410977
208680
372082
129261
168073
372031
522666
498890
429819
479116
700188
34906
565319
594923
131459
523463
190028
151413
508514
476365
631582
511251
505652
484423
75527
514174
621695
36794
696684
159130
27935
268557
348308
525299
475538
659439
488827
24178
368527
136901
25422
75438
730740
570355
21765
145150
263671
513632
517949
211602
519632
301963
101949
741226
508010
220971
445239
19012
22867
319503
371698
515972
654762
105940
339735
631742
643357
50425
696231
467759
521212
519672
199343
380250
412117
21631
654543
444403
474010
290243
445503
562227
525307
26904
191213
368592
656887
435556
32984
98262
16059
76873
532279
279583
654502
523299
154210
180414
643051
167679
121870
594084
596704
472471
536663
89649
719203
515164
469060
373741
743512
170355
77318
365365
518525
490874
512740
591863
650585
125525
432121
321273
519075
516578
487774
190495
10848
83147
201034
131555
11067
496255
310645
337251
326387
148767
128067
408528
98259
471768
477287
442798
514495
437178
173840
517145
132760
511265
330742
24950
293660
743335
38449
654447
119177
311640
719966
731775
533040
237536
712144
731519
529495
460693
464210
23581
132370
146180
741210
242458
477693
731633
517168
518464
1395
733033
446091
473163
188634
505654
485392
514284
154320
321045
370771
743232
647018
743552
172550
522555
567295
664585
517033
480454
508937
183109
58367
389461
357004
445498
157078
494822
368203
9315
504687
2131
118958
675564
712707
269560
202677
260750
413482
654922
456507
31431
501345
374201
371021
104203
213088
135087
520348
444933
516664
655288
161008
8719
520851
591664
7158
512773
369592
644095
533013
525061
75969
631602
407535
533712
431367
23862
369430
465041
232375
77854
309641
120323
114286
162121
741417
4055
661576
142074
482730
591482
460923
495035
435013
129195
726050
9728
534679
463035
593187
534675
25155
460141
58351
272062
74563
422181
647094
146312
446574
82916
58877
597526
35096
20107
467408
331141
287362
654665
135254
478682
436996
655272
152385
257008
335163
83114
180903
455493
26670
514474
522413
654869
207459
118983
522357
696497
644108
518805
160958
356769
351306
180871
289271
458485
743243
378103
148909
444179
476636
11355
407190
632326
438641
654400
236361
13662
532755
578109
273621
509343
177766
534612
461647
128856
594444
482087
82887
732252
313544
632161
741305
643433
351887
471933
26409
374477
408054
171939
265018
182314
741179
10903
125742
304682
495134
461896
31082
523739
78601
138207
151220
594504
76662
169378
436505
143766
250481
295137
513451
470608
524214
461705
662276
93659
82116
495985
91531
471834
740420
154163
437376
132225
501857
446559
535464
310456
528834
733378
189445
509447
123933
101364
731507
80776
527748
551213
644033
458355
585069
139896
298990
458418
253489
633703
188456
631844
241576
611911
4082
505412
731754
516076
728237
69554
443134
521912
720167
469331
407159
360174
520640
361463
487325
30579
325667
570065
22140
146542
335918
596461
405590
707804
356076
461787
75160
193235
112873
463964
476270
388927
4859
122752
207745
32826
531704
5210
631861
593413
26630
34780
489615
371563
655259
438673
248153
367656
549577
24601
210367
513633
437379
526441
98493
731715
135270
516034
743280
743393
741635
444360
500165
446850
69997
127401
502883
741206
173859
459927
343627
3873
486798
459391
83734
522543
282998
741282
162016
272795
251830
171695
465885
65758
271667
138211
501012
559412
12272
186756
89890
369265
490347
367437
127675
501629
411925
320151
78824
592317
21811
420529
522449
284208
531509
290404
591212
193725
42771
470804
709416
458644
643896
122337
412103
455109
435120
485606
709218
238432
79402
353454
186350
206770
514950
434255
274136
410969
500771
87435
369819
529609
592188
656006
458917
654380
418581
189914
182825
479808
243678
191540
187898
436687
262858
646775
195403
370247
287471
416024
449942
352614
495731
335391
561064
405144
535622
520740
495230
405153
479451
459940
591110
275757
180909
292265
632227
512465
508480
8360
743260
497684
654530
334684
325838
516090
355559
647061
237856
469264
743257
468186
653262
584884
25674
584927
515534
514496
484241
372773
467524
16003
26915
516746
346736
>un
660689
702663
721755
637013
479728
728912
148477
446623
530077
661964
708186
459935
592692
732576
740757
594321
729023
733693
669250
701206
731819
665687
291680
715779
533222
658284
509666
731601
708576
504844
575922
720104
712829
720502
671525
718605
662037
731871
38533
731403
707189
703113
656238
335057
737941
670194
699398
715879
734766
734964
521075
5724
561654
708294
661895
596067
517557
519656
732594
706988
704274
708256
654737
669889
535415
666607
716502
634602
720681
743646
713174
708120
653586
693760
706702
585854
715084
676418
594773
715129
592571
699851
708457
708191
709438
657797
743228
655314
511735
597011
741348
663896
550529
741993
349207
727631
733730
665118
678757
356721
721030
669701
735149
743219
632995
655180
731956
742162
708443
596713
593218
707187
665558
447471
743220
682400
713777
659702
715702
731430
708287
538421
617755
591907
654890
471461
731685
676595
595217
731567
387982
636089
594347
658418
667113
743499
733967
729895
645643
605597
597990
405678
36927
732494
743429
708292
530089
633061
657371
20034
711207
660765
555109
737592
707338
657607
720350
715913
729230
687325
704315
187866
156316
603839
731922
476604
680629
715773
675213
633861
656585
430300
651358
669724
701436
713654
712669
709727
712828
658884
594851
594424
710861
426104
514216
700699
731679
715687
660466
105791
151184
729394
737273
675535
655340
703277
735732
130011
650340
387576
732176
693843
517380
714827
416124
731490
596052
665265
486246
714443
506989
715788
601223
660082
734456
726939
714301
597027
661713
648590
592798
651574
248158
733720
700360
552087
675312
594669
564022
742021
646953
458609
666884
709372
721034
547396
703300
642965
659296
599723
632802
221334
666413
714006
700831
703723
602285
720644
682003
632537
655424
733616
432345
732351
707165
657916
736875
600707
644829
714487
71912
657858
731644
557142
653522
714620
534433
710486
589555
644217
656886
732400
706070
633518
592455
469971
567941
667843
596054
695170
535075
662099
635445
741240
661776
712799
713634
212774
714596
652436
731419
703938
601895
705884
719671
165062
596112
735717
593050
594496
643727
713721
714913
720303
700083
733671
707012
654953
723245
701394
716791
26766
732716
732301
596171
370287
708536
90221
485155
733075
731432
388511
597547
734208
453857
595286
713293
173705
684338
713664
116424
632970
649847
189119
598813
239108
559612
570545
732433
86538
737214
654763
732116
664608
672162
628728
714490
731873
732267
380737
636043
715270
741268
597961
659000
661799
736461
707279
664262
222731
720510
657711
214218
701076
440648
657776
533401
597376
655063
585852
567929
628957
593340
708005
599767
679797
696718
741178
664398
709037
708722
732902
201300
660398
654855
733614
476320
740557
643648
714048
714924
657308
678912
704280
520703
740572
520477
433332
733575
713854
707308
499453
743476
705876
600057
694750
592599
658089
662225
709723
507343
733326
520974
713750
702164
658212
595142
743644
662829
660698
733862
680214
664357
246477
593499
696702
462257
602286
723688
703449
655826
386793
449026
643850
283289
705934
656655
720597
708460
731850
657820
678858
470601
662710
719698
>part
>ku
>uu
665858
601778
601777
566255
665557
665553
634775
665685
336868
634797
665577
634780
564977
664497
697212
588968
702976
663258
664496
665264
656291
590708
634375
>kn
464622
654762
26612
113876
518055
523262
695681
301419
524947
82432
655702
703025
446376
521212
350268
681616
443935
199343
591140
356549
21837
36053
5345
567438
474010
471200
380897
439481
290243
445503
508725
478465
246590
187657
516966
37982
591768
529735
523004
368647
126280
32984
275865
709893
416925
298573
731928
591643
524094
560655
279583
515517
720321
121870
522484
522493
741324
27222
412870
737597
473927
705517
645028
743286
179565
9597
515164
719203
463483
432413
723178
469060
654422
18631
446685
632013
213198
77318
365365
484259
490874
239666
439152
546387
569205
577256
382044
145284
62003
173878
516954
712543
655327
558364
143250
636480
513856
496068
509067
546298
474596
482497
201034
502745
28608
713641
477481
21380
507243
605153
731388
337251
310645
143187
148767
631504
516543
408528
201858
477287
530331
289008
21958
516859
132760
234355
601562
432862
7744
619396
38449
743335
119177
592081
311640
516468
322430
408427
33455
743425
469473
54609
731775
237536
481819
513851
6540
124147
632200
162032
445733
657360
529495
167317
356331
164060
75243
632685
332382
229988
77768
515053
181046
156346
256549
731633
31439
516853
9873
524219
591416
494691
512144
632226
157429
522590
521487
446414
743232
524250
514505
231616
28326
17109
10326
172550
109590
522555
520943
718506
434102
368240
654815
209983
533624
474833
196983
356231
87752
532286
655341
653144
515162
445498
512619
197644
433445
567501
446315
522885
159223
675564
193557
11417
9061
712707
115284
435051
154429
743302
485899
170156
437943
703523
414565
449009
521937
743221
162877
743234
409223
210586
440544
518731
332197
179986
494977
632242
720136
743320
567563
475382
29288
724
201641
203952
659950
145230
549751
443330
471156
462598
436166
533712
202097
166011
530096
1063
529094
445981
229641
625133
589924
39925
489873
437060
592313
709461
155742
443061
731383
496267
444957
460923
488307
248267
302903
632717
500067
303649
157351
593187
371249
372840
435255
643566
436657
569831
21422
446083
12409
655552
466539
593985
446260
58351
372331
352541
741319
522274
272062
436405
74563
632873
212838
195642
349705
654899
519445
43899
655498
422181
148988
129673
509264
446574
15580
509451
533855
731909
720388
20107
647011
720151
471130
658598
136905
591610
498569
518611
673984
379018
469030
8986
591412
740386
55940
122561
471441
532786
280387
146804
491172
578443
332706
437277
77060
649307
335163
455493
404119
546286
555956
507076
485262
472330
7517
519818
159590
502705
73625
654869
207459
489824
106212
421608
78771
472437
644108
513266
291196
61268
513871
515714
516111
289271
300304
250493
103183
458485
522257
436550
525629
378103
15738
198612
535319
24379
599470
596014
523215
444179
564847
351475
241543
159525
590870
407190
280130
517436
503878
62886
433764
707401
632486
374446
262857
500375
397609
273621
31819
177766
468442
509343
461647
71465
593923
8526
459590
192374
208358
293653
632082
516948
645792
533526
444118
246413
46679
461131
436568
25333
741305
29173
473109
48950
314543
524953
413297
632385
149305
408054
418055
171939
460988
6217
726477
159481
350194
356647
109731
388645
145404
713579
304682
388739
632066
134623
715348
485915
544577
70769
372541
76662
706130
334603
696570
657350
25892
513451
483305
226390
654939
662276
50098
509163
728813
437594
19114
63128
148272
603131
388188
458367
140903
740420
521973
532359
191073
647046
481836
156231
299315
529303
654980
509791
155829
387755
458657
530053
740389
586423
436439
522378
408073
309288
503047
709581
416207
469820
741365
188606
505033
288215
76244
434213
5836
584957
460317
400295
502302
9527
380803
415478
55682
2563
374596
731784
77961
534613
50823
89983
199743
465928
12084
311187
368046
9534
15476
523443
21861
512932
424126
178551
255935
631844
491737
29665
112318
433180
91612
388654
611911
725151
513954
423348
489287
4082
370140
632438
310809
298280
113919
443134
159711
731537
503048
119251
278277
469331
506748
201921
532399
743359
75864
660757
406096
20315
518750
511915
520640
153177
657301
306123
741594
313905
459070
440219
200668
497159
649054
369755
147492
643548
628831
195060
6396
656613
335918
405590
440534
518774
591340
293077
449909
448872
444818
201058
356076
5019
461787
144949
743475
170422
292493
425777
346575
592207
368982
654991
518123
112933
361323
256667
116428
20930
534770
522817
433670
27744
631861
9589
246381
740360
34780
270525
30213
530734
162996
521651
507910
370703
408461
567502
631954
654583
108332
479911
367656
375616
519220
353163
444229
283851
321541
3068
156540
501114
389171
591384
507669
380233
662411
129966
535711
628096
446852
513633
743230
743300
370360
164419
487341
352839
302977
643702
65029
135270
368149
743393
436429
612096
741635
440049
647075
609336
335079
500165
57079
406534
458573
515687
728762
534454
659143
495755
480653
486798
169815
308074
282998
523512
511454
708867
523446
126357
644384
138211
643537
512676
559412
513490
592170
500756
525626
490347
516075
517622
130293
556063
302257
320151
282410
723399
130438
465808
598832
643813
654968
524224
29203
517864
21811
61430
643610
500822
522615
446392
733319
290404
210995
567342
516160
521800
356719
200716
445489
492599
468099
109672
381123
655520
201253
171458
21374
523009
558296
438953
458644
643896
122337
160786
445977
590575
465744
508848
527021
524920
77558
354056
353454
446357
518609
19383
416755
247077
419463
173724
432638
204449
250905
458320
430425
522085
458482
743224
510078
467284
431307
484950
592188
128824
235750
490795
654380
491494
198760
182825
510927
127286
14222
479808
196102
743366
436687
302341
522373
104925
646775
631854
479116
34906
732366
700188
565319
523463
176977
414362
416024
190028
349470
705490
213424
154495
151413
633601
167700
13349
75066
294041
524910
463074
533732
180909
591110
634882
621695
489448
22399
199763
374503
508480
159130
654475
58471
504908
111024
522933
516090
504517
24178
534255
593803
136901
257761
438782
75438
534404
643536
741289
515534
587979
82002
484241
358997
644802
517949
47062
16003
508010
516746
98170
19012
>un
708443
479728
728912
596713
665558
596054
239108
658884
530077
713777
559612
248158
570545
708186
459935
712799
594321
591907
654763
634602
664608
731819
715687
433332
733575
665687
653586
731873
151184
693760
499453
585854
291680
721034
547396
601895
731601
743499
504844
592599
642965
720502
645643
709723
599723
709438
713721
214218
520974
701076
731871
708292
700831
732176
38533
700083
597011
737941
660698
715879
723245
585852
714827
432345
349207
187866
731490
596052
567929
665265
370287
486246
707165
733730
599767
596067
715773
600707
517557
696718
741178
71912
633861
657858
656585
709037
721030
720597
557142
708460
453857
651358
732902
714620
654855
701436
719698
733614
>part
>ku
531343
683780
>uu
636635
684339
684111
679225
737593
679066
638627
637184
679063
684110
676415
735818
637185
625475
676413
542505
611986
541558
735817
676414
743781
679064
636634
684219
684205
679065
679062
614903
683767
676417
684220
684214
620925
684206
684213
614902
676416
565931
679060
676419
737572
614904
621143
636633
620922
651793
566280
676421
620938
602674
602283
634883
666188
666186
>kn
436500
631638
460232
75227
596537
732945
149367
681616
6459
654527
249718
133337
529680
365689
155247
144309
29106
304475
9333
21026
741149
741184
93670
490684
706355
283844
203717
654827
234642
319334
632229
501624
269782
567903
252820
216653
258855
446685
43071
743282
531089
720221
513153
124126
734367
16130
465709
494261
516954
94542
31968
491104
506829
65135
130098
75812
701991
109087
631630
418012
400095
713956
605153
943
580300
279877
133135
201858
422986
293274
498892
516859
466120
523774
742189
6421
632182
523789
446429
322430
89643
656782
99120
522665
513851
253726
469154
83753
584905
8008
173611
524648
148641
610717
5443
173946
433419
515259
75243
409578
53454
377155
740494
9873
296422
740519
494691
741273
655455
33476
440900
33642
514505
591957
471779
518236
272759
485489
436913
13852
79411
279836
434980
587325
474053
526432
532286
221761
519162
526975
58633
711490
502338
10862
514051
4930
3100
390250
469615
491582
136947
730654
118394
631860
19156
325978
719938
180933
153026
721670
580681
731574
591691
38004
29288
656902
278573
167641
333907
731828
297483
156257
131704
489873
532316
296310
743291
73893
134296
632717
91389
435700
409662
631535
485195
413416
277533
363138
380929
494173
631768
732093
286226
741319
632693
169900
632873
76206
356416
146059
490330
728756
584842
69293
471401
720151
534307
632313
406678
592225
474384
375142
13205
471441
633514
598850
54457
667336
12692
300772
555956
49599
522672
472330
143674
741325
443914
167017
654450
503692
516111
6815
743241
369670
143681
437609
524484
91747
377894
235368
164021
126378
620557
289108
507681
62886
503878
740398
518270
468442
191219
655324
435557
13781
655606
193163
596087
6874
591997
314327
430551
645792
506861
184339
461131
80552
22634
434494
716639
416090
131915
440950
269577
212332
128453
520710
362854
437966
654594
222510
109731
518562
647092
531752
483512
514196
225836
133421
436410
472285
25590
12229
475733
375766
502875
81848
3903
500721
118681
23650
29282
368160
522891
319481
66762
648744
586423
515689
652114
573490
151218
173135
80358
591671
516182
481704
434053
285363
166204
12333
631661
515610
162458
607212
356285
196129
741304
326
85951
77961
488181
639609
515266
434340
128548
580427
743229
459106
65256
511883
517066
222055
436803
49582
438723
626544
593268
298280
502759
511915
355753
87385
446352
200668
498586
27018
644306
518921
91579
75516
43744
414579
721240
331268
444870
112728
105352
516159
110571
22242
696433
370365
293077
516153
444818
486470
472475
732305
492280
126517
728984
462392
44856
332012
714076
420272
336994
474751
271014
665686
10101
634380
501114
102471
646346
556986
628096
443077
581021
370360
512776
415342
632637
12102
21107
497391
647643
654826
127022
520063
521461
728762
632581
516217
460617
592080
741216
647334
5258
533540
255093
499941
743218
654604
155342
443417
13261
518138
466471
195080
524224
282050
522384
733412
432648
152913
668016
647069
514489
21771
655020
277035
462214
523009
655613
445977
469944
518609
656685
4998
386324
250905
430425
6449
508644
410037
479439
743237
407368
514535
502612
513811
529023
515081
75431
239499
406
29549
212051
483521
530291
44298
532768
526464
94011
465985
350899
518827
404056
267120
310429
743261
414480
370510
584760
448520
517981
516700
528803
656769
387804
306339
515317
132513
555866
356108
488171
226780
462341
82794
518055
287518
301419
8867
643440
743287
144011
647082
89485
76392
517265
531081
574492
654463
471200
626404
97805
403790
8546
431048
37982
654487
438336
298573
8118
447530
926
445387
643544
725787
522493
279837
654965
438824
385493
485365
444558
524479
4988
577256
636480
512627
513856
368610
515111
36473
83381
534822
465924
8198
631504
743266
408542
460238
77269
406223
498292
504320
170019
591731
210870
159028
496587
81328
486434
737206
37916
512564
323833
6540
254042
520636
271353
647062
471104
509765
502769
476448
589427
591908
141496
483036
524518
505802
496544
196647
720355
652183
632226
185597
743249
511605
411490
441124
658995
288178
434102
654364
595983
584954
212885
355888
196983
8619
467701
528731
293753
150718
243596
431317
49688
112444
278436
595276
668218
1239
355934
414565
653504
162877
334832
12865
500674
440544
534560
524692
518731
483993
527973
435661
297343
65238
143736
149098
371617
532188
77810
294147
58414
143774
529094
252457
499886
514575
713548
520096
91448
221436
526711
103291
494419
516807
159291
653186
515169
726187
497599
189329
164303
440382
194709
524430
316890
503178
372914
466539
515500
470882
643498
31334
743240
333132
377705
178305
278569
94395
181444
506759
465224
509264
515664
522310
386726
706229
514220
75798
546268
381050
27475
317593
631596
200600
525134
724025
97616
740908
75514
368376
602573
388297
445040
731811
533771
49658
654907
166120
301394
44017
709
158665
109778
15738
676266
596014
625674
363137
517436
637685
484068
634632
100217
445081
524800
448342
36859
1437
66708
192374
478729
24684
433343
481464
504062
534322
246413
473109
117715
247686
466044
485130
436204
332138
478067
520814
369397
4997
523468
495522
356647
129798
24979
743330
435228
182625
515469
655626
53066
517888
499833
469630
158529
172685
508716
534360
23111
146585
476052
142076
60339
525459
167115
211441
169182
26229
702213
295917
111903
507162
530943
437388
303025
61590
740511
653131
35828
434888
90280
1565
439031
270364
522114
513225
465542
432397
502836
528006
231761
524788
80539
275243
743362
485246
706827
532793
523456
406758
163867
529357
558440
1706
444467
533683
533050
470417
523936
655325
505154
271135
435326
708040
463129
193226
472856
225356
121676
656073
389107
432690
82919
155090
525600
466766
312098
121396
435941
102914
461253
474069
286194
368525
655909
404289
350364
508148
355927
235873
594563
321709
124503
614080
522795
658134
528993
419859
289293
74034
525210
76152
269988
440932
513984
433702
604001
592519
510328
408702
529551
444229
592078
389171
701718
633842
503284
533953
91586
368367
726215
101150
173716
656604
159188
406799
522789
461988
712676
390817
525348
306412
517134
624
434401
472831
446255
516711
478741
567319
509637
599039
14601
525626
480815
483454
282410
528836
718441
584854
106730
500483
718943
76753
52788
135471
446392
437249
489033
438072
477375
492599
446065
584801
529782
156784
567297
581355
743246
268107
743438
42217
104320
59908
25450
650174
533977
524530
479634
335034
655124
713441
591314
369289
368255
444468
18259
655449
213424
413074
277517
463074
34871
367854
464071
199763
18676
654964
518602
280342
301564
618732
492208
520048
151219
343679
107125
436873
37558
2420
53996
372050
534404
655285
730881
75360
476319
285666
79015
15243
159118
194669
701892
405961
500788
368921
256206
695681
726290
699177
485104
6147
643267
652312
613729
518662
483616
446017
487062
529408
306327
288382
110298
470412
511076
484500
19196
516105
861
27621
521924
560655
414740
8752
69771
32995
741324
21754
591569
439524
191599
524390
75254
351474
660026
415067
389452
129758
38621
154396
517653
202470
401798
578450
631951
464137
143250
6551
509067
491232
237825
653180
436944
25338
475506
59486
172928
128065
63348
731647
460109
535972
475812
563344
522401
523664
558396
330073
408623
7946
503165
599785
571886
437403
129708
13318
438
512675
2795
80720
129268
382306
233240
474005
370100
470907
656694
300816
21145
62880
131452
467210
381099
239370
660053
503163
431850
367900
655969
586401
17109
349656
654421
429180
232721
533308
532491
520943
712713
32194
513470
380857
655341
91521
631574
80545
193832
512619
439463
708084
412941
718640
654386
513617
534350
352240
9788
731454
445827
534309
683449
743259
596314
655572
90458
741559
485871
119598
352656
593995
73793
296031
369574
439726
513044
446172
198241
389311
741581
263812
741157
654365
268939
350927
593344
368353
157351
307913
516854
527919
166186
591947
741199
515351
281707
210385
569831
644420
516674
19977
619840
88252
274539
511743
706674
102735
280951
509451
475074
487933
597649
134859
654537
272168
136905
332708
570562
465818
741263
116471
171596
479756
493919
212102
437277
433863
446123
434133
463059
106212
1501
256526
128055
157883
513926
78771
515714
594647
31498
522257
525629
499145
74576
439040
632865
5811
716915
592130
655201
522057
555902
632486
220950
103147
369284
465433
432491
520026
299055
1869
89538
133397
102
461047
517821
564611
133469
591133
386567
591106
477155
514038
199368
471014
642946
413812
544577
513043
444845
232021
17441
600384
430435
594338
368084
509163
728813
156509
395482
89901
731317
200770
481371
504895
654980
723254
356697
42586
463105
99962
512382
732725
419240
61812
740389
656673
333179
632465
532803
517969
12256
469820
654363
75093
505104
29052
740473
374596
26899
648394
709277
40966
379191
631841
78354
82222
376984
162200
523443
654602
412355
255935
58663
514581
740456
162963
268849
658566
513430
654643
644231
18160
1787
193566
24119
187823
473695
529925
435166
250712
128848
527193
495984
147492
501106
654671
691131
442138
703306
376722
731417
706900
216226
504003
16229
592207
426296
4014
436061
270525
389037
464391
476930
528024
459149
136280
3745
567502
508829
304376
283398
431081
652712
728829
188464
444450
129966
495553
594952
205457
56729
707916
268530
255874
302977
463439
515704
591486
504281
517044
478429
306764
65436
591151
172979
370666
702139
194718
713729
721348
77578
298250
516994
335239
99141
443072
234282
202179
593411
302772
523145
437043
233495
556063
74647
24719
271695
465808
458423
104519
512651
592286
591830
397010
460179
19673
707026
7001
533122
740446
189781
279881
500775
438953
157113
743231
354056
71787
444389
743227
737064
522507
514227
502829
174103
609663
484289
421509
98594
56045
733168
7236
490795
301404
491494
301658
79064
97199
380271
410596
347991
9613
705490
477887
406861
22824
514012
371001
432699
740465
524910
630724
460499
634882
89560
304192
464416
61418
516157
603252
470277
642676
183684
12907
433750
107812
257761
504352
264887
709644
518250
388613
591329
590958
514151
115232
472737
257970
4817
727355
110062
743236
406423
235390
334587
26232
79347
743304
525163
562920
504765
8015
632918
706952
512898
508738
437385
478465
658169
591580
523004
275865
171142
515210
8361
77274
654352
20136
443379
496622
431550
353773
143067
667939
194121
654718
19385
473254
522484
202238
533670
401903
179565
7907
69855
463375
654422
715194
132314
433442
433615
202522
656071
547172
191510
496684
268675
172791
502745
28608
280792
238839
195464
339453
602086
460
507433
200100
29700
729686
743449
7744
370312
98910
706889
733048
492314
287749
741213
696360
356366
372579
356331
548197
719906
709193
474049
153752
514468
486542
533566
527861
16426
558726
461329
519320
546288
631865
182885
479384
533549
20961
108029
285847
12332
507680
475896
577202
268728
715040
5710
596572
445893
368402
468426
469881
517216
417948
591366
640450
627962
269004
721234
432996
518249
656313
6838
531085
269665
530823
462230
221847
522650
116448
490415
365405
515487
406475
283378
326035
597656
315137
410817
531371
535192
644724
534314
369123
171626
464971
709257
225936
27693
497443
404423
474737
8859
417962
418175
125898
127403
34576
13885
5062
150837
77100
679909
500067
207631
292804
573495
458513
368410
401929
212395
125867
502773
473788
438838
437585
474978
740440
408903
920
44693
164226
503594
743389
481181
204475
484195
491988
648565
631557
433307
380887
105460
743328
655714
436854
743264
643951
247186
156178
20575
514050
473583
173001
656507
509083
132483
420269
591605
173894
489824
283739
592105
289123
120950
741198
405942
190043
355141
528050
743285
604551
632466
149360
276315
493796
643683
512592
631580
459379
465543
75819
520189
86905
496191
731394
743253
554762
146559
6418
444118
655006
46679
533479
515003
436568
101174
743386
472101
522805
446689
61581
13999
435933
323489
467751
481720
223858
712767
522826
5613
372541
130988
436317
368808
96996
82482
321653
429
551713
374257
148272
5353
521151
300701
535298
274873
252229
388236
475125
436439
377783
408073
654794
492751
253146
368296
449718
514276
655737
524502
194148
523080
237506
719930
462946
533644
370292
301478
554829
521809
131226
655066
743432
743510
655277
370299
351099
528572
525232
171825
317192
102788
440475
234898
119251
655671
654379
380133
522500
518460
657301
213394
180946
721414
657569
274402
533282
631832
632729
558009
406787
7972
465374
534341
292493
183428
466296
529862
30213
160211
412468
5268
593928
181244
517357
478031
125221
283851
743226
517232
474643
3989
180141
720220
654836
388347
42400
506357
464184
563491
495755
443430
741408
226755
26837
191346
517641
720708
492859
180878
286145
644384
269512
499925
714330
189772
471381
24545
643813
409034
370770
498548
248746
469970
591171
525251
234521
654636
484138
11125
741413
525017
368563
444200
286173
546289
515082
631725
432914
79088
741506
62185
408458
19383
416755
483811
410786
253903
413111
460558
371794
388024
279806
8769
518773
699247
603646
502876
77978
108104
731923
209614
522373
633853
707712
595071
368710
439312
654849
501853
56
732083
31409
632177
106513
472566
101774
355983
520313
44098
20157
514211
441550
83636
409230
149991
741156
129959
467097
408061
122061
741289
480311
82028
241545
526902
503500
523045
4
184720
661035
85155
82432
11042
9997
532824
72912
200051
518475
445403
79387
63841
5345
645445
170568
632252
516802
656436
597057
405156
154654
97244
727652
655445
158304
271749
632339
95577
90875
332422
647971
722260
170131
655387
708096
654572
76277
125293
434375
227253
29403
150580
487200
435039
632310
743370
495710
496068
155218
494406
435755
699841
372123
202011
453951
185674
507243
656657
570083
408018
441664
654668
382212
592087
376933
373941
144795
135997
75149
290758
272215
22575
367842
513247
593075
76224
436383
369089
270291
489142
709182
73853
515876
21938
50308
201446
524121
91481
631724
503093
468410
454534
272259
643801
524250
585540
191987
156667
561514
251699
432560
593339
46700
568986
604915
300887
130704
654652
507515
591915
649191
352635
643085
149983
12013
79081
64968
68257
61271
181300
521926
59719
330463
655750
336916
2853
178715
110445
7101
333418
504009
421202
47629
503022
533721
8059
466714
183850
436166
73527
144130
1063
441378
437156
502793
517517
39925
162757
536850
153961
370408
412433
309849
515016
442344
525093
443258
493169
106909
462913
368626
76884
6909
57652
517034
527105
655895
516707
212838
448497
597349
459573
384598
516522
515860
35052
607594
446336
414418
298469
557097
24956
483873
412196
116459
46894
102798
444279
731386
467824
244940
492212
732118
157378
7879
282177
743242
306791
355643
26703
741363
421907
735127
3416
12929
435044
307835
443109
465490
128866
37138
533192
308122
472437
532840
476982
592164
655519
172445
355264
61469
564847
241543
477128
405619
4944
227777
536319
221873
25691
435001
741270
9469
518346
146632
130957
437647
149305
448229
719189
327527
285354
743405
731377
269211
283749
78989
627414
599798
339278
659681
511138
131138
650382
198862
297389
491351
503438
644125
597664
647121
438219
185172
496138
458657
171189
437008
530053
131711
356190
743453
376064
513242
460317
591387
34314
501778
433668
369761
186486
632778
472024
150107
69504
21861
661684
475963
437075
592944
632251
30561
101891
106876
528305
534052
7739
434875
470477
719925
270437
440219
285051
105016
153357
643548
195060
152717
436975
68061
109439
379785
148074
409876
446641
435290
631733
163893
728161
201058
370267
433439
180877
523221
147880
12253
362806
534770
142442
592123
483444
740360
156171
708182
522099
421245
42572
157659
130031
651512
476280
714400
631593
535711
597434
654653
171501
567498
462615
591992
655213
75061
516539
458573
175322
732136
418533
501293
403171
373938
191046
603118
705323
73875
387679
4900
444950
654661
144912
528087
591293
282376
654427
808
289092
513490
466625
516075
509545
498727
371107
349570
416049
103521
464829
514435
700228
432818
64691
192586
500822
485527
401842
438102
546502
109672
376071
437040
656696
46523
473611
567248
721586
486502
434248
529400
29802
462833
247077
821
169358
362817
108080
69499
471405
743224
720023
472010
501794
323396
79170
108408
658215
187377
713981
655407
522090
2178
632456
729366
279565
368421
597715
479602
349470
515474
477003
636359
633601
527980
167700
480848
594250
508958
34560
655602
370605
592289
647086
82316
374503
473256
370581
106124
653288
491148
286221
647024
330384
432401
64016
316931
506815
249600
591582
379754
507798
704031
339809
135805
377010
430646
113876
433732
357128
234434
644906
311346
523529
594417
529038
74870
531176
656244
446201
266746
5662
187667
437058
481927
743367
250899
374067
73800
99500
502775
148685
591768
720829
517356
406840
153934
111577
209151
310545
232543
515517
741537
481898
515048
730799
727543
8578
474397
69594
567374
401509
7367
9597
76480
656959
203691
517421
523194
709447
102267
529353
436329
195740
577281
247323
720014
445203
61441
6834
709689
314263
105818
144873
631604
202424
146668
465323
435952
740399
177576
517249
466039
462033
288936
506652
709609
494827
193491
216623
128702
118262
743425
426312
632706
55148
506947
471818
144531
504237
510324
167317
75117
95120
469254
197320
153299
284244
517717
704366
199593
515053
120
713103
443428
591156
18889
494567
495219
643120
459211
183706
521487
462323
447794
729186
78960
43670
458922
576320
187772
654815
221889
120949
436186
381126
87752
593171
132121
5086
137510
515162
454528
519659
666524
446315
743313
530687
508479
502842
503315
253736
191215
731665
732239
531642
292156
7395
210586
517155
498187
558463
631629
517617
549751
467192
166011
718483
22653
715543
531789
439381
26530
655138
592334
596543
459265
302903
160556
125113
605432
595201
436657
743272
24587
6829
504597
334713
108530
126137
103934
43505
129673
484324
432562
440899
356321
434435
146393
483239
269775
530381
74471
348609
336431
532786
25292
146804
88556
517307
235935
570274
472861
485262
597216
465087
519818
296049
502705
546271
282901
247280
388116
125503
513861
31712
43322
624245
530000
477547
350265
133892
343522
558601
134688
200063
435381
134665
505729
79335
72071
528713
604588
440848
726435
309467
407101
643658
644326
733403
298198
505337
371642
26593
436401
390736
591281
151443
657382
514323
698060
309090
79322
631587
584908
584748
106185
90061
655248
46578
496139
475663
508524
502244
450230
379548
518374
487296
709425
234249
702907
283610
533956
12967
505806
519839
523852
713051
111779
194143
696339
743404
220963
510402
309288
435369
438872
288215
450105
289019
432976
55682
704983
374990
502756
207763
625725
388654
307836
481022
513491
518267
658676
372688
731127
76253
1027
442180
523302
465870
651905
731393
449164
503048
498720
317403
532399
520494
655150
190384
497159
529449
525401
318526
594708
369144
670634
654773
155396
743239
655654
654619
368631
728857
714749
279580
193133
124156
484363
656037
491292
652690
445885
521651
446240
580910
479874
740413
520037
16157
446852
12319
12554
743230
445652
89029
432387
45140
8739
584901
81337
426410
520898
480653
716464
440168
643005
6093
59332
595158
233952
435811
326579
391464
655747
509736
27373
250648
699822
743262
474436
19718
413045
255973
268177
513797
643610
380118
546449
498543
726547
63236
35125
134084
153022
471751
719042
524920
126667
455336
109929
436650
660142
83722
507805
431101
509622
502328
416630
100921
632707
591463
464469
529438
449630
510927
464336
74405
126941
496829
525419
500916
657028
502458
632373
594838
130759
511425
462983
132257
158688
54697
513094
731824
477083
492407
78065
42806
438782
567229
143434
59729
654933
655217
369052
99819
497867
643030
463759
741177
153952
93675
708076
518530
9850
529053
523262
534346
404802
724212
350268
516978
654552
474233
476308
438311
530380
490224
459095
163924
381219
510635
71215
534847
655743
371199
301685
445402
482269
516966
205163
297304
170839
709893
462492
426463
495349
220864
633509
443881
369438
705517
618430
645028
590886
68714
533903
632481
279594
376675
408960
87159
490203
191518
655284
292026
190977
7835
1048
149035
25391
80343
357637
720472
443625
271341
728823
471119
482873
86045
6764
210283
162646
514920
489284
282678
743235
507475
523332
618145
387207
531668
21035
132342
92033
321231
370937
643910
6191
503546
445733
162032
713564
655273
514297
372938
167451
380291
524599
709520
16695
5912
181046
271643
409989
122363
153563
288800
91283
435022
530940
381189
740377
462732
515554
732228
86131
474833
165195
21639
449291
436367
501286
202453
463936
25601
483238
158287
369703
147950
258314
9061
173464
595333
389649
318370
80919
449009
465337
528833
262823
24998
743349
51891
446409
526630
75528
724
555731
123036
517948
279257
443330
480364
202097
647822
108112
445981
446427
589924
502004
364544
224152
356061
467637
729279
483635
435255
584782
522818
592126
471851
743248
532082
513870
372331
743223
731660
533273
320086
288034
477892
14745
517817
696211
460645
278285
469030
502127
372679
185055
534773
54941
332706
181368
503787
277721
438236
723477
37288
78769
530988
599470
369068
200253
372003
590876
465929
475629
374446
531400
8526
593923
655614
279245
195471
522147
475688
288164
293653
500512
190559
433512
520205
664469
655782
514997
420229
524953
480218
391561
179312
696032
733385
301961
567968
293629
159481
26704
233119
388739
567655
715623
520192
532315
62180
524731
643487
513779
445019
519972
9857
50130
596449
14468
654939
236030
727344
499209
591095
1116
88025
388034
559010
311609
458360
277704
594839
506222
367690
554791
287758
469244
372309
436636
534965
437191
334534
522472
200230
505033
657617
529488
29344
271791
502302
460217
581171
99145
47382
29464
654824
349283
647659
488478
292078
516846
235331
631827
469171
713173
15476
507704
17958
557709
74565
632344
491737
368264
467125
654688
515371
524009
55307
247729
513292
275775
489336
532363
740407
520973
477420
506748
388918
75864
406096
20315
670088
151134
181391
143703
731646
153310
567268
654967
472213
104672
303808
605388
656613
130712
400613
591890
344488
729120
74050
390667
462693
162233
361323
271044
521008
461405
878
514412
714774
507910
80132
94070
28491
524382
329850
567380
48924
406510
194654
530749
363492
321689
371889
97858
546261
573153
135406
514199
313
272251
444332
181173
609336
335079
78788
37044
355606
644633
104315
657032
534301
91622
613417
522087
369920
610830
518155
196054
531249
12451
112023
369042
500197
299878
20521
743407
37617
517622
130293
466664
592045
152292
444931
529044
371718
643580
436100
496270
193326
432674
136309
279413
432760
436093
493819
159161
192477
279696
721470
226117
298345
467740
160786
533030
508848
200804
710546
597122
487036
460857
533474
525205
151761
368823
743254
445570
462998
410977
208680
372082
129261
168073
372031
522666
498890
429819
565319
131459
594923
508514
151413
631582
476365
511251
505652
484423
75527
514174
621695
36794
696684
27935
159130
268557
348308
525299
659439
475538
488827
368527
75438
25422
730740
570355
21765
145150
263671
513632
211602
517949
301963
519632
101949
741226
220971
445239
319503
22867
371698
515972
339735
105940
631742
643357
50425
696231
467759
519672
521212
380250
412117
654543
21631
444403
474010
290243
562227
525307
26904
191213
656887
368592
435556
32984
98262
16059
76873
532279
654502
523299
180414
154210
643051
167679
121870
594084
596704
472471
89649
536663
743512
373741
170355
77318
365365
518525
512740
591863
650585
432121
125525
321273
519075
516578
487774
190495
10848
201034
83147
11067
131555
496255
326387
128067
408528
471768
98259
514495
442798
437178
517145
173840
511265
330742
24950
293660
654447
119177
719966
533040
712144
731519
529495
460693
464210
23581
132370
146180
741210
242458
477693
517168
518464
733033
1395
446091
188634
473163
505654
485392
514284
321045
154320
370771
647018
743552
172550
522555
567295
517033
664585
480454
508937
183109
58367
357004
389461
157078
494822
368203
9315
504687
2131
118958
269560
202677
260750
413482
654922
31431
456507
501345
374201
104203
371021
520348
135087
213088
516664
444933
655288
520851
8719
161008
591664
7158
369592
512773
533013
644095
525061
75969
407535
631602
23862
431367
369430
465041
232375
77854
120323
114286
309641
162121
741417
661576
4055
482730
591482
142074
460923
129195
435013
495035
9728
726050
463035
534679
593187
534675
25155
460141
58351
272062
74563
647094
146312
82916
58877
597526
35096
20107
467408
331141
287362
135254
654665
478682
436996
152385
655272
257008
83114
180903
455493
26670
514474
522413
654869
207459
118983
696497
522357
518805
160958
356769
351306
180871
743243
148909
476636
11355
632326
438641
654400
236361
532755
13662
578109
273621
509343
534612
594444
128856
482087
732252
82887
632161
313544
643433
351887
471933
26409
374477
408054
265018
182314
741179
10903
125742
304682
495134
461896
523739
31082
78601
138207
151220
594504
169378
436505
143766
250481
295137
513451
470608
461705
524214
82116
93659
91531
495985
471834
740420
154163
132225
437376
501857
446559
535464
310456
733378
528834
189445
509447
123933
101364
731507
80776
527748
551213
644033
458355
585069
139896
458418
298990
253489
633703
188456
241576
611911
4082
505412
731754
516076
728237
69554
521912
720167
469331
407159
360174
520640
361463
487325
30579
325667
570065
22140
146542
405590
596461
707804
75160
193235
112873
476270
463964
4859
388927
122752
207745
32826
531704
5210
593413
26630
489615
655259
371563
438673
248153
549577
24601
210367
513633
437379
526441
98493
731715
516034
743280
444360
446850
127401
69997
502883
173859
741206
459927
343627
3873
459391
83734
522543
741282
162016
272795
171695
251830
465885
65758
271667
138211
559412
501012
186756
12272
89890
369265
490347
127675
367437
501629
411925
78824
592317
420529
284208
522449
531509
591212
193725
42771
470804
709416
458644
643896
122337
455109
412103
435120
485606
709218
238432
353454
79402
186350
206770
514950
434255
274136
500771
410969
369819
87435
529609
656006
458917
418581
189914
479808
191540
243678
187898
436687
262858
646775
195403
370247
287471
352614
449942
495731
335391
405144
561064
535622
520740
459940
479451
405153
495230
275757
591110
632227
292265
508480
512465
8360
743260
497684
654530
334684
325838
355559
237856
647061
469264
743257
468186
653262
584884
25674
584927
514496
372773
467524
26915
16003
516746
346736
>un
660689
702663
721755
637013
479728
148477
446623
661964
592692
732576
740757
729023
733693
669250
701206
715779
533222
658284
509666
708576
575922
720104
712829
671525
718605
662037
731403
707189
703113
656238
335057
670194
699398
734766
734964
521075
5724
561654
708294
661895
519656
732594
706988
704274
708256
654737
669889
535415
666607
716502
720681
743646
713174
708120
706702
585854
715084
676418
594773
715129
592571
699851
708457
708191
657797
743228
655314
511735
741348
663896
550529
741993
727631
665118
678757
356721
669701
735149
743219
632995
655180
731956
742162
593218
707187
447471
743220
682400
659702
715702
731430
708287
538421
617755
654890
471461
731685
676595
595217
731567
387982
636089
594347
658418
667113
733967
729895
605597
597990
405678
36927
732494
743429
530089
633061
657371
20034
711207
660765
555109
737592
707338
657607
720350
715913
729230
687325
704315
156316
603839
731922
476604
680629
675213
430300
669724
713654
712669
709727
712828
594851
594424
710861
426104
514216
700699
731679
660466
105791
729394
675535
737273
655340
703277
735732
130011
650340
387576
693843
517380
416124
714443
506989
715788
601223
660082
734456
726939
714301
597027
661713
648590
592798
651574
733720
700360
552087
675312
594669
564022
742021
646953
458609
666884
709372
703300
659296
632802
221334
666413
714006
700831
703723
602285
720644
682003
632537
655424
733616
732351
657916
736875
644829
714487
731644
653522
534433
710486
589555
644217
656886
732400
706070
633518
592455
469971
567941
667843
695170
535075
662099
635445
741240
661776
712799
713634
212774
714596
652436
731419
703938
705884
719671
165062
596112
735717
593050
594496
643727
714913
720303
733671
707012
654953
701394
716791
26766
732716
732301
596171
370287
708536
90221
485155
733075
731432
388511
597547
734208
595286
713293
173705
684338
713664
116424
632970
649847
189119
598813
732433
86538
737214
732116
672162
628728
714490
732267
380737
636043
715270
741268
597961
659000
661799
736461
664262
707279
222731
720510
657711
440648
657776
533401
597376
655063
628957
593340
708005
679797
741178
664398
708722
201300
660398
476320
740557
643648
714048
714924
657308
678912
704280
520703
740572
520477
713854
707308
743476
705876
600057
694750
592599
658089
662225
507343
733326
713750
702164
658212
595142
743644
662829
733862
680214
664357
246477
593499
696702
462257
602286
723688
703449
655826
386793
449026
643850
283289
705934
656655
731850
657820
678858
470601
662710
719698
