>id 2193|Mm|est|||muscle|||tissue
>part
>ku
390880
391139
441535
428764
246584
>uu
459275
463090
469114
450209
450205
469118
438624
374551
411203
450210
450208
472499
411208
469117
411207
395751
486576
33456
395753
442962
3077
458891
395345
443002
442973
393798
395791
442971
383859
442961
442966
442967
395737
441716
395981
395983
394070
384691
444458
482842
395756
394110
465399
444513
444456
437158
486620
398722
390081
486633
395761
490442
395873
59999
395872
459606
395759
444457
385183
386454
395760
395925
459576
459544
394109
398733
437150
317248
486643
395758
393944
441884
459613
459250
439247
453344
453358
395015
451538
414045
410951
450052
410952
469096
463030
450053
450056
469098
367149
450049
469097
410955
450054
469099
450051
438591
482935
395718
442942
426804
489351
394210
441870
436969
36062
>kn
6712
38901
39974
28689
263913
28336
29429
3074
469937
257404
32800
275452
4863
46176
306954
334535
4628
210447
234502
1387
249115
286353
316592
439782
33919
23684
220912
290320
41261
482104
280068
89572
34641
476813
247473
126976
426361
294951
289818
240473
319719
45044
23788
157545
274811
200497
35345
339812
216027
275489
30849
18709
291062
275831
255723
33360
44202
348326
38813
263464
282092
37371
27674
143817
272870
29812
2976
29998
41998
146194
103650
439987
97885
249232
288726
20873
245976
4261
88793
38017
290868
28275
486
479526
289795
90787
22623
250703
8
259121
346654
439720
333406
686
34359
41739
29842
6375
33401
248906
262056
4258
132006
136458
277857
474462
273102
279287
195916
198803
237064
42855
325800
29187
34702
18026
2654
390807
275036
288897
490366
335942
109074
261389
238973
332452
3200
24176
312323
209349
489665
44231
386752
336045
6824
273254
45683
44249
126404
323925
208465
460005
1
29644
17166
87417
2937
207767
29424
2845
486258
279070
234274
4676
200916
6676
1517
3862
282751
45201
16716
38888
489591
279907
392484
362118
249986
220242
196558
927
44226
326167
486383
218820
19027
245867
100068
4827
244705
386792
282560
134911
440055
2745
29476
277680
58836
100113
272024
136093
273053
329353
140619
339676
317668
258371
259191
286408
20108
260153
335252
270259
246493
340658
33881
288696
157119
258927
180013
335875
482110
26581
236081
24547
16148
341608
38832
21613
37210
45436
31203
30010
133330
282184
175403
248615
265744
35754
339542
245724
25608
27393
38450
290086
24670
856
290857
379101
68163
311972
273375
212789
28212
277906
235137
330109
398119
489656
262
177724
277533
252171
239675
337038
196275
89515
305816
439752
251476
41463
28468
334581
206250
343110
138259
329083
13787
202715
29703
289914
333388
273333
10414
420865
16974
273706
171378
3217
439690
486226
212908
208714
21549
26908
440067
291832
43152
181767
439931
440507
291569
426936
2608
307932
243234
291235
27063
30234
3458
273204
331964
1182
486353
159552
254985
254979
217787
217354
34342
288212
325325
4128
272748
232930
39723
390161
32314
252009
371552
38868
206764
23834
260577
10665
333849
425703
1155
196295
352239
788
1485
28811
27582
458387
77133
241205
62886
70666
269657
10516
439669
193040
188544
288510
20242
268672
422969
112765
262453
48638
280103
56769
439801
218515
246996
236553
271178
287443
196382
131150
279805
270530
271222
490273
422695
135965
194466
294821
159684
290182
351688
28101
436539
272430
249861
46488
335660
475712
277518
277735
383180
276092
368890
482096
440142
376269
4342
24838
126873
283879
22451
21162
24255
482217
34319
20249
95452
125770
25125
3960
200608
7454
315052
259751
28193
295284
28587
29821
371603
88796
362054
33970
341948
286598
305108
273671
214454
87611
271922
265806
268710
263177
207907
386769
200516
28227
359377
280069
272569
431965
27908
271745
28438
830
4933
202653
292050
3935
28231
29482
21500
221239
86410
17708
333118
379376
307515
103439
271770
296382
297096
363404
131443
358649
16898
206934
28922
260114
276018
389435
122466
21981
21912
316473
3969
38746
29114
92705
70690
277354
41890
288805
425492
266264
121658
287837
359154
216321
140761
256765
295063
25157
212813
247566
142112
2121
315909
205601
12900
27210
27335
250866
136791
248334
334138
21814
294908
3248
386807
30156
260538
277498
20948
44207
259170
186185
29597
23926
236513
295241
290786
22665
271711
46539
267439
276024
276133
2418
29714
10265
141021
428905
292001
45233
470599
182396
27035
1526
330731
12654
241365
490420
211477
154570
272498
45151
359004
28839
9563
331784
1418
358691
21529
490350
272533
197486
441469
40370
2180
31374
311344
4081
194339
390347
258739
8684
439940
741
271674
244068
998
331588
2806
139115
4757
156558
273049
291688
1838
291777
260288
439751
439825
28777
379156
140568
234191
292503
23825
263189
182574
28297
250552
291499
31239
32884
3974
20889
276109
256927
336625
196480
485843
191749
198414
441817
29346
272801
2125
259653
290079
1231
24829
212889
38802
57199
261027
30504
28393
100399
456078
2948
45539
247764
290516
389992
332505
18517
2103
145535
10709
389712
36507
272414
386789
379086
41475
282257
233117
419479
276325
344148
239329
193094
489598
7821
248042
197640
293696
25683
277878
268041
277687
348374
29590
2787
2433
410189
172947
303231
259095
323087
290110
334918
321937
21105
458000
289929
12925
43778
380433
439875
265125
21965
159651
218473
440659
486164
269061
206379
443000
371597
14313
399042
285723
28904
274950
383230
331051
284906
432480
38330
221688
138238
57286
266811
378890
6667
196666
330510
336563
29366
1070
244179
3117
45371
272185
407440
127058
39095
379159
297222
287977
29192
440348
246956
120475
141157
39472
294783
249146
398371
17537
168965
255858
268000
291868
292040
210334
24242
253559
288245
180622
44213
389247
23047
295013
28349
261218
30088
34329
268521
288159
200766
251227
29236
423186
46044
343607
490296
18565
6609
44227
12468
74982
476519
267410
18556
276356
273170
127405
33207
6529
383207
341434
21482
342177
22398
489612
489660
3863
21469
14064
331392
185680
251655
297023
89888
158361
277327
168
258955
44201
22473
3444
178
233082
291274
29866
3992
217116
38165
141083
490474
211096
233879
261818
216313
2212
99996
156282
390865
212983
275281
389251
392505
397471
260314
18845
234266
29324
25311
196345
212469
242072
234965
254845
275554
490276
3303
21501
157904
32842
323595
34261
315560
159028
431334
1056
378921
272747
102072
20770
385020
10433
38773
41744
273152
25937
136648
10530
293628
38193
27107
289819
474453
264255
248360
260282
38016
332295
312893
207894
428996
384746
208883
1258
21075
286309
276859
2313
261676
250425
185518
21864
2254
30041
326411
329243
425284
15343
482360
29816
381662
28874
323997
644
3360
247542
288374
297956
219497
273662
391794
4009
295306
101274
44508
257236
274847
117037
1355
217222
18626
200783
261620
27789
21698
23452
787
317636
374865
174372
255150
19039
3459
10510
188851
26719
232400
258785
246304
28328
318310
319530
248440
207311
98775
208750
24332
485026
221452
250631
236795
265716
274089
180734
248606
104959
41891
28891
456388
276271
439648
3085
371964
331626
29214
34208
5121
103615
182785
440414
357792
41077
103202
316418
25648
131408
383918
21439
277958
25137
125465
222328
30191
181290
249752
212688
195628
299312
185453
86406
9043
257052
279
363960
24540
253578
359991
61018
27338
30060
8012
38527
244047
2055
41063
196595
417427
247453
486340
8655
471921
292672
288718
103382
339491
99
275780
317261
290022
2080
294138
270632
227925
22347
484819
247564
38887
440265
28668
489604
218940
440970
157105
14796
4558
22240
273538
285076
3746
458152
288381
222338
196532
196332
18946
87046
289306
290810
29829
116683
172720
35306
1716
326263
4219
1272
305990
140601
272025
29430
136116
482111
272582
182927
379082
225898
29702
390685
21612
16973
289583
29389
287173
259976
398690
290353
255025
10728
238343
239141
21880
237099
246127
301148
20829
354760
290414
2044
4561
261004
289915
383219
37531
49041
142187
271897
28955
757
251174
475107
89048
427321
36524
297862
260770
603
439727
3514
458106
218848
228046
274146
28883
288642
121918
17665
208034
244512
154511
25779
260539
391719
4777
295124
23067
18516
251804
55872
358700
292465
86589
427014
310642
486244
227924
383251
102761
45137
360596
43745
256926
341742
25042
33285
37320
23739
196701
27218
22479
400294
153061
222241
490364
250438
28399
196150
29128
35828
16773
30085
248637
422997
196110
15701
28500
378951
148877
4665
251934
3488
289346
6949
18213
261920
45159
486449
292401
286407
27711
21662
389709
28852
29872
218381
328870
103986
379375
23963
279194
29241
150319
116721
284792
215641
250492
281379
378898
302724
149720
2454
387042
167537
373672
6988
439846
38055
347360
272397
426204
371580
330700
30837
89310
28228
39086
7271
41450
247844
41
30068
3014
146283
39968
482239
10721
29652
236127
3532
38474
279690
43278
270874
4292
641
88078
426558
153372
391959
2962
46397
44183
41152
209774
235898
481953
296221
260335
259673
328851
896
242413
251716
249096
335347
293142
24790
114116
297097
294664
76649
2903
425777
196630
34587
46270
260703
247956
2786
29071
27886
29373
38912
293266
340818
251242
288369
3941
316628
181473
25504
480556
45225
25848
274001
394300
301827
196328
391592
3798
249164
41803
262252
18
247824
250419
18539
334031
1393
1167
390983
31175
342487
162025
22723
347398
249555
216528
5567
372235
274553
279310
41540
284480
329022
726
390083
40292
278560
2509
282499
22130
439874
38816
307455
377071
103546
426637
34920
254739
358702
30013
29561
33857
290953
158769
8856
134053
6967
279256
52583
329515
246869
204831
16528
38087
290704
209750
329322
295205
275003
208919
209041
323892
263514
331640
428652
178798
269011
482596
100290
347545
4498
5286
254784
28420
458370
253
26688
474138
490389
379269
267061
290727
29043
154136
194127
258545
103560
33765
260767
37249
391577
247951
482385
7919
341204
28492
30496
379181
436738
200971
33171
3705
262547
23125
16766
487411
20415
22116
1620
38851
290975
38963
2241
25903
31941
35670
22264
485702
28052
31395
486619
28844
291192
206505
298947
123843
30130
1583
422634
10987
258
14638
215860
390756
293605
122725
41746
291776
79466
439737
241134
246440
10279
371656
246750
31325
280725
34871
10093
249349
12829
262635
89912
393497
29683
34183
351273
234368
386758
290116
29457
229342
389700
248391
261270
440021
196239
26870
259026
3759
290003
7066
44245
216227
452636
489705
318
46367
289630
157711
260144
7562
24521
30158
389983
27442
292739
21911
272139
288630
21848
222584
343986
289716
391033
217027
141864
32889
227983
101591
37380
296088
1273
451
332941
389126
2969
34885
268582
17977
34242
269736
104491
181959
4418
180546
196045
485669
42126
312233
18892
107646
298433
241387
3065
312170
261984
222867
27250
2718
153405
236650
458176
8752
276466
151940
29950
195092
263862
227583
117365
38976
295791
181237
282284
482129
257762
379067
4550
390634
439745
43824
267014
272527
195635
276736
287982
291595
30100
206949
4580
276255
309053
180182
239583
278726
241484
11473
291758
68617
136973
38951
46636
331583
275942
1000
248504
440619
179091
331489
3955
259197
372459
300594
207619
59167
3925
10222
196538
477065
190984
441613
482287
490401
268462
181641
35089
4438
322738
2118
29689
219648
252255
1022
282900
196574
103674
25593
38238
219627
784
20865
103748
143763
457987
21145
12407
490339
24642
4619
36785
182962
6118
29655
244820
187554
28140
259516
325350
30110
2213
320571
271898
292208
215069
46778
383185
45063
263553
270999
3072
156919
195625
30241
3213
33870
27900
196592
347444
490256
1260
300271
33721
377134
259876
457980
263002
473172
196484
292082
28638
3544
186066
400
209419
285969
41593
284710
284688
209005
296864
29975
221271
27687
245938
306026
205625
36560
3757
26595
247761
9394
30688
393802
292297
440505
13705
28507
476867
332522
482444
419039
482619
132634
482357
22596
168680
27385
234700
17
31018
37692
110
288765
30049
244168
2210
259498
293754
272981
182769
490394
288728
37613
34131
202774
646
249142
29743
290610
439963
329203
295533
277024
250267
12665
4263
441542
118004
475768
282706
42191
27951
4351
29778
284944
24624
227
74084
261906
142729
290407
41719
806
252785
38155
231395
29867
425292
275973
24685
30116
38269
258589
476828
7838
178818
29897
38578
23844
28712
273584
1605
379575
236067
114362
29500
9075
422827
29524
29304
245297
268527
386865
3465
260084
8681
175989
209679
490447
255539
258939
459653
196173
254027
211762
30119
425977
19274
371631
22521
490293
196943
10508
1465
301626
260374
254297
24174
228067
426212
296169
455474
252063
383241
202966
4848
290908
393918
28484
272727
44736
154581
289387
245577
23095
248478
29182
216590
41453
482713
182053
386838
40655
180063
45179
261182
289657
6743
213991
148748
163
13148
20365
31748
194486
27404
217312
258530
413275
88704
41072
181862
217161
272427
387734
19133
319175
394593
20914
334648
24495
38241
248380
218582
34002
302013
383426
266341
32595
289427
128165
253927
23876
209385
43212
41647
3243
431913
42805
294173
334300
37932
117809
34692
267377
272920
20755
22724
193099
16769
281464
246432
277916
8142
379007
258300
971
345385
198264
41044
255332
220922
41840
34776
3091
343951
46746
272312
294478
317557
280199
3616
275436
258204
208004
34212
392177
245741
472719
391470
121265
254530
432071
443049
280175
458138
41687
490280
321654
2050
291743
1311
100622
284649
196399
24119
21202
27578
181050
5110
153758
482399
10299
395650
21118
23085
288809
358671
388249
22806
273755
380435
371579
274853
307620
258910
394930
41583
12481
278458
89474
252862
29025
23686
275963
21109
285906
317186
472223
445088
19298
10763
10314
231400
133851
761
371609
1775
259702
1415
276277
277897
31256
37660
104744
368982
112933
337232
280083
275648
340211
248656
23809
294753
379154
282351
330692
628
212991
17235
200723
158264
270525
9621
440436
40909
402393
205169
330536
34459
41433
159024
383192
270866
5731
291828
131266
172897
295105
28585
29608
347009
288733
482154
15125
196581
25339
214504
34064
276016
46701
422886
291979
182359
412319
392667
4364
37332
297964
158231
299062
154660
281738
439695
27589
280230
168257
276338
389894
42072
60720
143716
35389
269248
289832
277792
261780
267812
323805
330087
36699
117541
192303
291607
298091
279782
313695
28518
26272
157770
29924
371641
26940
251322
371546
229287
208723
225505
338476
6696
9239
270065
46932
379251
318841
5390
275555
124502
29900
22270
239355
27716
2060
61526
74670
210403
426128
3981
34126
29087
10699
22453
220334
12508
27871
242646
25366
110220
246990
29484
332661
46514
105218
20634
274894
2475
380801
60906
43331
272568
326125
227945
218851
273958
132325
30035
300095
260009
27735
267478
394228
28853
266312
275841
23352
298274
29830
121691
243658
390957
38229
24724
235081
212763
27844
276405
391967
440151
11747
159895
26553
331129
266575
1287
490291
241056
28770
29150
10091
422979
2261
328806
205707
249391
469663
440140
226284
233009
272866
430710
181852
31129
102367
489589
402409
101034
304382
329810
479145
319347
459162
159965
237103
148425
485422
27606
297883
383263
440321
3874
353875
428571
49942
23811
154087
4745
209933
253345
246693
260893
24159
287921
249809
418731
17185
131038
486601
196220
240434
212703
148946
482557
271071
350514
487298
140380
23845
30113
2395
65021
272443
209265
378913
288785
415218
20866
159915
440915
244209
181485
291059
117709
248188
17519
270681
468228
425090
245357
2160
34497
24816
289936
290614
482073
343952
41166
3986
279823
283857
303534
3229
245739
833
411188
392646
28298
28528
390169
548
26510
490262
238043
301020
20954
102407
24748
96010
25594
436906
28639
28300
490253
330525
391013
28234
22213
379366
30501
260360
379221
148155
1845
1025
289669
207047
276747
336238
328831
4375
12966
24593
3555
37214
42767
480076
21300
7723
239962
2811
330496
367887
12758
474510
45374
482231
19082
21749
27064
300795
249005
136224
200898
371612
426736
29685
426706
28000
181624
241656
273147
382600
158669
197387
458102
5061
387108
262059
277413
276337
218889
236068
247037
10160
287892
181721
335112
284592
205266
28808
168688
4407
300
4756
116418
405359
34404
30005
14022
289992
425599
8245
337691
4646
486218
258065
279437
14526
439986
274824
402384
290655
20764
263539
335641
40667
151293
33878
301740
460436
21950
30200
372826
18939
288860
3999
277349
422657
25556
394288
482278
4206
30133
223946
239117
154312
329605
182650
288898
14063
389061
288894
582
341248
81562
184163
247935
476856
490289
426571
29094
241073
432111
388529
29735
21299
23685
33797
273765
321138
21793
271868
24040
4257
275071
219139
23662
31686
42040
3496
490317
18638
5540
246402
439855
202665
270283
29194
391538
474737
259671
218434
259321
17510
294882
8538
193539
247669
222825
30118
330070
238254
37984
274581
28456
35064
27949
370334
296985
258352
24142
213000
276063
486257
314245
81144
150373
347777
28278
240839
156452
275428
283045
200370
28940
292075
425976
486506
279923
29906
20396
490294
20818
263396
259609
28357
248445
222310
390986
482119
214950
33220
338275
28347
19169
207872
307022
269213
396537
2810
340195
2305
46732
4545
279839
220982
379129
178947
212208
29270
188413
20845
233837
203556
30435
102365
28506
426052
272206
490369
439939
280038
274366
259254
290166
378235
132237
394
297109
30173
5068
28196
31008
423621
27481
482189
24765
338790
296409
277661
233470
5903
389540
2645
46529
23156
327675
262327
283682
29974
130952
15680
2197
194594
27539
42944
5323
10865
181008
28693
31192
389224
271817
236443
485397
687
29159
403486
29110
275397
28756
155687
268922
10742
249934
826
271756
129481
206901
44526
34775
312650
291461
5265
21454
247470
25568
489619
339755
207683
179747
216101
36769
620
397307
156895
12746
208946
5088
196464
10504
42249
236256
22252
203921
136238
260162
43415
358643
39874
103262
439814
490331
202358
251494
434411
29923
1786
289800
134072
271956
46480
293181
272357
24886
305318
384171
246552
335460
27391
475060
329667
288741
21596
150701
64557
116713
389984
297976
46198
304088
35483
34213
5353
9745
30478
3711
29677
296366
210882
256858
274846
333022
391283
486454
159860
38469
67949
622
338021
280062
41800
217764
45580
5718
21198
289131
1237
1635
136366
324550
309336
476000
29780
10169
215115
29513
4929
18759
326535
218048
8180
379006
38376
29317
28850
171514
22266
295009
290027
21048
291928
871
314378
29960
27663
490263
4528
45815
196544
255971
153625
39053
334444
335477
378962
490299
103534
688
157778
260760
245500
290924
75259
401339
295534
249110
173119
341848
422686
27291
237657
293314
330113
295330
153008
286232
49826
34191
2570
295629
22708
475573
209175
27701
275974
12863
416781
29580
287052
32020
274981
442130
330116
303071
255784
40321
295908
260737
34819
135543
3049
292803
235182
31539
235616
29473
328688
29722
86541
294975
401332
434380
34790
236004
40228
27806
21739
29357
87237
381170
28232
15312
41940
324762
270044
44153
298256
28622
286285
234247
214576
289646
12951
330674
196721
20387
290422
6559
35811
288645
297078
186943
15801
28057
202782
4083
35134
101368
394111
258431
324371
281874
30357
28683
154643
335427
60526
71682
29831
213025
203962
250004
39330
133301
482102
14767
271657
330764
458832
257819
41252
486234
19893
331547
254663
229322
441823
251155
18814
24219
287329
101586
70999
274285
223717
281900
28327
30709
28796
202092
29151
38344
21974
222063
80509
282800
271854
2945
279195
390332
486251
328846
368563
292100
66056
260177
440132
207367
379371
236009
327319
8552
328872
643
12945
277870
280231
387587
10406
22948
46425
249966
457986
379345
389223
440273
24777
324474
307770
22117
272930
247456
33483
133086
259879
24867
234912
14802
283604
4691
65493
28237
74208
196580
200388
142827
289471
286149
360232
328135
2605
11434
436579
312945
256488
192580
482074
302602
236835
35444
307488
250604
153963
209207
486361
23575
4352
273062
486538
289681
287663
138749
252210
28394
1761
276305
439694
330055
275839
276926
427078
29744
1323
206737
329396
220038
33027
2662
29820
252316
280158
273874
170002
390853
29028
289900
28767
244118
331272
5547
274266
397932
271744
35241
259220
265917
265130
402299
276573
23010
425182
287131
3596
490385
2266
423037
87312
331218
291826
133919
389267
23566
512
35353
246654
142822
283968
224246
250901
141936
370848
244748
436548
158902
89830
347976
320978
2154
27446
244719
331719
266704
391654
87072
86860
216250
292447
279736
131328
4980
241931
271891
399660
268797
313977
3906
161119
386816
26088
44186
29609
22564
440086
300404
383431
20047
201322
384726
431266
22768
150270
208286
252391
132208
30155
170515
373043
269699
379071
33869
5598
276503
246563
119675
313076
52312
268395
443549
3879
34674
3092
309954
248778
439709
482475
2114
44218
24096
254898
455873
448614
28919
4269
27054
95780
2033
249311
293233
221992
5048
153272
43636
243014
13445
226576
169673
117896
274432
354445
41596
205830
295456
270088
30032
439911
272336
213408
28219
218875
216107
26542
20437
258320
5378
297992
290758
13052
38249
156718
3311
314618
123240
393242
44075
159842
444
257989
117581
274943
282807
250874
30052
439856
277626
6221
311549
22626
172222
379214
195451
19172
10211
236017
182281
482256
290853
294759
21938
6523
290026
32656
3485
7142
21623
28197
265512
29989
122399
279361
29070
133037
28240
392203
19111
455818
329277
259672
268037
27546
41108
138471
4272
336955
297199
295441
210323
252918
276293
489597
28088
2258
101524
192416
8983
196137
206536
258568
391007
332268
246551
27627
393311
295212
274961
273806
292957
1541
42829
490288
3527
4113
2108
333881
182628
22109
1011
338439
331487
4515
433409
300318
329776
180189
28650
425495
3406
383215
458081
24868
296158
123110
152699
389124
389886
36416
41329
137
358706
140340
485799
383198
20407
293117
28204
44190
19974
88367
482072
154457
333663
73777
1776
2565
29622
143768
22584
28771
458174
378964
244216
71514
374815
29118
6904
86564
272969
22554
274346
234457
217256
131098
390323
435546
467207
28908
391252
254495
489698
2326
295438
275349
27706
312095
324679
28694
2436
6766
256509
88512
6390
186146
260714
181860
159777
8392
29914
404074
271617
441771
428698
273915
250719
100117
18590
389717
28130
266627
486479
439811
268903
25220
204524
393767
329655
371737
271814
8543
389800
22363
272998
4940
18353
334206
189270
271603
291014
286593
41220
271946
259542
27135
458125
341186
29405
96211
272197
18803
272548
311337
219675
273403
29586
29058
28109
29135
250474
21874
219662
29873
7524
259045
1574
313345
4587
27038
212411
57029
132226
353
2409
4189
348025
99961
18962
314576
34694
34145
7906
273174
330745
206159
203866
29890
216257
69751
222303
204834
39054
25844
423099
27184
305750
308126
7726
227361
283914
130388
272321
227605
272356
266215
22990
388973
210305
178246
259521
485070
249586
24117
48686
389579
289698
26783
254114
272030
389243
296470
4533
253875
7329
156914
3820
439850
159956
218409
279308
318331
27199
4714
124373
138434
297482
9052
290960
210018
279603
251638
1421
246009
182746
278357
277634
227738
260926
38384
485803
28685
253648
930
281885
648
28643
20181
22218
336087
490329
258622
34056
30246
45141
440552
210875
236656
251621
152941
33477
68157
277668
361
290044
340257
223744
292492
453372
341719
9648
296876
24186
489725
268925
440165
10305
260838
38608
240885
29666
266301
270091
66264
30262
172923
338718
36169
140158
266716
212846
119162
41372
5
18888
192991
440025
30205
485037
2657
29845
459629
34235
7373
18705
28308
288949
111904
249474
292345
41265
28020
235123
485793
126193
309975
2815
426344
224076
18125
432110
1976
272130
490314
279898
274816
291482
378937
308134
10756
28058
64579
41502
45121
275266
248019
103413
30162
272264
395598
19187
329403
30102
389787
377046
235385
22682
20071
27681
289584
286863
83981
391267
22233
101316
274708
145278
30061
21846
490372
273142
182440
236969
121878
4479
172346
104900
244518
300281
275446
471968
490312
28252
165974
222536
306302
173058
6839
28265
41274
209327
29933
209931
389181
490270
182145
294159
9002
253424
202331
197534
229108
311439
482242
331064
338284
1186
219813
372203
292145
5241
268863
24196
333349
36758
28474
333124
129840
4222
12194
28947
32883
296071
22776
149029
255322
242315
214746
294693
275934
3988
293255
4347
278577
16831
60590
27183
2580
329123
379425
194538
34079
21094
20916
212297
378993
210352
208125
422907
808
210745
277217
258637
58882
259614
440548
216511
393827
292942
2095
3227
329963
26614
260256
220333
123366
19834
384023
200446
6105
30179
277705
425574
255607
277699
233529
37666
242791
182931
296976
65979
1104
23998
244912
30039
301900
23916
29163
386749
124728
272368
24734
311874
29802
393452
45563
275106
371557
213064
31263
289329
288960
482236
23932
261122
36834
212066
239041
475658
29564
399624
290802
77017
276414
241700
356778
53259
248827
29027
38037
29856
23705
353838
196598
8294
14413
245851
30963
5381
87720
250214
310822
195898
27348
311696
239793
46754
259421
285322
436717
28099
196005
3196
316438
273571
214765
245261
313169
277582
5305
245746
398543
9213
4465
490335
288721
290774
4283
440169
28896
30016
3110
277136
245830
258973
27372
139418
19306
458254
44591
173826
29145
158211
293321
36715
475721
395281
279542
2871
288508
307846
249225
261045
19016
1514
65906
33779
597
14092
45131
4372
489680
55075
240830
85083
4793
482126
7013
25612
389693
443
4138
214344
276137
23695
201338
23279
305152
280075
439693
227260
276856
5662
29495
474449
46232
235020
339281
274890
287475
257837
12459
2161
265610
282242
25298
234801
318259
185026
426290
3510
30051
280842
291291
462977
469918
29631
440181
220204
7141
382638
196472
149438
202322
171314
337666
292027
17461
482105
256087
405761
255848
166501
146984
392436
141276
45316
30466
41421
1131
275698
3624
439701
322968
4651
6952
27947
135619
334413
8256
74335
25760
128512
653
6919
28584
155896
21830
281642
6834
379002
976
44176
425467
486484
242917
183043
28147
257474
235407
482331
262300
27889
289680
28579
30072
251445
390397
298875
121122
274926
290692
23869
422959
4071
209294
380914
25794
31630
2931
337238
247957
440085
278578
149870
477813
105343
22795
57093
273836
2284
297477
239354
27447
389890
440138
284446
44763
295397
271642
422801
23978
423002
28654
1963
243085
427589
294623
29517
482116
398001
207052
205798
240062
360569
178424
319204
439878
29342
275511
335315
289747
241604
42967
26513
275265
333499
220895
416972
236074
43871
7457
398185
29296
78250
302831
399
28048
425687
292510
35094
250980
5114
342275
147208
234944
180337
271784
379357
3250
24750
1129
253142
142132
137966
195932
489700
275158
1457
214574
221235
29874
340378
254144
29353
272462
384234
4467
87553
277236
246965
30138
277812
392625
291109
272389
425279
2651
341574
249363
42247
269993
31056
25306
30251
489740
271944
133075
35117
38438
330160
359573
328360
4593
23173
13912
297949
167913
485801
21667
250989
28121
3982
4454
215481
236868
35084
12926
279485
253102
200859
30602
318567
269649
24201
276383
49884
40828
210676
245210
256910
274829
247767
22413
425949
287146
389209
172674
383758
24030
339640
379158
370336
25259
329658
30120
260943
246967
288567
259903
21435
286830
346759
166524
286680
15537
183102
34874
439928
316861
247582
19355
75856
87062
490269
295252
41904
30153
10247
24596
4114
38342
287810
251420
29489
100940
265929
4494
6655
229308
253533
29997
282556
283573
441054
25547
33284
87662
291247
379266
290884
44529
358794
41479
290578
104919
334861
269815
282743
217216
101525
154776
251593
13694
29733
379004
2464
277683
485819
268691
322
35039
248163
28969
82661
25559
267131
156113
285620
288980
29582
348782
487021
393955
27670
29938
180458
1777
247039
335249
5291
489668
20929
7165
7070
330677
28203
88212
2734
19806
425181
196325
39265
234003
431239
261739
30169
21444
238044
400253
29801
24848
440026
272253
295860
27839
268027
478832
243091
228797
45676
19182
26730
291037
235700
260521
33831
289739
9392
270484
2025
29594
13944
23693
116942
400954
291762
6645
430736
282303
392089
381717
188734
112632
371682
2437
280784
259795
3131
258846
316885
24680
269245
291917
329631
485545
39469
29846
371575
13886
195061
18503
275989
12967
34706
214134
289590
1948
329582
795
27762
288179
794
336743
271715
396243
407846
5107
214593
302791
30745
957
290620
232728
27853
260590
129136
264680
25632
341377
261226
345443
222093
282694
288474
489667
27804
502
296625
399829
210196
104368
186678
285993
379170
137746
227258
42101
342703
28721
441903
379115
275426
252080
119343
383203
252034
171399
292687
187470
431343
831
208619
291575
158776
389157
35817
255044
282711
16228
9257
27103
128663
19080
275411
21762
22337
7884
260039
139127
200423
88349
46716
217318
52526
158827
1571
290534
291442
905
41603
120151
18630
247218
335454
23608
490345
28999
52
1451
274810
38607
218665
11935
405029
29170
7472
3152
1940
257067
1641
86382
358888
188105
379442
16711
18742
379011
274237
190450
333380
30084
22119
9287
282093
475909
3440
41622
4428
278922
21071
2018
27396
245446
244235
9901
262021
34511
425534
3179
7286
486324
1593
30249
44379
217759
25548
473722
301173
248721
12838
29855
260362
358632
2206
68819
32912
359633
265786
44141
32087
270569
200763
298
218639
281714
284503
390882
489652
44220
233799
27557
371592
260786
18522
315189
2171
334789
244549
260456
2611
219658
275082
294120
88761
203
331208
23942
45734
248755
10762
390253
216089
21757
293517
153226
489681
131618
289706
30195
435
18802
198138
220312
223689
262345
259441
371610
293771
222887
217616
4896
291713
292016
228
218286
273570
7281
29196
255649
156195
52356
102136
27769
296915
439805
28291
219793
296082
393320
1956
196884
245355
873
46019
389848
141054
334274
390058
197638
397450
245395
200188
10294
18474
241282
290847
371614
72235
157442
439660
489683
236401
325512
271974
129415
29395
139695
132584
290813
343942
259295
29431
101141
157190
196219
440523
4215
1262
169542
298728
28235
334198
21645
299167
331841
173286
238213
25321
440501
290251
197552
273379
359831
3126
206404
282888
24627
28071
440063
440702
278646
30045
273350
33225
28986
170023
130002
28173
343095
266485
248769
296520
71935
27624
100065
292056
4266
27120
19073
28833
260164
195249
266867
256034
3118
458189
286006
277886
439775
72173
247203
288249
486526
293565
289082
27427
7214
1351
14155
2720
4325
296971
155547
21096
379402
396856
28366
27186
330776
457683
39046
40796
378231
38993
30008
28144
244393
352201
259258
344831
390398
2942
279733
257765
28876
458052
33344
231287
309164
21587
59812
490268
2551
271775
398221
202257
24262
275434
345333
26995
259924
18652
280913
121920
30099
27682
396529
386774
260042
392032
389
46016
89940
330045
31665
260587
329675
209429
2314
33421
202337
28688
3124
29939
279594
22225
3158
297512
296338
482639
234455
3667
30105
333223
2339
8385
159185
390372
98
260716
1061
26954
215667
21671
303059
195877
34102
390906
439692
2785
269928
169234
46189
3224
14825
439877
2870
159453
4337
486309
371997
252718
23257
3193
180687
34891
183042
1741
257925
34374
10753
489677
9911
286394
45558
102765
22602
132788
28561
316928
253335
21787
244190
271062
282081
296566
30166
42163
169755
24031
390674
316153
132803
352311
259470
343319
328305
459543
271740
5246
278974
14455
430772
34346
28242
16422
272468
276721
21629
381
85442
290669
2966
35827
60041
490298
264899
180052
7319
86482
1752
265264
41780
207534
488364
473730
439702
487141
142655
2856
144218
456184
30071
147052
337240
30211
391737
290035
24662
89579
30928
4173
29768
285783
485457
24125
196585
29783
134929
22742
235547
297768
45472
472804
261606
246391
197568
36885
318710
36544
2545
4871
27897
143167
26944
210489
266668
349174
260618
259638
222465
388932
226708
35687
130148
331182
35790
18072
117294
246863
7729
383182
24481
127560
277449
30660
52265
34302
423030
33490
486478
297074
489605
300697
26207
146332
272223
390057
290530
18579
32506
203208
137858
390355
33326
102205
13036
239865
475320
29095
227281
329194
267473
458088
43977
30028
257790
22530
35789
486662
371688
439920
270975
234204
439993
101504
337613
227274
133551
10661
153039
37199
2443
5027
27801
29629
27217
4146
28189
42100
153014
279400
268307
195461
299073
210815
458147
28375
313651
334999
34411
29525
11175
476925
264036
24231
398608
276367
397413
274049
188516
290725
14547
274329
3020
393248
22847
208601
251152
440187
86373
215034
227704
1508
280254
24842
27990
29471
286495
25849
21535
290876
274995
22560
7091
130227
9086
28023
45602
347081
24397
4517
332474
436667
28792
206238
330487
35738
196577
30199
28995
331805
238817
240586
392504
181074
23928
152796
46477
275943
279865
133211
441431
296191
266515
212742
424
469963
25148
391038
286399
294885
29553
291593
439919
2402
162554
372357
301719
177539
318925
254169
458154
3294
263161
212927
271670
248559
207432
284770
213397
227250
40989
356689
193041
34581
331142
355894
4654
335190
3929
290791
1116
311948
281805
220362
240668
32825
26833
37213
240627
37638
208955
347939
6720
440585
270783
340436
41864
291624
299774
251794
275654
181430
387724
13849
140
276429
24807
3460
255398
458441
325732
358759
25720
482078
29344
207004
132613
19131
27123
371615
29274
256035
439827
289106
148913
332844
39725
170905
118400
158717
272675
166944
440587
251003
17958
196638
21853
15868
15819
284686
253090
482549
238038
249594
29659
177194
309395
290804
196013
248772
489696
291326
218233
143818
419851
103610
34173
270278
245537
442974
7044
289707
2251
321740
423078
227918
50841
21617
400464
302287
338508
371544
359030
102305
101692
253564
259626
138512
289662
289456
34113
352374
28524
29432
196596
392113
41915
196189
211455
436686
43081
283283
373627
425970
235074
26043
45039
219527
172411
182912
38261
38049
10116
417338
190650
544
287826
25117
489650
331565
109329
304790
2277
261043
288312
10281
90181
482165
3059
415380
277585
21978
4834
284033
22094
30965
86437
34083
490272
26713
151546
227642
271950
33691
1314
392075
256025
27136
273769
482113
88216
474216
281086
18714
426080
297372
28236
293716
391636
268564
272251
143804
326799
278444
478285
18634
277955
27041
160131
211850
458171
291504
3433
294020
24350
276389
261329
20144
251087
5021
119747
23720
333943
274542
322453
489621
319660
485795
29810
471608
261384
316894
475379
327442
41779
345891
20521
289810
482523
440009
34612
23165
42195
271819
2756
490267
332793
268895
38172
316000
273405
88795
306903
461481
28494
309520
425352
21440
22216
702
36501
4383
6799
388886
251890
331133
240299
43784
31324
275800
29002
482224
247510
12145
409595
58214
439851
217337
6994
290720
233080
109600
423672
34520
38792
88364
10
133694
467412
8211
28630
251228
133825
75315
4769
34659
254914
36241
440199
174068
4420
235338
225405
280013
10153
250030
25191
45124
351553
258935
20944
66
30012
226994
23049
477109
20841
288206
272078
216386
490361
404295
281969
21904
277713
138617
35749
130883
218657
57174
400451
486359
337074
181689
234422
399997
28761
384461
34428
293635
25203
64911
30059
1971
28791
29847
5316
332855
333323
333597
18974
294761
378931
29132
350435
182563
252481
250193
282932
333233
320355
247670
335830
260159
2368
27159
29358
24551
341243
280943
331907
338175
331
318846
29059
341211
277719
157426
336205
86646
21669
22256
70371
30063
40537
38433
39093
351579
3830
44261
4336
33764
296837
25527
209650
21740
6065
210048
439980
439921
334464
482123
276504
168789
244536
14910
289248
232293
387835
34365
26743
29584
168478
272770
24343
228930
329136
4159
132789
6483
29045
371846
22616
8924
195663
4913
39473
271644
2020
27969
23747
371630
3770
261570
34339
68454
298199
222830
332006
333284
18972
26928
24283
233860
64962
280560
993
123211
7353
1090
290905
34977
197960
24643
212568
46005
247695
41506
280029
6844
485798
396863
250786
132785
28209
43777
428639
5053
279188
273175
121662
222178
293023
276155
291779
325487
9925
277373
489602
29148
426241
100348
10984
181009
358650
277250
5031
200383
220923
271578
46401
293378
10409
246713
35691
419997
214554
335754
122738
24950
3404
1639
275526
35661
399941
119177
271774
33856
371598
384918
27968
260627
237772
18651
2344
486080
212861
262707
29210
248266
22501
41854
224354
182340
567
247788
328602
246718
380
10474
45513
276296
234972
440824
266448
374855
297440
32588
87773
277308
29267
441297
46181
296181
1568
114054
296043
439898
28382
26579
26696
2902
3093
409488
294708
472753
3399
133593
158251
389100
251904
272460
22835
126534
440325
211211
3159
1062
258771
29945
41122
29497
288737
45161
207621
27757
3261
2131
21932
490257
43831
255822
290442
41656
29069
485384
46654
299381
30141
24244
151174
116749
434429
319512
312536
289244
482310
30057
249310
154378
117180
31178
301646
40546
38248
34087
271934
299399
230296
383308
74718
378894
12616
27545
371570
439721
63514
379161
2136
4103
271717
390335
68971
391693
297196
26040
490250
274255
167971
33808
390108
301527
2238
275608
294295
291463
261022
143877
294826
391375
62876
29760
229292
24789
306548
296770
25296
22758
297033
5434
33452
305925
475715
195753
32518
197728
241152
370185
22306
387308
483995
490274
386890
165042
30066
490300
324305
27445
30929
276572
171484
1682
27365
208445
28222
252941
33645
378957
390068
335639
389536
3973
3921
65308
49309
423038
12815
332314
309092
260227
139926
26587
202606
26147
6402
20313
24088
247625
28626
331961
28489
312204
589
33903
486910
246237
221041
330707
37892
125580
41451
85162
157452
265347
4974
439922
27913
233813
471825
240044
103551
15295
184172
288114
268304
40577
358609
5083
415865
41678
29798
295289
10141
200695
30270
3789
4449
182434
288282
24001
433257
486636
7598
439675
211131
266767
368
389757
67912
358714
350054
41424
209989
32331
251002
24742
213943
29658
257120
276826
24082
14663
41925
26775
378883
225297
344671
2445
28405
86439
143766
18936
230169
103581
153729
371590
3272
35242
259547
248353
482221
371545
29442
305754
241334
313570
87532
17851
205421
27832
208991
1970
281793
334841
384871
32804
125857
389552
131530
4765
102574
379094
249386
320896
2375
14798
277501
379278
10800
23296
29385
225956
274011
196288
348786
33692
20837
104540
360075
148039
205996
260647
238455
28663
3619
489651
246513
273659
27344
229107
486203
317947
73682
294709
299906
200327
6095
143788
286296
34901
39703
142095
489638
249695
220330
272905
1401
28897
4645
1529
143977
100144
143761
331007
322752
12051
3128
199964
25119
335229
252321
205341
28354
18625
16660
284252
389478
275869
426145
404761
347512
22548
255701
38762
197554
5098
249648
287226
233181
26722
27591
250256
3979
27943
28877
27375
490327
28110
264096
286349
29490
286622
276043
379136
41271
251710
277638
23758
332667
21184
293096
22126
78875
319038
25610
196330
27444
371563
378901
261071
179011
259567
12831
489722
228903
192111
4615
275864
325831
6370
10600
482171
393991
219946
193688
220946
29738
181933
28646
16775
390816
24601
28160
486175
296860
154906
17604
28549
248337
2647
485038
275272
260545
275720
79983
75467
95512
440028
326477
458079
390165
445045
4583
18494
322294
332756
34356
27945
274589
46053
20943
220328
396102
389704
274399
393810
279751
30571
299292
360747
174256
337604
2462
2053
29301
29037
249479
287359
221298
28935
288192
253614
29814
248907
30204
27061
440686
172
126885
376607
8911
219581
457983
10152
34533
32646
21591
441113
45423
30210
352945
28085
371635
261679
293931
233083
272570
486185
133370
140243
490418
261064
379084
249548
247138
25285
490271
119185
16234
272115
84073
12677
390949
7660
90760
275393
389280
2766
255877
142872
81793
260690
29189
26017
29870
260925
676
297382
138876
278783
130752
379302
261738
6877
486442
316825
374846
4312
293761
396413
25788
147946
29647
20522
207263
21135
398647
41562
490249
272948
38151
258324
389615
335391
34483
445582
28753
29090
15694
482366
258893
46509
30184
24210
386861
234441
277599
292405
291503
132178
34779
204969
4487
28480
443392
288669
98668
247265
28123
293811
278924
192706
258985
38910
386833
251149
28614
312593
248843
202504
392326
21450
>un
475149
389169
16783
482566
308628
440038
148779
490580
392147
338080
390261
473489
470307
661
478968
391520
441616
441529
439946
486866
486638
467012
380114
467711
487008
486622
332336
335450
486629
441777
378999
306013
240454
441121
440572
286104
458230
486195
467742
192893
426391
325307
390551
1843
321310
452096
391708
473758
482883
392442
273536
480608
391785
380871
383297
490282
472151
432064
292174
439809
459366
470159
441373
490641
426372
369901
450055
488250
122932
379108
437049
415944
436935
381258
458090
440495
470147
480987
315924
486537
302596
455357
384744
393068
275549
394255
471930
392020
489070
470405
450207
473333
418003
474544
339072
398330
392479
358777
459050
436958
410948
318804
386831
447882
473852
432030
442564
389869
296922
353092
441641
459018
3035
474570
475105
394459
391935
476198
398648
298745
458030
385822
467043
467009
427056
482638
390445
472935
220975
476420
470546
489607
379701
422834
371604
472856
488135
442976
399806
391943
395218
474046
473125
159754
470192
397466
389048
450206
393817
486211
490019
323213
404570
471121
435447
182042
466752
371667
439918
391707
392684
410746
257354
272976
455548
428374
473569
470261
486207
33776
440366
246435
441253
364837
436689
479260
450050
441775
431314
8362
208936
391815
473488
146696
471741
393346
392044
389259
426727
467008
490479
441162
458914
391834
393047
439929
332810
440079
486865
276348
476105
472251
41923
390293
436734
393843
391642
391945
490321
482314
395957
475027
365961
371595
392914
213203
474896
423047
482338
392268
322015
394862
288128
426257
391260
325445
448198
438091
473237
458887
489789
475227
186
384323
441437
261025
439813
354426
467834
441425
381810
384657
389847
341781
482342
309533
484055
392302
432012
247762
300416
29221
458386
441453
458748
473614
444951
336831
324279
29868
458364
487859
440006
436890
393107
486654
441228
298310
428551
445108
486577
467002
24641
458074
391623
390596
385096
489625
471916
392176
397749
28077
221253
474802
441773
390753
354610
440114
86447
440786
458226
488626
467003
223980
226037
410958
29941
384149
425436
389746
482540
458094
472795
384081
431477
380580
469093
445729
394084
439872
391774
319516
441633
390672
28063
484179
471829
361788
478860
425988
471786
468853
485454
441547
427239
441060
482813
474584
486641
431898
466772
361793
474641
441085
485295
392433
440295
396400
426232
490451
472765
486241
475004
471622
482211
465834
86901
293315
442696
26586
441807
458471
458648
458038
359301
474415
31752
466578
328601
273196
481514
479633
372389
373622
470263
317559
393710
336204
393979
474333
490258
432152
459081
441845
468219
373036
395871
389647
467858
482617
469106
485533
489617
440051
475373
304931
484219
441367
392107
486339
482583
391867
490471
391777
416097
440689
474097
474733
489846
392730
474792
403024
441806
474481
486502
390980
466910
486602
443193
439934
472617
473863
395740
471623
474571
474765
390170
455354
472989
474629
393945
390405
440106
394340
473206
472119
441709
466673
440144
455364
361657
390166
360872
489645
439824
486430
458067
486794
391905
443357
470887
420123
458053
472063
245513
391858
415349
442273
427157
438590
86523
482543
482266
436978
440073
486446
398723
486552
28251
473069
379587
392143
389421
289852
436678
392515
400534
465586
472866
486677
320183
470372
475199
475262
279821
490375
394167
486190
431935
474033
318359
398985
467005
124800
394098
471931
331313
275810
28371
458399
30806
391607
432155
209150
395990
440586
327990
289918
474909
436937
480461
341955
238081
441316
393972
471780
391649
440226
392261
490301
471790
393008
260594
391645
441039
475562
404541
408304
476050
391633
102230
486253
472470
483132
456307
482843
432117
467021
426397
486758
439870
349553
403476
658
123101
391589
389348
391700
473147
391918
393818
391927
446013
410647
467090
436948
359582
489774
397498
423042
486573
316213
442086
413257
486392
450212
1967
260904
431301
383217
342680
467004
489639
486883
479873
472975
470001
490379
21065
389332
441546
391071
472749
426696
467740
441874
485644
414917
348074
480753
395273
477616
459057
458139
472778
385005
391754
100023
471344
10708
285021
441423
474841
488132
439777
389146
351377
432002
482669
291158
322735
431968
488569
471756
393044
476981
436792
138832
482993
468092
6932
319659
460472
412745
475603
395285
383283
486884
379939
391207
259910
485925
391796
397246
381181
379870
391698
442195
443050
268105
470023
394074
458115
410956
394071
486634
422265
473870
426528
392187
416010
475494
426530
393916
486827
442048
390684
371622
32563
290771
490590
297250
2215
487050
472264
487548
470534
489792
434856
426276
489734
>part
>ku
390880
391139
441535
428764
246584
>uu
459275
463090
469114
450209
450205
469118
438624
374551
411203
450210
450208
472499
411208
469117
411207
395751
486576
33456
395753
442962
3077
458891
395345
443002
442973
393798
395791
442971
383859
442961
442966
442967
395737
441716
395981
395983
394070
384691
444458
482842
395756
394110
465399
444513
444456
437158
486620
398722
390081
486633
395761
490442
395873
59999
395872
459606
395759
444457
385183
386454
395760
395925
459576
459544
394109
398733
437150
317248
486643
395758
393944
441884
459613
459250
439247
453344
453358
395015
451538
414045
410951
450052
410952
469096
463030
450053
450056
469098
367149
450049
469097
410955
450054
469099
450051
438591
482935
395718
442942
426804
489351
394210
441870
436969
36062
>kn
38901
6712
39974
28689
28336
263913
29429
257404
469937
3074
275452
32800
306954
46176
4863
4628
334535
234502
210447
249115
1387
286353
316592
439782
33919
23684
220912
290320
41261
482104
89572
280068
34641
476813
126976
247473
426361
289818
294951
240473
45044
319719
23788
157545
274811
200497
35345
339812
216027
275489
30849
18709
291062
275831
255723
33360
44202
38813
263464
348326
282092
27674
37371
143817
272870
29812
2976
41998
29998
146194
103650
97885
439987
249232
288726
20873
4261
245976
88793
290868
38017
28275
486
90787
289795
479526
22623
250703
259121
8
346654
686
333406
439720
41739
34359
29842
6375
33401
248906
262056
4258
132006
136458
277857
474462
273102
279287
195916
198803
237064
42855
325800
29187
34702
18026
2654
390807
275036
288897
490366
109074
335942
261389
238973
332452
24176
3200
312323
209349
386752
44231
489665
6824
336045
273254
45683
323925
126404
44249
208465
1
460005
17166
29644
87417
2937
207767
29424
2845
279070
486258
234274
4676
200916
6676
282751
3862
1517
45201
16716
489591
38888
279907
392484
362118
249986
220242
196558
927
44226
486383
326167
218820
245867
19027
244705
4827
100068
440055
134911
282560
386792
2745
29476
58836
277680
100113
272024
136093
273053
329353
140619
339676
317668
258371
259191
286408
20108
260153
335252
270259
246493
340658
33881
288696
157119
258927
180013
335875
482110
26581
236081
24547
16148
341608
38832
21613
37210
45436
31203
30010
133330
282184
175403
248615
265744
35754
339542
245724
25608
27393
38450
290086
24670
856
290857
379101
68163
311972
273375
212789
28212
330109
235137
277906
398119
489656
262
252171
277533
177724
239675
337038
196275
89515
305816
439752
251476
28468
41463
206250
334581
138259
343110
202715
13787
329083
333388
289914
29703
273333
420865
10414
273706
16974
171378
439690
3217
486226
212908
208714
21549
440067
26908
43152
291832
181767
439931
440507
426936
291569
2608
307932
27063
291235
243234
30234
273204
3458
1182
331964
486353
159552
254985
254979
217787
34342
217354
288212
325325
4128
272748
39723
232930
390161
32314
371552
252009
38868
206764
23834
10665
260577
333849
425703
196295
1155
1485
788
352239
28811
27582
458387
77133
241205
70666
62886
10516
269657
193040
439669
188544
268672
20242
288510
422969
112765
48638
262453
280103
56769
439801
246996
218515
236553
271178
287443
196382
131150
279805
270530
271222
490273
422695
135965
194466
294821
159684
290182
351688
28101
436539
272430
249861
46488
335660
475712
277518
277735
383180
276092
368890
482096
440142
376269
4342
24838
126873
283879
22451
21162
24255
482217
34319
20249
95452
125770
25125
3960
200608
7454
315052
259751
28193
295284
28587
29821
371603
88796
362054
33970
341948
286598
305108
273671
214454
87611
271922
265806
268710
263177
207907
386769
200516
28227
359377
280069
272569
431965
27908
271745
28438
830
4933
202653
292050
3935
28231
29482
21500
221239
86410
17708
333118
379376
307515
103439
271770
296382
297096
131443
363404
206934
16898
358649
260114
28922
389435
276018
122466
21981
21912
316473
3969
38746
92705
29114
70690
277354
425492
288805
41890
266264
121658
287837
216321
359154
140761
256765
295063
25157
212813
247566
142112
2121
315909
205601
27210
12900
250866
27335
248334
136791
21814
334138
3248
294908
386807
30156
260538
277498
259170
44207
20948
29597
186185
236513
23926
290786
295241
271711
22665
46539
267439
276024
276133
10265
29714
2418
428905
141021
292001
470599
45233
27035
182396
1526
12654
330731
241365
211477
490420
154570
272498
359004
45151
28839
9563
331784
1418
21529
358691
490350
272533
197486
441469
40370
2180
31374
311344
4081
194339
390347
8684
258739
439940
741
244068
271674
331588
998
2806
139115
4757
156558
273049
291688
1838
291777
260288
439751
439825
379156
28777
140568
234191
292503
23825
263189
250552
28297
182574
291499
31239
3974
32884
20889
276109
336625
256927
196480
191749
485843
29346
441817
198414
272801
2125
259653
290079
1231
24829
38802
212889
57199
261027
28393
30504
100399
2948
456078
45539
290516
247764
18517
332505
389992
2103
10709
145535
389712
272414
36507
379086
386789
41475
282257
233117
276325
419479
344148
193094
239329
489598
248042
7821
197640
293696
25683
277878
268041
277687
348374
29590
2433
2787
303231
172947
410189
334918
290110
323087
259095
21105
321937
458000
12925
289929
43778
439875
380433
21965
265125
159651
218473
440659
269061
486164
206379
371597
443000
14313
399042
285723
28904
383230
274950
284906
331051
432480
38330
221688
138238
57286
266811
378890
196666
6667
336563
330510
29366
1070
45371
3117
244179
272185
407440
127058
39095
379159
297222
287977
29192
440348
246956
120475
141157
294783
39472
249146
398371
17537
168965
255858
268000
291868
292040
210334
24242
253559
288245
180622
44213
389247
23047
295013
28349
261218
30088
34329
268521
288159
200766
251227
29236
423186
46044
343607
490296
18565
6609
44227
12468
74982
476519
267410
18556
276356
273170
127405
33207
6529
383207
341434
21482
342177
22398
489612
489660
3863
21469
14064
331392
185680
251655
297023
89888
158361
277327
168
258955
44201
22473
3444
178
233082
291274
29866
3992
217116
38165
141083
490474
211096
233879
261818
216313
2212
99996
156282
390865
212983
275281
389251
392505
397471
260314
18845
234266
29324
25311
196345
212469
242072
234965
254845
275554
490276
3303
21501
157904
32842
323595
34261
315560
159028
431334
1056
378921
272747
102072
20770
385020
10433
38773
41744
273152
25937
136648
10530
293628
38193
27107
289819
474453
264255
248360
260282
38016
332295
312893
207894
428996
384746
208883
1258
21075
286309
276859
2313
261676
250425
185518
21864
2254
30041
326411
329243
425284
15343
482360
29816
381662
28874
323997
644
3360
247542
288374
297956
219497
273662
391794
4009
295306
101274
44508
257236
274847
117037
1355
217222
18626
200783
261620
27789
21698
23452
787
317636
374865
174372
255150
19039
3459
10510
188851
26719
232400
258785
246304
28328
318310
319530
248440
207311
98775
208750
24332
485026
221452
250631
236795
265716
274089
104959
248606
180734
28891
41891
456388
276271
3085
439648
371964
29214
331626
5121
34208
182785
103615
357792
440414
41077
103202
316418
25648
131408
383918
21439
25137
277958
222328
125465
30191
249752
181290
212688
195628
299312
185453
86406
9043
257052
363960
279
24540
359991
253578
61018
30060
27338
38527
8012
2055
244047
196595
41063
417427
247453
8655
486340
292672
471921
288718
99
339491
103382
317261
275780
290022
2080
294138
227925
270632
484819
22347
38887
247564
440265
218940
489604
28668
157105
440970
14796
22240
4558
273538
285076
458152
3746
196532
222338
288381
196332
18946
87046
290810
289306
116683
29829
172720
35306
1716
4219
326263
305990
1272
140601
272025
29430
136116
482111
182927
272582
379082
225898
29702
390685
21612
289583
16973
29389
287173
259976
255025
290353
398690
10728
239141
238343
21880
237099
246127
20829
301148
354760
2044
290414
4561
261004
383219
289915
37531
49041
142187
28955
271897
475107
251174
757
89048
36524
427321
297862
260770
603
439727
3514
228046
218848
458106
274146
28883
288642
121918
17665
208034
244512
154511
260539
25779
295124
4777
391719
23067
251804
18516
55872
292465
358700
86589
310642
427014
486244
227924
102761
383251
360596
45137
43745
256926
341742
25042
33285
37320
196701
23739
27218
22479
153061
400294
222241
490364
250438
28399
29128
196150
35828
16773
30085
248637
196110
422997
15701
28500
148877
378951
3488
251934
4665
289346
6949
18213
261920
45159
486449
292401
286407
27711
21662
389709
28852
218381
29872
328870
379375
103986
279194
23963
29241
150319
250492
215641
284792
116721
378898
281379
302724
2454
149720
387042
167537
373672
347360
38055
439846
6988
272397
330700
371580
426204
30837
89310
28228
39086
41450
7271
247844
30068
41
3014
146283
39968
482239
10721
29652
3532
236127
38474
279690
270874
43278
4292
391959
153372
426558
88078
641
2962
44183
46397
209774
41152
235898
260335
296221
481953
328851
259673
896
251716
242413
293142
335347
249096
114116
24790
76649
294664
297097
2903
425777
196630
34587
46270
260703
247956
27886
29071
2786
29373
38912
293266
288369
251242
340818
25504
181473
316628
3941
480556
45225
25848
196328
301827
394300
274001
391592
249164
3798
41803
262252
18
250419
247824
334031
18539
1167
1393
390983
22723
162025
342487
31175
249555
347398
216528
5567
372235
274553
41540
279310
284480
329022
390083
726
2509
278560
40292
282499
22130
38816
439874
307455
377071
103546
426637
358702
254739
34920
30013
29561
290953
33857
158769
8856
134053
279256
6967
52583
204831
246869
329515
16528
38087
290704
209750
329322
275003
295205
208919
209041
323892
263514
331640
178798
428652
269011
482596
100290
347545
4498
254784
5286
28420
458370
253
26688
490389
474138
379269
267061
29043
290727
33765
103560
258545
194127
154136
37249
260767
391577
247951
7919
482385
341204
28492
30496
379181
200971
436738
33171
3705
16766
23125
262547
487411
20415
22116
1620
38963
290975
38851
25903
2241
31941
35670
22264
485702
28052
31395
291192
28844
486619
123843
298947
206505
1583
30130
10987
422634
258
215860
14638
390756
122725
293605
41746
291776
439737
79466
246440
241134
371656
10279
31325
246750
280725
34871
10093
249349
12829
262635
89912
393497
29683
34183
234368
351273
386758
29457
290116
229342
248391
389700
440021
261270
196239
26870
259026
3759
7066
290003
452636
216227
44245
489705
46367
318
157711
289630
260144
7562
27442
389983
30158
24521
292739
21911
272139
288630
222584
21848
343986
289716
391033
217027
141864
32889
227983
101591
37380
296088
1273
451
332941
389126
2969
34885
268582
17977
34242
269736
104491
181959
4418
180546
196045
485669
42126
312233
18892
107646
298433
241387
3065
312170
261984
222867
27250
2718
153405
236650
458176
8752
276466
151940
29950
195092
263862
227583
117365
38976
295791
181237
282284
482129
257762
379067
4550
390634
439745
43824
267014
272527
195635
276736
287982
291595
30100
206949
4580
276255
309053
180182
239583
278726
241484
11473
291758
68617
136973
38951
46636
331583
275942
1000
248504
440619
179091
331489
3955
259197
372459
300594
207619
59167
3925
10222
196538
477065
190984
441613
482287
490401
268462
181641
35089
4438
322738
2118
29689
219648
252255
1022
282900
196574
103674
25593
38238
219627
784
20865
103748
143763
457987
21145
12407
490339
24642
4619
36785
182962
6118
29655
244820
187554
28140
259516
325350
30110
2213
320571
271898
292208
215069
46778
383185
45063
263553
270999
3072
156919
195625
30241
3213
33870
27900
196592
347444
490256
1260
300271
33721
377134
259876
457980
263002
473172
196484
292082
28638
3544
186066
400
209419
285969
41593
284710
284688
209005
296864
29975
221271
27687
245938
306026
205625
36560
3757
26595
247761
9394
30688
393802
292297
440505
13705
28507
476867
332522
482444
419039
482619
132634
482357
22596
168680
27385
234700
17
31018
37692
110
288765
30049
244168
2210
259498
293754
272981
182769
490394
288728
37613
34131
202774
646
249142
29743
290610
439963
329203
295533
277024
250267
12665
4263
441542
118004
475768
282706
42191
27951
4351
29778
284944
24624
227
74084
261906
142729
290407
41719
806
252785
38155
231395
29867
425292
275973
24685
30116
38269
258589
476828
7838
178818
29897
38578
23844
28712
273584
1605
379575
236067
114362
29500
9075
422827
29524
29304
245297
268527
386865
3465
260084
8681
175989
209679
490447
255539
258939
459653
196173
254027
211762
30119
425977
19274
371631
22521
490293
196943
10508
1465
301626
260374
254297
24174
228067
426212
296169
455474
252063
383241
202966
4848
290908
393918
28484
272727
44736
154581
289387
245577
23095
248478
29182
216590
41453
482713
182053
386838
40655
180063
45179
261182
289657
6743
213991
148748
163
13148
20365
31748
194486
27404
217312
258530
413275
88704
41072
181862
217161
272427
387734
19133
319175
394593
20914
334648
24495
38241
248380
218582
34002
302013
383426
266341
32595
289427
128165
253927
23876
209385
43212
41647
3243
431913
42805
294173
334300
37932
117809
34692
267377
272920
20755
22724
16769
193099
281464
277916
246432
8142
258300
379007
971
345385
198264
255332
41044
41840
220922
34776
3091
343951
46746
272312
294478
317557
280199
3616
275436
258204
208004
34212
392177
391470
472719
245741
254530
121265
432071
443049
280175
41687
458138
490280
321654
291743
2050
1311
100622
284649
196399
21202
24119
5110
181050
27578
482399
153758
395650
10299
21118
23085
288809
358671
388249
22806
273755
380435
274853
371579
41583
394930
258910
307620
89474
278458
12481
252862
29025
23686
275963
21109
285906
317186
19298
445088
472223
10763
10314
231400
133851
371609
761
259702
1775
276277
1415
31256
277897
37660
104744
368982
112933
337232
275648
280083
23809
248656
340211
294753
282351
379154
212991
628
330692
158264
200723
17235
270525
440436
9621
402393
40909
205169
330536
34459
41433
159024
383192
270866
5731
291828
172897
131266
295105
29608
28585
347009
288733
15125
482154
196581
25339
214504
34064
276016
46701
291979
422886
182359
392667
412319
4364
37332
297964
154660
299062
158231
27589
439695
281738
280230
276338
168257
389894
143716
60720
42072
35389
269248
289832
277792
261780
267812
36699
330087
323805
192303
117541
298091
291607
279782
313695
26272
28518
157770
371641
29924
26940
371546
251322
229287
225505
208723
338476
6696
9239
46932
270065
318841
379251
5390
275555
124502
29900
22270
27716
239355
61526
2060
426128
210403
74670
34126
3981
29087
10699
22453
220334
12508
27871
25366
242646
110220
246990
29484
46514
332661
105218
274894
20634
2475
380801
60906
43331
272568
227945
326125
218851
273958
132325
300095
30035
260009
267478
27735
28853
394228
275841
266312
298274
23352
29830
243658
121691
390957
38229
24724
235081
212763
27844
276405
440151
391967
11747
26553
159895
331129
266575
490291
1287
241056
29150
28770
10091
422979
328806
2261
249391
205707
440140
469663
226284
272866
233009
430710
181852
31129
102367
489589
402409
101034
479145
329810
304382
319347
459162
159965
237103
148425
485422
27606
383263
297883
440321
428571
353875
3874
49942
154087
23811
4745
253345
209933
246693
260893
24159
287921
418731
249809
131038
17185
486601
240434
196220
148946
212703
482557
271071
350514
487298
140380
23845
30113
2395
65021
378913
209265
272443
288785
415218
20866
159915
291059
181485
244209
440915
117709
248188
17519
468228
270681
425090
245357
2160
24816
34497
289936
290614
482073
41166
343952
3986
279823
283857
303534
3229
411188
833
245739
392646
28298
28528
548
390169
26510
490262
238043
301020
20954
96010
24748
102407
436906
25594
28300
28639
490253
391013
330525
22213
28234
379366
30501
260360
379221
148155
1845
289669
1025
207047
336238
276747
328831
4375
12966
24593
3555
37214
42767
480076
7723
21300
239962
2811
330496
367887
12758
474510
45374
19082
482231
21749
27064
300795
249005
200898
136224
371612
426736
426706
29685
28000
181624
382600
273147
241656
458102
197387
158669
387108
5061
262059
277413
276337
218889
236068
247037
287892
10160
181721
284592
335112
28808
205266
168688
4407
4756
300
116418
405359
30005
34404
14022
289992
8245
425599
337691
486218
4646
258065
279437
14526
274824
439986
402384
290655
20764
151293
40667
335641
263539
33878
301740
21950
460436
372826
30200
18939
288860
277349
3999
25556
422657
4206
482278
394288
239117
223946
30133
154312
329605
182650
288898
389061
14063
288894
582
341248
247935
184163
81562
476856
490289
432111
241073
29094
426571
388529
21299
29735
33797
23685
273765
21793
321138
271868
24040
4257
275071
23662
219139
42040
31686
18638
490317
3496
5540
246402
202665
439855
270283
29194
474737
391538
259671
259321
218434
17510
8538
294882
247669
193539
30118
222825
330070
238254
274581
37984
28456
27949
35064
296985
370334
258352
24142
276063
213000
314245
486257
81144
150373
347777
156452
240839
28278
275428
28940
200370
283045
292075
425976
486506
279923
20396
29906
490294
263396
20818
259609
222310
248445
28357
482119
390986
33220
214950
338275
28347
207872
19169
269213
307022
2810
396537
340195
2305
4545
46732
279839
220982
178947
379129
29270
212208
188413
20845
233837
203556
30435
102365
28506
272206
426052
490369
439939
280038
274366
259254
132237
378235
290166
297109
394
30173
28196
5068
31008
27481
423621
338790
24765
482189
296409
233470
277661
389540
5903
23156
46529
2645
29974
283682
262327
327675
130952
15680
2197
194594
42944
27539
5323
181008
10865
28693
389224
31192
271817
236443
485397
687
29159
28756
275397
29110
403486
268922
155687
10742
826
249934
271756
129481
206901
312650
34775
44526
5265
291461
21454
247470
25568
207683
339755
489619
216101
179747
36769
620
156895
397307
12746
5088
208946
196464
42249
10504
236256
22252
136238
203921
43415
260162
39874
358643
490331
439814
103262
251494
202358
1786
29923
434411
289800
134072
46480
271956
293181
272357
24886
305318
384171
246552
335460
329667
475060
27391
21596
288741
64557
150701
116713
389984
297976
35483
304088
46198
34213
5353
30478
9745
296366
29677
3711
210882
256858
274846
391283
333022
159860
486454
67949
38469
622
338021
280062
45580
217764
41800
5718
21198
1635
1237
289131
136366
309336
324550
476000
29780
10169
215115
4929
29513
18759
326535
8180
218048
379006
38376
29317
28850
171514
22266
295009
290027
21048
871
291928
314378
29960
27663
490263
4528
196544
45815
153625
255971
39053
334444
335477
378962
490299
103534
688
157778
245500
260760
290924
75259
249110
295534
401339
341848
173119
422686
27291
237657
330113
293314
286232
153008
295330
49826
34191
2570
295629
22708
475573
209175
27701
275974
29580
416781
12863
287052
32020
274981
442130
330116
303071
255784
295908
40321
260737
3049
135543
34819
292803
235182
31539
235616
29473
328688
29722
401332
294975
86541
434380
236004
34790
40228
21739
27806
29357
87237
381170
28232
15312
41940
270044
324762
44153
28622
298256
286285
234247
214576
289646
12951
330674
20387
196721
6559
290422
288645
35811
297078
186943
15801
28057
202782
4083
35134
101368
258431
394111
324371
281874
30357
28683
335427
154643
29831
71682
60526
213025
203962
39330
250004
271657
14767
482102
133301
458832
330764
41252
257819
19893
486234
254663
331547
229322
251155
441823
287329
24219
18814
70999
101586
274285
223717
281900
28327
30709
28796
202092
29151
222063
21974
38344
80509
282800
271854
2945
390332
279195
328846
486251
368563
292100
440132
260177
66056
207367
236009
379371
327319
8552
328872
643
12945
277870
280231
387587
22948
10406
249966
46425
379345
457986
440273
389223
24777
22117
307770
324474
247456
272930
33483
133086
259879
24867
234912
283604
14802
65493
4691
28237
196580
74208
200388
289471
142827
360232
286149
328135
11434
2605
256488
312945
436579
302602
482074
192580
236835
307488
35444
250604
153963
486361
209207
23575
4352
486538
273062
287663
289681
138749
252210
28394
276305
1761
275839
330055
439694
1323
29744
427078
276926
329396
206737
220038
33027
2662
29820
252316
280158
273874
170002
390853
289900
29028
28767
274266
5547
331272
244118
397932
35241
271744
259220
265917
265130
402299
276573
23010
425182
287131
3596
490385
2266
423037
87312
331218
291826
133919
389267
23566
512
35353
246654
142822
283968
224246
250901
141936
370848
244748
436548
158902
89830
347976
320978
2154
27446
244719
331719
266704
391654
87072
86860
216250
292447
279736
131328
4980
241931
271891
399660
268797
313977
3906
161119
386816
26088
44186
29609
22564
440086
300404
383431
20047
201322
384726
431266
22768
150270
208286
252391
132208
30155
170515
373043
269699
379071
33869
5598
276503
246563
119675
313076
52312
268395
443549
3879
34674
3092
309954
248778
439709
482475
2114
44218
24096
254898
455873
448614
28919
4269
27054
95780
2033
249311
293233
221992
5048
153272
43636
243014
13445
226576
169673
117896
274432
354445
41596
205830
295456
270088
30032
439911
272336
213408
28219
218875
216107
26542
20437
258320
5378
297992
290758
13052
38249
156718
3311
314618
123240
393242
44075
159842
444
257989
117581
274943
282807
250874
30052
439856
277626
6221
311549
22626
172222
379214
195451
19172
10211
236017
182281
482256
290853
294759
21938
6523
290026
32656
3485
7142
21623
28197
265512
29989
122399
279361
29070
133037
28240
392203
19111
455818
329277
259672
268037
27546
41108
138471
4272
336955
297199
295441
210323
252918
276293
489597
28088
2258
101524
192416
8983
196137
206536
258568
391007
332268
246551
27627
393311
295212
274961
273806
292957
1541
42829
490288
3527
4113
2108
333881
182628
22109
1011
338439
331487
4515
433409
300318
329776
180189
28650
425495
3406
383215
458081
24868
296158
123110
152699
389124
389886
36416
41329
137
358706
140340
485799
383198
20407
293117
28204
44190
19974
88367
482072
154457
333663
73777
1776
2565
29622
143768
22584
28771
458174
378964
244216
71514
374815
29118
6904
86564
272969
22554
274346
234457
217256
131098
390323
435546
467207
28908
391252
254495
489698
2326
295438
275349
27706
312095
324679
28694
2436
6766
256509
88512
6390
186146
260714
181860
159777
8392
29914
404074
271617
441771
428698
273915
250719
100117
18590
389717
28130
266627
486479
439811
268903
25220
204524
393767
329655
371737
271814
8543
389800
22363
272998
4940
18353
334206
189270
271603
291014
286593
41220
271946
259542
27135
458125
341186
29405
96211
272197
18803
272548
311337
219675
273403
29586
29058
28109
29135
250474
21874
219662
29873
7524
259045
1574
313345
4587
27038
212411
57029
132226
353
2409
4189
348025
99961
18962
314576
34694
34145
7906
273174
330745
206159
203866
29890
216257
69751
222303
204834
39054
25844
423099
27184
305750
308126
7726
227361
283914
130388
272321
227605
272356
266215
22990
388973
210305
178246
259521
485070
249586
24117
48686
389579
289698
26783
254114
272030
389243
296470
4533
253875
7329
156914
3820
439850
159956
218409
279308
318331
27199
4714
124373
138434
297482
9052
290960
210018
279603
251638
1421
246009
182746
278357
277634
227738
260926
38384
485803
28685
253648
930
281885
648
28643
20181
22218
336087
490329
258622
34056
30246
45141
440552
210875
236656
251621
152941
33477
68157
277668
361
290044
340257
223744
292492
453372
341719
9648
296876
24186
489725
268925
440165
10305
260838
38608
240885
29666
266301
270091
66264
30262
172923
338718
36169
140158
266716
212846
119162
41372
5
18888
192991
440025
30205
485037
2657
29845
459629
34235
7373
18705
28308
288949
111904
249474
292345
41265
28020
235123
485793
126193
309975
2815
426344
224076
18125
432110
1976
272130
490314
279898
274816
291482
378937
308134
10756
28058
64579
41502
45121
275266
248019
103413
30162
272264
395598
19187
329403
30102
389787
377046
235385
22682
20071
27681
289584
286863
83981
391267
22233
101316
274708
145278
30061
21846
490372
273142
182440
236969
121878
4479
172346
104900
244518
300281
275446
471968
490312
28252
165974
222536
306302
173058
6839
28265
41274
209327
29933
209931
389181
490270
182145
294159
9002
253424
202331
197534
229108
311439
482242
331064
338284
1186
219813
372203
292145
5241
268863
24196
333349
36758
28474
333124
129840
4222
12194
28947
32883
296071
22776
149029
255322
242315
214746
294693
275934
3988
293255
4347
278577
16831
60590
27183
2580
329123
379425
194538
34079
21094
20916
212297
378993
210352
208125
422907
808
210745
277217
258637
58882
259614
440548
216511
393827
292942
2095
3227
329963
26614
260256
220333
123366
19834
384023
200446
6105
30179
277705
425574
255607
277699
233529
37666
242791
182931
296976
65979
1104
23998
244912
30039
301900
23916
29163
386749
124728
272368
24734
311874
29802
393452
45563
275106
371557
213064
31263
289329
288960
482236
23932
261122
36834
212066
239041
475658
29564
399624
290802
77017
276414
241700
356778
53259
248827
29027
38037
29856
23705
353838
196598
8294
14413
245851
30963
5381
87720
250214
310822
195898
27348
311696
239793
46754
259421
285322
436717
28099
196005
3196
316438
273571
214765
245261
313169
277582
5305
245746
398543
9213
4465
490335
288721
290774
4283
440169
28896
30016
3110
277136
245830
258973
27372
139418
19306
458254
44591
173826
29145
158211
293321
36715
475721
395281
279542
2871
288508
307846
249225
261045
19016
1514
65906
33779
597
14092
45131
4372
489680
55075
240830
85083
4793
482126
7013
25612
389693
4138
443
214344
23695
276137
23279
201338
280075
305152
439693
227260
276856
5662
474449
29495
46232
339281
235020
274890
287475
257837
12459
2161
265610
25298
282242
234801
185026
318259
426290
3510
30051
291291
280842
462977
469918
7141
220204
440181
29631
382638
196472
149438
202322
171314
337666
292027
17461
482105
256087
405761
255848
166501
146984
30466
45316
141276
392436
41421
322968
439701
3624
275698
1131
4651
6952
27947
334413
135619
8256
74335
25760
653
128512
6919
155896
28584
21830
379002
6834
281642
976
44176
425467
486484
242917
183043
28147
257474
482331
235407
262300
27889
289680
30072
28579
121122
298875
390397
251445
290692
274926
422959
23869
209294
4071
380914
31630
25794
2931
337238
247957
440085
278578
149870
477813
105343
22795
57093
273836
2284
239354
297477
27447
389890
284446
440138
44763
295397
271642
422801
23978
423002
28654
1963
243085
427589
294623
398001
482116
29517
207052
205798
360569
240062
178424
319204
439878
29342
275511
335315
289747
42967
241604
26513
333499
275265
416972
220895
236074
7457
43871
398185
29296
78250
399
302831
28048
292510
425687
35094
250980
5114
342275
234944
147208
180337
271784
3250
379357
24750
253142
1129
142132
137966
489700
195932
275158
1457
221235
214574
340378
29874
29353
254144
384234
272462
4467
87553
277236
246965
277812
30138
392625
291109
425279
272389
2651
249363
341574
42247
269993
25306
31056
30251
133075
271944
489740
35117
330160
38438
328360
359573
23173
4593
13912
297949
167913
21667
485801
250989
28121
3982
4454
215481
35084
236868
12926
253102
279485
200859
30602
318567
269649
24201
276383
49884
40828
210676
256910
245210
274829
247767
22413
287146
425949
389209
172674
383758
339640
24030
379158
370336
329658
25259
30120
260943
246967
259903
288567
21435
346759
286830
166524
286680
15537
183102
34874
316861
439928
19355
247582
75856
87062
295252
490269
30153
41904
10247
24596
287810
38342
4114
100940
29489
251420
265929
4494
6655
229308
253533
29997
282556
441054
283573
25547
87662
33284
379266
291247
44529
290884
358794
290578
41479
104919
269815
334861
217216
282743
251593
154776
101525
13694
29733
379004
2464
277683
485819
268691
322
35039
248163
28969
25559
82661
267131
156113
285620
288980
29582
348782
487021
393955
27670
180458
29938
247039
1777
335249
489668
5291
20929
330677
7070
7165
88212
28203
19806
2734
425181
39265
196325
234003
261739
431239
30169
21444
238044
400253
440026
24848
29801
272253
27839
295860
268027
478832
228797
243091
45676
26730
19182
291037
260521
235700
33831
289739
9392
2025
270484
29594
13944
23693
116942
400954
291762
6645
282303
430736
392089
381717
188734
371682
112632
2437
280784
3131
259795
316885
258846
291917
269245
24680
39469
485545
329631
371575
29846
13886
18503
195061
34706
12967
275989
1948
289590
214134
329582
795
27762
288179
794
336743
271715
396243
407846
5107
214593
302791
30745
290620
957
129136
260590
27853
232728
264680
261226
341377
25632
345443
282694
222093
489667
288474
27804
502
399829
296625
210196
104368
186678
285993
137746
379170
227258
42101
342703
28721
441903
275426
379115
252080
119343
383203
252034
171399
187470
292687
831
431343
208619
291575
389157
158776
35817
255044
282711
16228
27103
9257
128663
19080
275411
21762
7884
22337
139127
260039
46716
88349
200423
217318
1571
158827
52526
290534
291442
905
41603
18630
120151
335454
247218
23608
490345
52
28999
1451
274810
218665
38607
405029
11935
29170
7472
3152
257067
1940
1641
86382
358888
188105
16711
379442
18742
379011
274237
333380
190450
30084
22119
9287
282093
475909
3440
4428
41622
278922
27396
2018
21071
245446
9901
244235
425534
34511
262021
3179
7286
30249
1593
486324
44379
217759
25548
301173
473722
12838
248721
29855
358632
260362
2206
68819
32912
359633
44141
265786
32087
200763
270569
281714
218639
298
284503
390882
489652
44220
233799
27557
371592
260786
315189
18522
334789
2171
260456
244549
219658
2611
275082
294120
203
88761
23942
331208
45734
10762
248755
293517
21757
216089
390253
153226
489681
131618
289706
30195
198138
18802
435
220312
223689
371610
259441
262345
217616
222887
293771
4896
291713
228
292016
273570
218286
7281
29196
156195
255649
52356
27769
102136
296915
439805
219793
28291
393320
296082
1956
196884
245355
389848
46019
873
141054
334274
390058
197638
397450
245395
200188
18474
10294
290847
241282
371614
72235
157442
439660
489683
236401
325512
129415
271974
29395
290813
132584
139695
343942
259295
29431
101141
157190
196219
440523
4215
169542
1262
298728
334198
28235
21645
173286
331841
299167
25321
238213
290251
440501
273379
197552
359831
3126
282888
206404
28071
24627
440063
440702
278646
33225
273350
30045
170023
28986
130002
28173
343095
266485
296520
248769
71935
27624
4266
292056
100065
27120
19073
28833
195249
260164
266867
256034
3118
458189
286006
277886
72173
439775
247203
288249
293565
486526
289082
27427
7214
1351
2720
14155
4325
296971
21096
155547
379402
28366
396856
330776
27186
457683
40796
39046
378231
38993
30008
28144
352201
244393
344831
259258
390398
2942
279733
28876
257765
458052
33344
21587
309164
231287
59812
490268
398221
271775
2551
202257
24262
275434
26995
345333
18652
259924
280913
121920
30099
396529
27682
386774
260042
389
392032
46016
330045
89940
31665
329675
260587
209429
2314
33421
202337
28688
3124
29939
279594
22225
3158
297512
482639
296338
3667
234455
2339
333223
30105
8385
159185
390372
98
260716
1061
26954
303059
21671
215667
390906
34102
195877
439692
169234
269928
2785
3224
46189
14825
159453
2870
439877
486309
4337
252718
371997
23257
3193
34891
180687
183042
1741
257925
10753
34374
9911
489677
286394
45558
102765
22602
132788
28561
316928
21787
253335
244190
296566
282081
271062
42163
30166
169755
132803
316153
390674
24031
352311
259470
328305
343319
459543
271740
14455
278974
5246
430772
28242
34346
16422
276721
272468
21629
85442
381
290669
2966
35827
490298
60041
264899
180052
7319
1752
86482
41780
265264
488364
207534
473730
439702
487141
142655
456184
144218
2856
30071
147052
337240
391737
30211
24662
290035
30928
89579
4173
29768
285783
485457
24125
196585
29783
134929
22742
235547
297768
472804
45472
261606
246391
197568
318710
36885
2545
36544
27897
4871
143167
26944
210489
349174
266668
222465
259638
260618
388932
226708
35687
35790
331182
130148
18072
117294
246863
383182
7729
24481
127560
277449
30660
52265
34302
423030
33490
300697
489605
297074
486478
26207
146332
390057
272223
290530
32506
18579
203208
137858
390355
33326
13036
102205
239865
475320
29095
227281
329194
43977
458088
267473
22530
257790
30028
486662
35789
371688
439920
270975
439993
234204
101504
227274
337613
133551
10661
153039
37199
2443
5027
27801
29629
27217
4146
28189
153014
42100
195461
268307
279400
299073
210815
458147
313651
28375
334999
34411
29525
11175
24231
264036
476925
398608
276367
397413
274049
290725
188516
14547
3020
274329
393248
22847
208601
251152
86373
440187
1508
227704
215034
24842
280254
29471
27990
286495
25849
21535
290876
274995
22560
7091
28023
9086
130227
45602
24397
347081
4517
332474
436667
28792
330487
206238
30199
196577
35738
331805
28995
238817
23928
181074
392504
240586
152796
46477
275943
133211
279865
441431
296191
266515
212742
424
469963
25148
286399
391038
294885
291593
29553
439919
2402
162554
372357
301719
318925
177539
254169
458154
263161
3294
212927
271670
248559
207432
284770
227250
213397
356689
40989
331142
34581
193041
335190
4654
355894
3929
290791
1116
311948
220362
281805
240668
32825
37213
26833
240627
37638
208955
347939
340436
270783
440585
6720
299774
291624
41864
181430
275654
251794
13849
387724
140
24807
276429
255398
3460
458441
325732
358759
25720
482078
207004
29344
132613
19131
27123
371615
439827
256035
29274
148913
289106
332844
118400
170905
39725
166944
272675
158717
440587
251003
21853
196638
17958
284686
15819
15868
253090
482549
238038
29659
249594
177194
290804
309395
196013
248772
489696
143818
218233
291326
419851
34173
103610
270278
245537
7044
442974
321740
2251
289707
423078
227918
21617
50841
400464
302287
338508
371544
359030
101692
102305
253564
289662
138512
259626
289456
34113
352374
29432
28524
196596
392113
41915
211455
196189
436686
43081
425970
373627
283283
235074
45039
26043
219527
172411
182912
38261
38049
10116
417338
190650
544
25117
287826
489650
331565
109329
304790
2277
288312
261043
10281
90181
3059
482165
21978
277585
415380
4834
30965
22094
284033
34083
86437
490272
151546
26713
271950
227642
1314
33691
392075
256025
27136
273769
482113
88216
474216
281086
18714
426080
297372
28236
268564
391636
293716
272251
143804
278444
326799
18634
478285
277955
27041
160131
211850
458171
291504
3433
294020
24350
276389
261329
20144
251087
23720
119747
5021
274542
333943
322453
319660
489621
485795
261384
471608
29810
316894
475379
327442
41779
345891
289810
20521
34612
440009
482523
23165
42195
271819
2756
490267
332793
268895
316000
38172
273405
306903
88795
461481
28494
309520
425352
702
22216
21440
36501
4383
6799
251890
388886
331133
240299
43784
31324
275800
482224
29002
247510
12145
409595
58214
439851
217337
290720
6994
233080
109600
423672
38792
34520
88364
8211
467412
133694
10
28630
251228
4769
75315
133825
254914
34659
36241
174068
440199
4420
225405
235338
280013
10153
250030
25191
258935
351553
45124
30012
66
20944
23049
226994
20841
477109
216386
272078
288206
490361
281969
404295
21904
277713
35749
138617
130883
218657
400451
57174
486359
181689
337074
234422
28761
399997
293635
34428
384461
25203
64911
30059
28791
1971
5316
29847
332855
333323
333597
378931
294761
18974
29132
182563
350435
250193
252481
282932
333233
320355
247670
260159
335830
2368
27159
29358
24551
341243
280943
331907
338175
331
341211
29059
318846
277719
336205
157426
22256
21669
86646
40537
30063
70371
39093
38433
351579
44261
3830
33764
4336
21740
209650
25527
296837
6065
210048
439921
439980
334464
482123
276504
168789
244536
14910
289248
232293
387835
34365
29584
26743
168478
272770
24343
228930
329136
4159
6483
132789
29045
371846
22616
195663
8924
4913
39473
271644
2020
23747
27969
3770
371630
261570
68454
34339
332006
222830
298199
333284
18972
26928
24283
64962
233860
280560
1090
7353
123211
993
34977
290905
197960
212568
24643
46005
247695
280029
41506
6844
485798
28209
132785
250786
396863
43777
428639
5053
279188
273175
222178
121662
293023
291779
276155
325487
9925
277373
489602
29148
100348
426241
10984
181009
358650
277250
5031
46401
271578
220923
200383
10409
293378
35691
246713
419997
214554
24950
122738
335754
275526
1639
3404
35661
399941
119177
271774
33856
371598
384918
27968
237772
260627
18651
2344
486080
212861
29210
262707
22501
248266
41854
224354
182340
247788
567
328602
246718
380
45513
10474
276296
374855
266448
440824
234972
297440
32588
87773
277308
46181
441297
29267
296181
1568
296043
114054
28382
439898
2902
26696
26579
3093
294708
409488
3399
472753
133593
158251
251904
389100
22835
272460
126534
440325
211211
1062
3159
258771
41122
29945
288737
29497
45161
207621
27757
3261
2131
21932
490257
43831
290442
255822
41656
29069
46654
485384
299381
30141
24244
151174
116749
312536
319512
434429
289244
482310
30057
249310
154378
117180
301646
31178
38248
40546
34087
299399
271934
74718
383308
230296
378894
27545
12616
371570
439721
63514
379161
2136
4103
271717
390335
297196
391693
68971
26040
490250
274255
167971
33808
390108
301527
2238
275608
294295
291463
261022
143877
294826
391375
62876
29760
24789
229292
306548
25296
296770
297033
22758
5434
33452
475715
305925
195753
32518
197728
241152
22306
370185
387308
386890
490274
483995
165042
324305
490300
30066
30929
27445
276572
171484
1682
27365
208445
28222
252941
33645
378957
390068
389536
335639
3973
3921
65308
49309
12815
423038
309092
332314
260227
139926
26587
202606
26147
6402
20313
247625
24088
331961
28626
28489
312204
589
33903
246237
486910
125580
37892
330707
221041
41451
85162
157452
265347
4974
27913
439922
233813
471825
240044
15295
103551
184172
40577
268304
288114
358609
5083
415865
41678
295289
29798
10141
30270
200695
3789
182434
4449
433257
24001
288282
486636
211131
439675
7598
368
266767
389757
67912
358714
350054
209989
41424
251002
32331
24742
29658
213943
257120
276826
24082
14663
41925
26775
378883
225297
344671
86439
28405
2445
143766
18936
230169
3272
371590
153729
103581
248353
259547
35242
305754
29442
371545
482221
241334
313570
17851
87532
205421
208991
27832
1970
281793
334841
384871
32804
125857
4765
131530
389552
379094
102574
249386
2375
320896
14798
277501
379278
10800
23296
225956
29385
274011
348786
196288
33692
104540
20837
148039
360075
205996
260647
238455
3619
28663
246513
489651
273659
27344
229107
73682
317947
486203
294709
299906
6095
200327
286296
143788
34901
142095
39703
489638
249695
220330
1401
272905
28897
4645
1529
143977
100144
322752
331007
143761
3128
12051
199964
25119
335229
252321
205341
28354
18625
16660
426145
275869
389478
284252
347512
404761
22548
255701
38762
249648
5098
197554
233181
287226
26722
27591
250256
3979
490327
27375
28877
27943
28110
264096
286349
29490
286622
276043
379136
251710
41271
277638
23758
332667
21184
22126
293096
78875
319038
25610
196330
27444
371563
378901
261071
179011
259567
228903
489722
12831
4615
192111
325831
275864
10600
6370
393991
482171
219946
28646
181933
29738
220946
193688
16775
390816
28160
24601
154906
296860
486175
28549
17604
485038
2647
248337
275272
260545
275720
79983
95512
75467
440028
326477
458079
390165
445045
4583
332756
322294
18494
27945
34356
274589
46053
20943
220328
389704
396102
274399
393810
279751
30571
299292
337604
174256
360747
29301
2053
2462
29037
249479
221298
287359
288192
28935
253614
29814
30204
248907
27061
440686
172
126885
8911
376607
219581
10152
457983
34533
32646
441113
21591
45423
28085
352945
30210
261679
371635
293931
233083
272570
486185
490418
140243
133370
261064
379084
249548
25285
247138
119185
490271
84073
272115
16234
7660
390949
12677
90760
275393
389280
2766
142872
255877
260690
81793
29189
26017
260925
29870
676
297382
138876
278783
130752
379302
261738
6877
486442
374846
316825
293761
4312
396413
147946
25788
29647
207263
20522
398647
21135
41562
490249
272948
38151
34483
335391
389615
258324
445582
28753
29090
15694
482366
258893
46509
30184
24210
386861
234441
277599
292405
291503
204969
34779
132178
28480
4487
443392
288669
247265
98668
28123
293811
258985
192706
278924
38910
386833
28614
251149
312593
248843
21450
392326
202504
>un
475149
389169
16783
482566
308628
440038
148779
490580
392147
338080
390261
473489
470307
661
478968
391520
441616
441529
439946
486866
486638
467012
380114
467711
487008
486622
332336
335450
486629
441777
378999
306013
240454
441121
440572
286104
458230
486195
467742
426391
192893
325307
390551
1843
321310
452096
391708
473758
482883
392442
273536
480608
391785
380871
383297
490282
472151
432064
292174
439809
459366
441373
470159
490641
426372
369901
450055
488250
122932
379108
437049
415944
436935
381258
458090
440495
470147
480987
315924
486537
302596
384744
455357
393068
275549
394255
471930
392020
489070
470405
450207
473333
418003
474544
339072
398330
392479
358777
459050
436958
410948
318804
386831
447882
473852
432030
442564
389869
296922
353092
441641
459018
3035
474570
475105
394459
391935
476198
398648
298745
458030
385822
467043
467009
427056
482638
390445
472935
220975
476420
470546
489607
379701
422834
371604
472856
488135
442976
399806
391943
395218
474046
473125
159754
470192
397466
389048
450206
393817
486211
490019
323213
404570
471121
435447
182042
466752
371667
439918
391707
392684
410746
257354
272976
455548
428374
473569
470261
486207
33776
440366
246435
441253
364837
436689
479260
450050
441775
431314
8362
208936
391815
473488
146696
471741
393346
392044
389259
426727
467008
490479
441162
458914
391834
393047
439929
332810
440079
486865
276348
476105
472251
41923
390293
436734
393843
391642
391945
490321
482314
395957
475027
365961
371595
392914
213203
474896
423047
482338
392268
322015
394862
288128
426257
391260
325445
448198
438091
473237
458887
489789
475227
186
384323
441437
261025
439813
467834
354426
441425
381810
384657
389847
341781
482342
309533
484055
392302
432012
247762
300416
29221
458386
441453
458748
473614
444951
336831
324279
29868
458364
487859
440006
436890
393107
486654
441228
298310
428551
445108
486577
467002
24641
458074
391623
390596
385096
489625
471916
392176
28077
397749
221253
474802
441773
390753
354610
440114
86447
440786
458226
488626
467003
223980
226037
410958
29941
384149
425436
389746
482540
458094
472795
384081
431477
380580
469093
445729
394084
439872
391774
319516
441633
390672
28063
484179
471829
361788
478860
425988
471786
468853
485454
441547
427239
441060
482813
474584
486641
466772
431898
361793
474641
441085
485295
392433
440295
396400
426232
490451
472765
486241
475004
471622
482211
465834
86901
293315
442696
26586
441807
458471
458648
458038
359301
474415
31752
466578
328601
273196
481514
479633
372389
373622
470263
317559
393710
336204
393979
474333
490258
432152
459081
441845
468219
373036
395871
389647
467858
482617
469106
485533
489617
440051
475373
304931
484219
441367
392107
486339
482583
391867
490471
391777
416097
440689
474097
474733
489846
392730
474792
403024
441806
474481
486502
390980
466910
486602
443193
439934
472617
473863
395740
471623
474571
474765
390170
455354
472989
474629
393945
390405
440106
394340
473206
472119
441709
466673
455364
440144
361657
390166
360872
489645
439824
486430
458067
486794
391905
443357
470887
420123
458053
472063
245513
391858
415349
442273
438590
427157
86523
482543
482266
436978
440073
486446
398723
486552
28251
473069
379587
392143
389421
289852
436678
392515
400534
465586
472866
486677
320183
470372
475199
475262
490375
279821
394167
486190
431935
474033
318359
398985
467005
124800
394098
471931
331313
28371
275810
458399
30806
391607
432155
209150
395990
440586
327990
289918
474909
436937
480461
238081
341955
441316
393972
471780
391649
440226
392261
490301
471790
393008
260594
391645
441039
475562
404541
476050
408304
391633
102230
486253
472470
483132
456307
482843
432117
467021
426397
486758
439870
349553
403476
658
123101
391589
389348
391700
473147
393818
391918
391927
446013
410647
467090
359582
436948
489774
397498
423042
486573
316213
442086
413257
486392
450212
1967
260904
431301
383217
342680
467004
489639
486883
479873
472975
470001
490379
21065
389332
441546
391071
472749
426696
467740
441874
485644
414917
348074
480753
395273
477616
459057
458139
472778
385005
391754
100023
471344
10708
285021
441423
474841
488132
439777
389146
351377
432002
482669
291158
322735
431968
488569
471756
393044
476981
436792
138832
482993
468092
6932
319659
460472
412745
475603
395285
383283
379939
486884
391207
259910
485925
391796
397246
381181
379870
391698
442195
443050
268105
470023
394074
458115
410956
394071
486634
422265
473870
426528
392187
416010
475494
426530
393916
486827
442048
390684
371622
32563
290771
297250
490590
2215
472264
487050
487548
470534
489792
434856
426276
489734
