>id 1234|Hs|cgap||microdissected|mammary gland|neoplasia||tissue
>part
>ku
>uu
612356
614563
678201
678760
566737
614596
561969
721961
612355
614562
613863
543640
604659
738133
604470
534724
547710
566676
604654
624358
604462
668382
410450
668468
635293
436033
603909
>kn
478275
484741
18192
529053
523262
664054
741411
69747
485158
519672
258429
465643
654543
446017
5662
117938
531081
349096
471200
562227
714477
508725
194408
517331
26904
153934
484813
567612
521924
504877
645535
729062
523299
655378
474397
401388
567374
2324
524390
163113
705517
536663
618430
654550
528432
591495
656959
508835
76277
85195
688313
518525
195740
12420
465709
490203
588655
416073
107387
558364
519075
524690
326953
190977
619315
699841
502745
11067
605153
408018
460
460109
740399
517249
471119
86045
514495
437178
7946
619396
388004
194329
372616
571886
523789
512675
469473
506947
531856
503546
567235
155827
471104
433419
436383
153299
174050
741169
533566
521086
21938
546288
134846
201446
632237
102406
24557
356545
631724
356377
183706
511605
62209
405913
445893
740377
520943
476093
1968
61438
489355
474053
381126
512973
15961
193832
518249
21639
515162
711490
8102
409925
567501
10862
365116
126561
9061
104476
6168
645317
497626
449585
631728
207538
535192
703523
731454
122908
248141
406013
438429
325978
520348
332197
65238
149098
652390
371617
376617
743767
591456
288772
406620
518119
519873
73793
183850
440968
632401
631602
418175
162121
728799
489873
4055
494614
21590
436585
591482
130036
410970
370408
150837
85539
632717
632041
207631
31387
409662
337766
194110
471851
212395
515472
213470
36587
381061
525557
103934
516522
741531
129673
187569
433701
720286
35096
490287
439309
369646
534307
591610
75639
514220
192784
46894
741280
740386
371720
643951
11615
156178
370504
116471
32417
656457
75841
473583
246112
289347
662922
743242
356654
300772
729508
724025
546286
456557
109752
533655
421848
146602
277721
160958
163484
355264
103183
44017
731853
522257
743243
713636
378103
624245
133892
514870
484188
464438
280130
533355
631558
654400
532755
227777
578109
631544
509343
468972
520026
433343
655168
504062
632166
355935
516948
133397
644326
477015
643780
350194
472667
471014
252713
532315
463928
90107
709550
143600
430435
500013
295137
483305
123119
297389
502875
534579
546584
437594
591095
50252
23650
194385
375217
532359
542050
535464
111903
111779
155829
528834
522928
61812
227729
531182
529901
741365
108957
34136
484288
607212
139896
369761
4749
26899
648394
387208
639609
82222
113157
434340
162200
424126
9914
522610
380953
26010
481022
470417
459106
631926
658566
49582
275775
655131
740407
447506
652741
646005
434875
525600
284295
522500
433060
288809
520640
370555
654671
501898
495138
655909
466804
664395
6396
171995
444743
703306
515139
10842
295449
732291
715074
598297
699301
527778
3530
76152
522992
433670
476179
267446
151536
380350
506852
534456
408461
486886
160211
512843
642877
521056
592078
593382
520037
657722
503284
446852
707916
164419
604479
466945
460960
415342
159195
516874
516034
642660
702139
480653
654418
584921
465885
233952
492859
369042
595072
513490
709914
484738
643560
654816
643813
268177
282050
30954
226117
486502
709218
79402
314359
109929
706612
186350
530904
514227
743224
367799
462663
518773
533977
658215
279819
198760
182825
433529
207106
282067
483209
523463
743317
654849
592142
708017
523822
408241
505652
532634
146406
546283
158688
621695
275757
292265
9003
520917
696684
209945
401835
20157
516157
24178
183684
719951
652468
657259
107911
424312
534404
570355
584927
301412
661088
655285
118666
514496
150423
516671
592121
>un
217079
663764
655411
741393
479728
713479
523012
731577
593218
567919
225784
710355
664513
743220
741837
499484
667738
743458
667725
703872
492187
603759
734541
668267
443837
666913
658424
9676
694083
713706
637057
628728
530412
710940
713854
690161
712210
713383
446758
632626
567699
522183
673776
714503
711628
596814
531538
713846
707825
594157
633186
667739
706462
654621
713894
387576
660221
635031
129220
741426
611057
417472
707052
573744
659928
328801
712977
661894
662733
133120
708337
723424
634157
731814
714443
695057
460777
648871
626608
713889
666896
703758
592114
561500
446522
712678
449186
593630
660318
717110
635475
635037
666890
489932
667746
>part
>ku
>uu
612356
614563
678201
678760
566737
614596
561969
721961
612355
614562
613863
543640
604659
738133
604470
534724
547710
566676
604654
624358
604462
668382
410450
668468
635293
436033
603909
>kn
478275
18192
484741
529053
523262
664054
741411
69747
519672
485158
258429
465643
654543
5662
446017
117938
531081
349096
471200
562227
714477
508725
194408
517331
26904
153934
484813
567612
645535
504877
521924
729062
523299
655378
474397
401388
567374
2324
524390
163113
705517
536663
618430
654550
528432
591495
656959
508835
76277
85195
518525
688313
195740
12420
465709
490203
588655
107387
416073
558364
524690
519075
326953
190977
619315
699841
502745
11067
605153
408018
460
460109
740399
517249
471119
86045
514495
437178
7946
619396
388004
194329
372616
571886
523789
512675
469473
506947
531856
503546
567235
155827
471104
433419
436383
153299
174050
741169
533566
521086
21938
546288
134846
201446
632237
102406
24557
356545
631724
356377
183706
511605
62209
405913
740377
445893
520943
61438
1968
476093
489355
381126
474053
512973
15961
193832
518249
21639
515162
711490
8102
409925
567501
10862
365116
126561
9061
104476
6168
645317
497626
449585
631728
207538
535192
703523
731454
122908
248141
406013
438429
325978
520348
332197
65238
149098
652390
371617
376617
743767
591456
288772
406620
518119
519873
73793
183850
440968
632401
631602
418175
162121
728799
489873
4055
494614
21590
436585
591482
130036
410970
370408
150837
85539
632717
632041
207631
31387
409662
337766
194110
471851
212395
515472
213470
36587
381061
525557
103934
516522
741531
129673
187569
433701
720286
35096
490287
439309
369646
534307
591610
75639
514220
192784
46894
741280
740386
371720
643951
11615
370504
156178
116471
32417
75841
656457
246112
473583
662922
289347
743242
356654
300772
724025
729508
546286
456557
109752
533655
421848
277721
146602
160958
163484
355264
103183
44017
731853
522257
713636
743243
378103
624245
133892
514870
484188
464438
280130
533355
631558
654400
532755
578109
227777
631544
509343
468972
520026
433343
655168
504062
632166
516948
355935
133397
644326
477015
643780
350194
472667
471014
252713
532315
463928
90107
709550
143600
430435
500013
295137
483305
123119
297389
502875
534579
546584
437594
591095
50252
23650
194385
375217
532359
542050
535464
111903
111779
155829
528834
522928
61812
227729
531182
529901
741365
108957
34136
484288
607212
139896
369761
4749
26899
648394
387208
639609
82222
113157
434340
162200
424126
9914
522610
380953
26010
481022
470417
459106
631926
658566
49582
275775
655131
740407
447506
652741
646005
434875
525600
284295
522500
433060
288809
520640
370555
654671
501898
495138
655909
466804
664395
6396
171995
444743
703306
515139
10842
295449
732291
715074
598297
699301
527778
3530
76152
522992
433670
476179
267446
151536
380350
506852
534456
408461
486886
160211
512843
642877
521056
592078
593382
520037
657722
503284
446852
707916
164419
604479
466945
460960
415342
159195
516874
516034
642660
702139
480653
654418
584921
465885
233952
492859
369042
595072
513490
709914
484738
643560
654816
643813
268177
282050
30954
226117
486502
709218
79402
314359
706612
109929
514227
530904
186350
743224
462663
367799
533977
518773
658215
279819
198760
182825
433529
207106
282067
483209
523463
743317
654849
592142
708017
523822
408241
532634
505652
146406
546283
158688
275757
621695
292265
9003
520917
696684
401835
209945
20157
516157
24178
183684
719951
652468
657259
107911
534404
424312
570355
584927
655285
661088
301412
118666
514496
150423
516671
592121
>un
217079
663764
655411
741393
479728
713479
523012
731577
593218
567919
225784
710355
664513
743220
741837
499484
667738
743458
667725
703872
492187
603759
734541
668267
443837
666913
9676
658424
694083
713706
637057
628728
530412
710940
713854
690161
712210
713383
446758
567699
632626
522183
673776
714503
711628
596814
531538
713846
707825
594157
633186
667739
706462
654621
713894
387576
660221
635031
129220
741426
611057
417472
707052
573744
659928
328801
712977
661894
662733
133120
708337
723424
634157
731814
714443
695057
460777
648871
626608
713889
666896
703758
592114
561500
446522
712678
449186
593630
660318
717110
635475
635037
666890
489932
667746
