>id 1234|Hs|cgap|||adipose tissue|||tissue
>part
>ku
>uu
663173
663156
663050
687818
662947
663046
543337
663150
663675
443526
663721
665494
663671
634353
663053
541713
634351
600063
663052
665492
663670
600305
542108
542609
663693
600324
662946
576507
663165
663045
545658
599986
662948
665493
663164
663020
663668
663042
663162
663153
663170
663054
663142
663160
663720
662949
663065
663019
662945
584277
712895
663143
663044
662943
544405
662944
>kn
654762
192221
433732
153381
663145
85155
234434
98322
391561
715792
191179
485104
448229
283734
654552
350194
131269
438311
446017
5662
593920
9216
510635
715623
368934
16355
721761
522826
232021
523004
479766
470412
75859
529846
500013
655348
592091
450230
484551
93659
437594
376894
91531
106674
505202
502823
656395
368160
534582
647121
252229
481836
90436
655331
725787
8578
419240
145575
705517
77873
300141
333823
731663
269109
625909
438872
654572
77318
191734
654444
194148
400295
106601
148766
1872
642767
464243
550906
103253
374596
275243
632296
591088
496684
610137
699841
268675
713173
57679
483816
523443
339453
443625
215502
255935
530899
112318
272838
514581
523664
643599
489201
469872
283374
370895
171825
445803
577426
388004
49582
193226
298280
528305
482144
731537
558422
193491
523789
525600
469473
520494
696360
522500
729207
513851
518460
584851
654514
513247
154073
318526
743331
476448
43744
591908
242458
534384
110571
482587
21938
58324
30977
516853
29444
614080
598297
655373
459759
527778
644997
170422
74034
454534
272259
506216
462323
511605
433670
513984
28326
593351
489615
302738
517216
513316
160211
248153
58831
28491
381126
642877
655341
148741
519162
643605
507669
8102
596105
643431
292599
444517
513617
308992
313
1011
22109
485899
100057
449585
410817
535192
352768
612096
371021
631923
438429
495755
332197
654868
148716
104315
194718
161008
370480
720136
534477
571177
47629
406620
171695
515249
157160
632704
501012
502116
663059
643430
446079
20521
127675
517070
162757
631633
108049
514435
302903
632717
134296
647371
709576
511801
75277
436657
213666
170310
591212
703237
356719
277035
443031
458401
438072
546502
372331
119387
505934
381061
178305
270244
248785
499839
160786
259594
103934
435836
663049
530712
727648
433701
298469
609663
653654
59908
487510
105956
656271
650174
323396
533977
462680
512867
740386
578684
279929
532786
497183
433529
473296
43812
522373
513083
356572
478682
97199
54457
455493
570274
546286
8372
143873
631650
422688
592142
530291
732060
476365
592201
462983
524910
521168
533732
180909
621695
433151
438236
284217
350899
654848
365706
499725
584936
304192
632466
449609
74576
310429
148909
476636
558601
118110
534255
728790
250072
280130
719951
143434
520189
212088
258563
468186
571841
653262
78060
484099
426704
118351
82028
743371
279245
370024
594444
449523
631549
444356
590958
386189
570791
>un
713833
662865
663169
663149
741718
718514
663058
593087
663673
713664
659578
663018
596929
655573
662871
733764
702905
633993
663122
591454
699316
715132
6790
512542
656510
655987
661496
656203
707174
708779
655091
710426
663669
663672
657024
687145
608084
606838
663121
663146
729494
713770
389724
159799
404608
654828
594321
706842
442759
275545
733427
655266
25647
128696
655513
649046
658423
701525
705869
663665
713706
127279
660307
24040
707389
375763
638121
656390
700642
661858
708558
715088
736640
732251
741178
663171
656193
633769
720521
356721
561051
673146
593176
656655
663123
657583
733462
710380
290820
645450
661311
721310
509375
605253
712829
733514
712672
663151
597624
282878
448226
663172
>part
>ku
>uu
663173
663156
663050
687818
662947
663046
543337
663150
663675
443526
663721
665494
663671
634353
663053
541713
634351
600063
663052
665492
663670
600305
542108
542609
663693
600324
662946
576507
663165
663045
545658
599986
662948
665493
663164
663020
663668
663042
663162
663153
663170
663054
663142
663160
663720
662949
663065
663019
662945
584277
712895
663143
663044
662943
544405
662944
>kn
654762
192221
153381
433732
85155
663145
234434
98322
391561
191179
715792
448229
485104
283734
654552
350194
438311
131269
5662
446017
593920
9216
510635
715623
368934
522826
721761
16355
232021
523004
479766
529846
75859
470412
500013
655348
592091
450230
484551
93659
437594
91531
376894
106674
505202
502823
656395
368160
534582
647121
252229
481836
90436
725787
655331
8578
419240
145575
77873
705517
300141
333823
731663
269109
625909
438872
654572
77318
191734
654444
194148
106601
400295
148766
1872
464243
642767
550906
374596
103253
275243
632296
591088
496684
610137
268675
699841
57679
713173
483816
523443
339453
443625
215502
255935
530899
112318
272838
514581
523664
643599
489201
469872
171825
370895
283374
577426
445803
388004
49582
193226
298280
482144
528305
558422
731537
193491
523789
525600
469473
729207
522500
696360
520494
513851
518460
654514
584851
513247
154073
318526
743331
476448
43744
591908
242458
534384
482587
110571
21938
58324
30977
516853
655373
598297
614080
29444
459759
527778
644997
170422
74034
272259
454534
506216
462323
511605
433670
513984
28326
593351
489615
302738
517216
513316
248153
160211
58831
381126
28491
642877
655341
148741
519162
643605
507669
8102
596105
643431
292599
444517
513617
308992
313
1011
22109
485899
100057
449585
410817
535192
352768
612096
371021
631923
438429
495755
332197
148716
654868
104315
161008
194718
720136
370480
534477
571177
47629
406620
171695
157160
515249
632704
501012
502116
643430
663059
446079
20521
162757
517070
127675
631633
514435
108049
302903
134296
632717
647371
709576
511801
75277
436657
213666
703237
591212
170310
356719
277035
458401
443031
546502
438072
372331
505934
119387
178305
381061
248785
270244
499839
160786
103934
259594
435836
663049
530712
727648
433701
298469
609663
653654
59908
105956
487510
650174
656271
323396
533977
512867
462680
740386
279929
578684
532786
497183
433529
473296
43812
513083
522373
478682
356572
54457
97199
455493
570274
546286
8372
631650
143873
422688
592142
530291
476365
732060
462983
592201
521168
524910
533732
621695
180909
438236
433151
284217
654848
350899
584936
499725
365706
304192
632466
449609
74576
310429
148909
476636
558601
118110
534255
280130
250072
728790
719951
143434
520189
212088
258563
468186
653262
571841
78060
426704
484099
82028
118351
370024
279245
743371
594444
449523
631549
444356
590958
386189
570791
>un
713833
662865
663169
663149
741718
718514
663058
593087
663673
713664
659578
663018
596929
655573
662871
733764
633993
702905
663122
591454
699316
715132
6790
512542
656510
655987
661496
656203
707174
708779
655091
663669
710426
663672
657024
687145
608084
606838
663121
663146
729494
713770
389724
159799
404608
654828
594321
706842
442759
275545
733427
655266
25647
128696
655513
649046
658423
701525
705869
663665
713706
127279
660307
24040
707389
375763
638121
656390
700642
661858
708558
715088
736640
732251
741178
663171
633769
656193
720521
356721
561051
673146
593176
656655
663123
657583
733462
710380
290820
645450
661311
721310
509375
605253
712829
712672
733514
663151
597624
282878
448226
663172
