>id 1233|Hs|cgap|||mammary gland|normal||tissue
>part
>ku
>uu
687617
666217
602312
731275
203621
634892
666225
687625
666224
>kn
632446
339735
368214
82794
153381
529053
695681
534313
213061
50425
66713
8867
485865
485158
350268
741253
249718
518475
5662
304682
698060
463506
99949
517888
517331
78989
118076
650382
429
437594
375217
170131
144941
740420
535464
111903
27222
279837
473819
351875
49143
89545
536663
75275
436636
434966
69855
406683
334534
108957
521969
644033
487200
650585
463569
107387
374596
4749
143250
77961
706827
387208
523185
488478
534312
699841
163867
195464
741405
502756
380953
241576
304613
459106
731827
506652
482144
492314
571886
249441
446429
434286
520640
567235
356331
270291
153752
6396
741169
471514
442138
501280
703306
692209
370365
546288
302740
75372
514289
472475
102406
356545
515070
180877
646490
497492
293970
529862
522555
436061
476930
632267
520943
3745
593928
87889
505059
515162
192132
9315
656875
34180
646364
8102
12319
546239
20225
136348
546261
221847
89029
567662
8739
645317
73722
410817
535192
531371
468226
20395
591683
438429
435832
459927
534032
376617
546292
533721
705323
625768
440968
310672
731513
595072
418175
114286
460298
528222
120998
189772
654816
410970
714127
476273
523424
632717
592286
2780
435255
95243
337766
533122
515472
493819
57652
181272
499839
546289
706674
384598
239818
247077
414795
314359
522699
515664
186350
437422
433701
498569
514220
462998
560343
490795
410977
491912
726920
740386
656457
654570
450096
88556
356654
503074
724025
455493
415768
546286
150725
373498
130759
591605
557550
106212
421608
472437
526464
483538
291196
635
355264
350899
365706
434996
44017
465213
304192
159130
535319
484188
503911
372003
78065
280130
465929
107911
534404
424312
397609
605712
496191
432491
306339
504062
159118
246413
85258
436568
95612
>un
217079
224012
118183
645643
546527
668057
735747
721950
654621
597523
668061
449153
675947
723432
713898
700083
499484
666903
269654
515667
661894
702472
129121
593670
667750
304298
666915
720876
728162
512441
666910
713889
592114
459132
741178
666222
666219
446522
725453
495227
706229
700975
567699
709696
75724
714503
380956
669724
572824
635037
708180
711628
448226
705738
734338
>part
>ku
>uu
687617
666217
602312
731275
203621
634892
666225
687625
666224
>kn
632446
339735
368214
153381
82794
529053
534313
695681
213061
50425
8867
66713
485865
350268
485158
741253
249718
518475
5662
463506
698060
304682
99949
517888
517331
78989
118076
650382
429
437594
375217
170131
144941
740420
535464
111903
27222
279837
473819
351875
49143
89545
536663
75275
436636
434966
69855
406683
334534
108957
521969
644033
487200
463569
650585
374596
107387
4749
143250
706827
77961
488478
523185
387208
534312
163867
699841
195464
741405
502756
380953
241576
304613
459106
731827
506652
482144
492314
571886
249441
446429
434286
520640
567235
356331
270291
153752
6396
741169
471514
442138
501280
703306
692209
370365
546288
302740
75372
514289
472475
102406
356545
515070
180877
646490
497492
293970
529862
522555
436061
520943
632267
476930
3745
593928
87889
505059
515162
192132
9315
656875
34180
646364
8102
12319
546239
20225
136348
546261
221847
89029
567662
8739
645317
73722
410817
535192
531371
468226
20395
591683
438429
435832
459927
534032
376617
546292
533721
705323
625768
440968
310672
731513
595072
418175
114286
460298
528222
120998
189772
654816
410970
714127
476273
523424
632717
592286
2780
435255
95243
337766
533122
515472
493819
57652
181272
499839
546289
706674
384598
239818
247077
414795
314359
522699
515664
186350
437422
433701
498569
514220
462998
560343
490795
410977
491912
726920
740386
656457
654570
450096
88556
356654
503074
724025
455493
415768
546286
150725
373498
130759
591605
557550
106212
421608
526464
472437
483538
291196
635
355264
350899
434996
365706
465213
44017
304192
159130
535319
484188
503911
78065
372003
280130
465929
107911
397609
424312
534404
605712
496191
432491
306339
504062
246413
159118
85258
95612
436568
>un
224012
217079
118183
546527
645643
668057
735747
721950
654621
597523
668061
449153
675947
723432
713898
700083
499484
666903
269654
515667
661894
702472
129121
593670
667750
304298
666915
720876
728162
512441
666910
713889
592114
459132
741178
666222
666219
446522
725453
495227
706229
700975
567699
709696
75724
714503
380956
669724
572824
708180
635037
711628
448226
705738
734338
