>id 1234|Hs|cgap|||colon|normal||tissue
>part
>ku
>uu
615062
679220
615061
615070
615063
>kn
125113
440525
7739
22452
535464
460317
591588
655272
42194
348365
497873
437779
655167
654740
296422
389378
356647
370895
436803
77500
465627
642877
410817
631886
194385
>un
592747
724834
740809
720884
>part
>ku
>uu
615062
679220
615061
615070
615063
>kn
440525
125113
22452
7739
535464
460317
591588
348365
42194
655272
497873
437779
655167
296422
654740
389378
370895
356647
436803
77500
642877
465627
631886
410817
194385
>un
592747
724834
740809
720884
