>id 1234|Hs|cgap||microdissected|prostate|neoplasia||histology
>part
>ku
>uu
702919
634415
663505
600219
663511
634411
663503
600205
663507
663479
634416
634422
600233
559742
663526
663563
663753
543171
683395
663618
548305
663066
600074
662983
729496
600075
554579
540329
663188
663181
663051
663183
540753
663116
664355
664406
598527
634565
664241
651547
677221
663356
733581
572260
598708
635704
346856
664271
661136
690323
664237
729087
664399
653574
664219
664401
598707
663438
664221
661381
664565
664210
664343
572285
663355
664240
671180
663351
664344
664567
634401
663338
663963
664364
664228
663966
664564
663954
96360
162891
663358
663440
663354
671167
565377
664403
634587
671181
663366
664361
663959
661138
663360
664436
538010
275663
634492
634532
663364
540584
664566
634399
539185
600160
661409
663363
664573
663960
664363
600778
664405
661403
663962
664396
664065
671170
663958
661383
663112
545460
663349
664232
664392
664531
663365
661378
465730
664422
663359
663333
664529
634535
664394
664407
664224
658279
551042
663332
579390
671169
664388
671166
661384
664356
565813
664423
663337
663330
575301
671168
670725
664222
671179
664272
683893
661382
664358
600864
621141
664251
600471
663602
663719
600288
540093
663604
663610
663611
325198
663867
733444
663095
639443
551409
662952
663108
663103
634342
663101
663096
105428
600015
663094
663091
567106
663097
634343
518145
664375
661371
663734
663984
600866
430851
664236
670723
599869
664427
560725
671175
661312
661392
662779
662677
661135
634309
303427
664131
664410
661397
661410
562304
664418
664376
661389
663851
649121
634564
664417
663850
539414
720700
662778
664411
662774
664414
600520
635651
663983
663940
662783
600346
664206
663735
663777
671182
606549
664061
664416
662776
600321
572568
663944
664705
634558
544119
663939
664370
664323
633997
636819
661407
577314
661370
664415
670438
574757
653603
634490
664428
664062
664430
664132
600813
566159
664218
598705
377508
324207
661309
664205
662775
600521
663778
663936
661408
664534
547732
649591
664250
663982
664377
661394
663945
661373
661391
600742
662782
664059
651531
663732
664431
663776
634455
720761
661379
670728
>kn
732341
201978
460232
701398
485158
558387
681616
9997
249718
518475
133337
79387
445403
117938
5345
632252
567438
505874
211463
405156
439481
632703
154654
24258
518060
594307
158304
49774
727580
9234
90875
657844
279784
407694
504877
16622
722260
170131
591347
293563
203717
655387
654827
234642
520182
16349
319334
29899
444959
86543
427232
546287
407856
145575
743286
743252
731866
300141
258855
298654
743377
446685
374950
334846
227253
158497
270043
513153
191734
85769
150580
514063
63788
487200
595458
516954
550906
655327
495710
155218
496068
65135
130098
75812
655046
474935
686171
713956
474116
943
211511
408018
514821
580300
82793
496710
133135
654668
301853
28540
422986
498892
293274
47517
601562
280378
432862
182385
495834
205558
6076
290758
372616
523789
446429
656782
469473
333427
522665
111867
513851
531856
535011
458426
124147
202354
584905
524648
173611
148641
621200
467306
433419
436383
369089
270291
368078
594634
75243
741169
489142
5324
513695
631869
77768
103159
631656
1197
159472
21938
594658
510407
409140
201446
15591
377830
646318
515070
494691
407604
655455
503093
726537
468410
215766
454534
100915
221737
487027
471779
518236
231616
508423
740515
105887
604915
731476
533624
275352
26890
156727
507333
474053
532286
519162
197644
546269
8102
236774
66915
79081
75256
514051
196990
76394
552810
606584
181128
181300
521926
144468
330463
59719
3100
267245
75799
307734
730654
446374
178715
632787
19156
743265
325978
631814
470996
116467
288487
344151
421202
500842
592327
503022
591456
410388
404741
466714
530024
183850
436166
444099
276808
167641
73527
731513
144130
333907
1063
486548
612151
162757
39925
128959
436446
743291
85539
442344
731575
741382
719176
525093
194754
632717
134296
657632
371249
435700
513646
603629
462913
55847
512607
513626
194110
413416
661972
631768
494173
301904
509499
57652
286226
204773
593446
741319
558799
270244
720898
212838
484047
448497
384598
516522
660718
35052
69293
446336
82609
458358
531614
369056
208765
660760
48297
433701
720388
414418
708268
211079
483873
720151
497893
412196
142736
323342
116459
498569
33962
115838
652364
406678
46894
102798
741280
97439
122926
18894
743296
474384
492212
279929
443301
654580
370504
591809
419171
471441
209113
169615
157378
587350
631551
743242
633514
516837
54457
355643
591363
300772
709321
155040
438994
270017
515542
430075
443914
505824
557550
167017
533192
473152
317243
568006
655519
503692
567513
741298
516111
119316
6815
743241
78880
61469
369670
11776
99936
478125
564847
477128
187636
628886
280130
284141
62886
77793
135646
518270
517553
468442
520149
729080
415842
435557
343244
632554
743271
524368
524271
208358
435001
208597
78016
430551
645792
518346
17546
433381
95612
181326
433068
159509
506276
269577
440950
591360
274531
632385
643780
35198
128453
437647
149305
59889
448229
498115
719189
327527
514806
211929
558428
109731
518562
62578
173524
502917
514196
415414
591742
283749
372378
78989
627414
2533
25892
511138
284292
513058
740394
483305
23119
123119
369624
491351
644125
9347
477028
631639
2006
533710
23650
118681
368160
1908
731661
489040
442657
469313
185172
119273
278695
437008
63290
586423
78089
89545
657926
652114
151218
80358
571246
232532
516933
356190
515846
416207
654821
335355
376064
162458
607212
105465
369761
620596
77961
534141
284286
439894
639609
22546
505676
128548
520341
149168
677623
513463
380953
192619
740488
48849
475963
647774
123070
592944
433291
436803
49582
213264
28020
298280
528305
152173
4029
412482
470477
255230
743553
355753
719925
153177
313905
285051
82719
593292
644306
482390
643548
523360
705617
42644
91579
149500
195060
590143
75516
436975
414579
43744
458365
343873
129206
118243
532609
7910
482043
133044
438550
439620
740597
409561
490789
410965
270655
655373
652255
472475
740434
180877
517670
12253
4276
534770
20848
459072
502176
487635
483444
570821
381134
156171
708182
517148
445588
632258
740577
292472
421245
474751
521056
491861
651512
657722
470588
631593
597434
276878
472852
6126
356440
308992
415342
499709
351461
516505
3192
368149
497391
406050
612096
75061
440049
463785
728762
696631
387057
162241
501293
479396
647334
5258
284630
308074
577775
4900
387679
292882
534261
528087
372924
499941
282376
221127
743218
423103
519168
513490
592170
654604
246046
144513
472564
466625
498727
443417
660010
349570
81964
525105
504115
75361
7012
493750
195080
656361
432818
522384
647371
517864
644524
148559
82961
612782
700344
485527
546291
516160
348979
284279
443031
445711
250666
499839
520967
655785
227656
13495
324844
29802
741412
708393
592124
656298
821
169358
108080
173724
519702
430425
283402
508644
743224
467284
301048
309231
323396
731649
108408
731718
632282
743237
407368
283869
514535
198760
631988
30345
529023
100874
471675
712915
2178
632456
521640
743317
304362
696428
604789
515474
444673
368996
434900
112377
9587
708017
730672
530291
594250
480848
534667
532768
133321
373857
272927
482038
546283
509966
373560
350899
499725
518827
733045
79110
707137
23349
653288
491148
370510
330384
415172
516032
7736
347014
528803
294145
716652
591582
531713
387804
570362
519909
591474
555866
704031
591868
504620
478275
406014
481569
484741
433732
655108
598475
518055
644906
96513
21899
656244
531176
743287
468140
716456
144011
5662
567337
145386
574492
654463
481927
250899
368934
156367
71040
431048
323562
356467
473632
591768
355570
743277
111577
485205
446664
653859
654803
632773
469918
528780
232543
655684
515517
729062
435342
287521
101307
13034
655105
128576
503043
78619
272011
151777
585374
445387
730799
643544
198269
591047
743298
522493
279837
109520
446459
740414
591002
508154
371987
23363
7367
49143
226007
333579
76480
417004
516114
3439
705699
421257
516986
443572
732509
524630
485365
444558
577256
12420
356224
173878
445203
439200
61441
487046
653202
636480
513856
523185
368610
656137
740376
482497
596136
105818
144873
515155
447011
146668
465323
515111
12286
465924
741589
177576
740399
408542
27267
221497
460238
481542
446270
498292
370895
504320
612155
387255
518417
389996
288936
252839
654591
506652
443673
709609
467960
482144
159028
81328
496587
632706
493739
737206
483136
512564
77254
510324
520636
567235
706662
711461
409602
509765
17118
476448
174050
654473
480701
148078
483036
692209
515053
495960
522823
78582
524518
480356
333120
238303
204564
120
29444
467862
496544
591666
190622
446149
652183
356545
632226
467866
522590
643120
660887
183706
521487
568209
462323
511605
464472
288178
43670
189409
5308
434102
302738
576320
595983
654815
1342
381126
87752
593171
152414
442707
190983
467701
137510
515162
519659
454528
436426
666524
437460
153458
567501
546239
374650
150718
57813
591061
427284
112444
743302
644105
706016
155983
449585
703523
385956
191215
414565
1239
743234
334832
12865
409223
500674
466919
440544
632314
534560
518731
435661
517155
84084
515872
143736
372265
353181
534032
183390
433203
656515
428027
201641
77498
519873
81874
549751
730768
192649
511768
467192
464572
166011
715543
229641
446079
531789
436939
439381
26530
91448
10846
596543
459265
476018
494419
516807
125113
31387
497599
643566
511801
164303
436657
440382
591720
743272
500419
594434
524430
438720
525607
316890
515472
372914
515500
213470
466539
730686
446260
17686
333132
466154
377705
268573
334713
199625
181444
108530
259594
110695
144835
647421
506759
129673
512636
530479
59425
514116
175955
514802
172865
368404
522310
490287
435938
110849
414473
146393
517419
483239
487510
514220
530791
381050
530381
27475
439480
34024
740386
514681
39311
596096
531064
529631
532786
75841
146804
88556
578443
104636
77060
18946
200600
649307
525134
724025
444569
97616
727986
546286
485262
597216
661665
22960
502705
657969
368376
546271
421608
529677
533771
729144
654907
166120
654848
250632
109778
43322
15738
530000
133892
514870
523215
596014
484188
558601
277624
435381
517436
534168
520070
178695
1707
448342
571841
31819
1437
643424
66708
730789
632469
685640
192374
687688
507769
445351
729372
433343
331420
644610
516948
246413
433722
726435
486589
309467
500007
643658
485130
733403
656660
371642
170622
373642
481571
503368
523468
531788
390736
130593
731890
388645
129798
70312
463506
437275
309090
631587
79322
518244
5120
502948
584908
106185
517888
92732
335933
469630
90061
158932
75859
651245
502244
508716
487296
23111
493804
702907
60339
106674
532359
524517
520757
475392
295917
713051
111779
446354
496646
251531
223141
592108
173030
108957
513915
288215
522114
513225
191186
502836
631730
743379
265829
55682
524308
462379
275243
743362
485246
532793
655234
704983
20131
205326
444467
164595
590945
743478
424126
593833
743452
502756
207763
530899
29665
388654
653349
286261
657991
529451
596607
423348
515642
731127
1027
635350
489287
94229
30385
177530
302669
159711
348112
148656
35199
741600
82919
525600
265174
284295
446588
466766
187624
728837
524280
514819
424908
524464
497159
611541
154296
525401
435941
102914
318526
461253
474069
510989
466804
594708
522863
433845
355927
171995
594563
434412
458487
743239
411138
655654
598297
527778
714749
3530
436743
77500
591952
425777
522433
694157
13351
256667
76152
271876
522817
652690
522675
593645
521092
604001
234896
98265
481202
270869
657405
465413
646264
594236
370379
510328
321541
657067
520037
503284
446852
74564
437497
54680
203961
631590
112058
374378
370781
102336
513261
47166
520898
479693
17719
534454
465645
480653
435136
34114
581170
716464
524763
429608
654418
6093
59332
233952
31130
348500
476082
84753
512676
386693
599039
530101
339639
528222
483454
509736
530538
282410
362728
655515
356096
699822
741328
743262
654968
500483
255973
718943
76753
61430
643610
380118
488293
425125
25130
728759
9383
135471
491682
498543
513075
703237
437249
7486
562568
433159
659209
31532
130774
477375
492599
146339
248785
153022
584801
529782
465744
532411
5009
743246
733180
419463
479223
83722
123072
288232
519557
509622
528320
502328
368920
650174
656271
416630
533977
591463
496487
166486
655189
315177
23960
510927
106529
464336
74405
513683
306242
501023
438678
183817
502458
368866
518198
411480
559040
82128
511425
100299
29383
523822
632531
592171
493309
463074
533732
158688
644352
406300
654964
280342
209945
294005
492208
150557
492407
163909
389700
78065
632379
42806
500874
658489
713690
372050
435291
534404
120165
437338
655285
75360
655217
74655
743321
476319
348531
124696
508266
47062
190968
99819
463759
194669
159118
741177
335614
708076
518530
298716
529053
256206
523262
726290
695681
534346
350268
279913
159556
404321
654552
518662
446017
508284
381219
585118
591358
510635
632317
534847
368912
46850
714477
194408
30174
516966
288382
205163
170839
470412
5148
484500
462492
644794
603111
484813
495349
516105
521924
523084
560655
31704
633509
48513
69771
66170
3887
468688
704511
507948
533287
27222
593134
401388
591569
524390
355162
705517
163113
590886
75254
68714
533903
279594
190334
647752
591069
632013
733070
389452
278959
524828
531111
441072
591003
87159
490203
510543
655284
464137
643467
430849
743354
6551
232165
546298
1048
237825
25338
475506
200250
655921
172928
357637
443625
2785
203559
41296
271341
460109
475812
632179
465295
534453
279669
189716
471119
659517
6764
461117
558396
553851
282678
743235
130917
22907
8904
729498
373763
618145
741244
578973
558537
13318
512675
443240
321231
23582
1832
370937
281902
2795
592456
584851
643910
405610
162032
503546
518727
233240
110637
14791
488282
160562
709561
514297
349092
732570
524183
282795
409934
80296
574240
278064
631989
524599
16695
501252
504998
470907
5912
300816
476033
567284
131452
260855
271643
181046
467210
175343
369431
122363
122523
524219
302740
14623
356502
663950
199877
102406
513053
642042
655623
731413
533444
278815
472558
431850
523454
641481
17109
349656
491577
405913
593351
462732
740377
533308
520943
186810
732228
712713
75182
489355
732259
165195
15961
483259
21639
512235
439463
277101
145605
546285
25601
88297
591502
730597
743319
147950
590937
657494
513617
9061
709469
645317
485899
156527
593613
73722
444749
743259
347270
118725
438429
262823
179986
370480
119598
445775
406620
352656
459049
555731
443330
517937
16936
416998
370927
15299
44276
445981
643430
436350
446427
351665
408434
517941
364544
97887
356061
701982
263812
114412
741157
268939
350927
732773
708998
2780
440525
514465
646645
740445
591947
741199
387567
62771
471851
569831
743248
162585
15827
19977
36587
274539
491322
299002
654899
301094
706674
533273
204121
105269
524431
138860
591451
509451
517817
567356
272168
654568
696211
356630
460645
532749
372208
647036
111286
534619
436977
98475
32417
534773
212102
654863
50727
230601
86337
444776
656996
433863
660640
463059
106212
256526
44070
514373
277721
114191
15200
709320
356744
15977
503709
731555
163484
651219
594647
627078
522257
449609
377484
29595
24379
632865
369068
534196
522057
440553
372003
590876
465929
505326
220950
500375
103147
231883
397609
440494
370024
279245
432491
522147
288164
293653
408909
1869
327736
520205
133397
390599
421136
356799
433269
89781
163776
517821
524953
724482
514303
591133
567968
470369
708172
511143
495912
26704
233119
651221
466828
575631
388739
250723
12923
632144
721001
413812
178011
544577
524731
709550
509017
513779
118076
131740
368084
445019
710488
9857
596449
696283
727344
728813
445890
499209
509163
591095
156509
466929
502823
198161
277704
565094
731317
356247
445899
504895
529303
554791
104215
304249
99962
163754
59214
732725
117825
351875
469244
371723
656673
333179
437191
501522
517768
522472
532803
517969
352224
655057
516077
482910
25786
118354
413801
76244
512670
75093
400295
502302
99145
581171
255462
505104
374596
333526
268742
648394
349283
40966
631841
529592
199743
443831
631827
469171
162852
718438
9534
523443
654602
178551
557709
255935
58663
112318
491737
663312
443750
515371
334612
514581
416089
162963
545950
303787
268849
5462
532853
655502
64004
109051
275775
519337
89603
740407
655131
631163
520973
603732
419640
506748
75864
406096
189585
151134
504317
435850
527193
381105
623974
193406
487360
730889
137562
170986
703306
376722
539684
429839
111256
495417
449909
462729
482526
397729
535297
656790
162233
743420
714302
80986
502915
620644
356873
231942
497492
478407
521008
426296
591166
878
644708
389037
506852
719958
507910
134602
356050
376209
570455
28491
658099
655643
655156
406510
363492
188464
321689
444450
86320
591384
644000
371889
463045
631789
440955
13982
594952
526754
546261
707916
591945
591499
490512
741526
591486
74368
172772
730710
592178
352768
642660
647075
609336
335079
662248
78788
496451
355606
438289
644633
30054
194718
657032
506381
534301
534477
408236
369920
534521
499960
124953
610830
702646
516994
523753
412370
157160
54780
61635
126357
516777
234282
743324
597035
437006
181163
523145
496512
525238
406234
130293
37617
484738
262886
515271
163645
654816
728878
152292
29341
592286
654616
551962
437322
643580
258551
486360
460179
286073
213666
436093
356719
474536
515154
231320
159161
529509
381123
500775
226117
438953
437638
467740
591455
531106
157113
531561
160786
533030
528300
508848
200804
533782
438918
71787
533770
522699
460857
502829
460355
400740
519884
525205
445570
567572
653654
496279
700353
56045
98594
462998
431307
83383
647067
593430
368794
410977
83190
208680
372082
301404
30570
654570
534293
129261
433529
473296
732105
168073
525088
743361
369728
375957
380271
134885
429819
565319
410596
523463
485557
190028
659291
592142
466693
437366
105153
72026
377992
371001
396644
476365
631582
408241
116244
505652
432699
369615
524910
514174
634882
621695
36794
188553
22399
365706
304192
449662
643590
397978
743329
616962
516157
603252
284207
504517
466435
594170
475538
533514
24178
488827
183684
629638
441038
505735
719951
433750
107812
112569
212088
512914
175534
570355
264887
370950
438454
592184
388613
21765
661088
472497
587979
567619
435535
631549
283652
517949
591329
430299
590958
741226
514151
662284
726012
257970
431668
454640
727355
368214
406423
235390
334587
360940
26232
632151
696231
185807
6638
500466
525163
104613
433427
214142
258576
444403
463421
632918
213724
522568
533719
183153
603676
430439
26904
523004
529517
275865
8361
334707
731668
16059
443379
6483
584985
431550
660109
374588
134406
183435
15535
180414
643051
62661
279652
522484
514599
594084
433795
485434
447654
592262
95600
473927
355126
596704
197116
124047
515329
401903
536663
89649
442634
719203
406683
69855
463375
743512
373741
77318
713595
715194
79101
521969
365365
246310
518525
433442
405880
597091
433615
356398
644919
497520
588655
432121
190086
524690
274313
496684
524899
487774
404568
190495
83147
201034
467733
433222
535762
502745
195464
9925
310645
602086
460
200100
632721
148767
205144
467634
184492
372680
442798
437178
517145
370312
443460
293660
500921
654447
8036
119177
492314
643552
311640
287749
178357
712144
458986
356366
356331
529495
451997
146688
610084
464210
155827
147381
132599
23581
696735
164060
553723
436161
486542
655215
527861
530009
26023
417029
466662
546288
731633
591078
518464
446091
529178
389638
285847
12332
481186
182255
522632
741420
743232
446414
663619
647056
523732
172550
522555
445893
271614
112242
448588
517216
517033
209983
720173
475872
78888
183109
66731
721234
632447
87889
486285
520287
389461
643605
518249
445498
369285
656313
729520
157078
27239
301696
9315
112553
504687
369614
55879
596105
184233
221847
17466
76704
489051
122927
476358
406475
519523
135763
315137
418233
410817
531371
535192
207538
713588
497350
260750
591518
253319
259412
501345
523560
406013
88778
520348
7644
534314
518201
516664
634506
632807
591664
507087
335139
171626
520414
546292
644095
533013
27693
433146
23248
462598
565725
631602
492555
8859
465041
591680
114286
418175
494337
125898
437779
4055
127403
474018
155742
723297
485060
637001
482730
406520
130036
129195
463456
500067
591122
534679
642624
654471
337766
75348
401929
591589
458401
438227
460141
530862
437846
586059
381061
74563
732666
332173
414809
133916
78466
78224
920
655301
741531
146312
446574
164226
503594
555910
477346
82916
631971
493791
439309
20107
533738
648565
467338
380887
263912
373612
379018
726316
183702
118738
512867
491912
662152
464333
156178
422990
12970
246112
145956
741153
356572
498397
335163
455493
48353
26670
509083
27021
522413
207459
463041
55999
26006
289123
155729
9235
146602
150122
513266
29698
518805
647064
289271
169982
27059
95835
511991
355141
378103
604551
535319
167496
655334
643683
351475
617449
423163
632326
368433
124366
459379
654400
706168
520189
654566
13662
353090
591375
578109
273621
523811
78060
458414
546407
496191
594444
535804
654371
743253
554762
380403
432485
656498
533526
655006
95972
313544
533479
642701
436568
277677
643433
471933
743386
213061
529420
515598
470646
374477
408054
597755
743533
435933
323489
659013
534330
658436
82045
593920
120855
304682
189075
523739
198072
568247
386684
741167
84549
169378
436505
143766
655348
598862
374257
524214
50098
82116
172602
437594
531550
91531
656205
521973
154163
591178
535298
643130
132225
542050
535464
525392
418520
120963
419126
435052
528834
102696
109052
743274
20274
179309
475125
434966
408073
292457
435012
708190
501353
709581
368296
504301
524502
458355
352671
256301
16258
444986
181112
463569
523550
163451
476415
387208
492445
192103
554829
301478
532855
188456
648612
407860
508021
483494
183232
731613
372633
655277
59368
204238
513867
241576
304613
656723
611911
702056
446890
525232
657131
152536
529317
591306
459538
4082
82890
368359
634508
119251
368157
253603
434286
469331
502659
360174
433060
518460
520640
527090
44385
180946
720376
721414
433759
369755
533551
274402
193118
533282
471207
173088
129055
335918
75694
408142
632729
631539
234786
596461
405590
233950
731847
439662
518774
117136
729370
709288
356076
461787
520627
75160
38972
463964
282700
301350
10499
463797
446251
131188
183428
602528
567236
433670
520042
136247
743323
529862
494457
76686
743431
489615
465593
655259
438587
119192
160211
502770
5268
593928
656565
181244
647370
642877
187694
420757
283851
517232
474643
593382
380933
180141
406277
366053
24601
519574
310231
513633
529798
468878
731510
720220
596514
369017
12341
460960
632093
370854
14317
715556
652371
37616
506357
374127
423968
598540
514132
75835
515475
500165
82327
276770
148677
410455
563491
591967
433391
495039
87194
713245
584862
459927
21816
83734
282998
26837
732031
741282
647068
171695
465885
471695
65758
644384
20013
138211
445078
516176
501012
186756
499925
131436
418093
652235
924
501629
189772
471381
499952
493668
96459
15250
592317
705480
643813
517262
515879
370770
594238
740620
614787
445052
20529
498548
224137
264482
522449
14555
95140
567342
600825
521800
654636
655179
485081
558296
147762
709416
122337
546289
485606
631725
404466
522356
432914
12677
709218
79088
603657
238432
439645
523718
314359
186350
253903
632015
434255
128199
500771
371794
279806
293560
484950
592188
518773
458917
654380
502876
715616
418581
77978
182825
108104
479808
731923
655338
502223
207106
436687
522373
513083
75914
654351
707712
519601
104925
444947
370247
336681
435512
12107
515560
718492
50382
56
200022
284284
561064
561314
515536
337295
710442
410126
180909
591110
177926
523252
654475
497684
520313
514211
731707
511817
511504
171280
713535
409230
534255
32148
149991
743257
131255
741289
584830
584884
210532
25674
480311
218366
506997
523836
500750
293811
513315
655143
306083
709466
524590
75231
516671
659311
152978
510409
346736
376046
>un
657784
506435
479728
659732
713479
644980
714318
664402
663952
698341
88605
388742
661449
662950
651574
664209
700105
7917
708569
660369
713835
257368
647315
743436
727882
7854
632983
731722
592392
569458
487161
729545
737319
700958
663941
655579
733771
150064
663182
519738
661310
447714
600204
638121
679283
664568
600030
569800
448879
657811
662545
484769
663092
619009
596764
663357
659310
662660
660941
662784
725336
547465
647444
567846
610373
732668
665958
449037
292580
603286
715779
546323
741977
663213
656820
663620
290820
660047
731601
697521
600488
713582
287168
443627
661398
661399
712829
741390
490273
743327
661376
664408
730816
600157
733541
714935
587502
718605
568386
705547
703553
657641
126938
715719
664231
571163
715735
663731
659483
662871
523470
702947
659816
733764
633993
700831
645304
333118
595524
708396
600322
732608
741205
663113
700044
708893
662951
432331
335057
741426
708727
591538
733508
656788
654971
720644
666154
346566
716727
663863
602987
632537
655424
546324
721374
708337
137945
659884
436298
5724
703444
732529
712922
663353
705664
743247
663957
730984
666310
561110
707354
661137
528668
733479
13291
448833
702200
710716
644782
558835
742151
714487
210739
661402
595493
593270
568277
656129
714525
731644
447953
663938
593517
704508
694796
633082
634562
741685
662047
553031
632573
663674
653522
740541
663087
714620
634491
662780
715148
493517
666842
659405
732023
733105
553217
661314
595502
743275
732021
645178
512525
649066
480743
713833
592455
592636
719384
78592
437367
279529
708256
593861
600854
731514
655274
656661
707043
593027
514118
706076
733001
737180
295923
667843
694115
633766
180171
379858
732277
658890
659746
730749
743458
715052
660583
655444
662535
597496
606538
661393
508769
727846
191602
733428
707223
633885
743529
702906
162874
714239
430013
509585
590939
645803
732777
514368
709493
708368
594599
716502
664532
733071
598270
661316
743535
655513
536395
660032
713634
655617
708120
656872
446345
568273
664374
599033
553053
714596
663953
662787
559896
567352
708202
369785
680812
633942
716096
14822
660236
667972
592851
661406
714023
706702
664391
732548
714198
724874
718320
663784
714046
658167
663081
705884
664360
655468
532959
664322
301858
741314
706312
596814
592555
293184
7753
663115
654770
663617
720940
602348
670361
741843
642990
708270
182626
656462
645344
660287
664195
148340
733356
654621
662781
664527
561796
136443
190284
731466
699389
599875
602554
723295
727823
702126
695422
128692
663350
133352
723065
702902
600450
430557
732714
663331
713643
600867
664433
663107
634388
707012
663073
663146
690444
712899
725582
711918
707022
733583
693667
709767
663480
657935
551995
648567
711290
714873
442160
708712
664227
664042
600025
173233
557644
658123
592759
664378
631797
658202
644847
659666
536633
731443
740842
600961
720975
655070
659898
715039
664064
652977
662183
658476
663508
644693
713008
593216
662069
661375
743463
733215
167087
713656
356721
663102
664373
517438
700975
706143
661111
464595
432566
709154
733010
380956
645450
600814
659367
661395
720231
743219
593011
661673
711070
572189
654977
659093
605083
662954
573202
663177
663605
645902
663088
655686
548018
290831
634000
663089
567539
732516
61184
661540
733401
661400
664390
648636
657019
713664
634447
729364
662786
681887
552800
699316
712686
663099
152460
743220
664233
701361
675655
124848
633059
708158
713120
593376
657898
713718
603274
710405
574710
656216
732433
595320
708811
705580
633338
657070
662227
449415
663361
660795
706044
732414
461807
731430
687808
661842
655950
374460
661567
711117
664321
650092
430824
546903
710438
723409
595868
594519
174021
713706
705873
661803
657334
93832
708338
658362
708558
436009
105944
732267
701441
712597
716095
349150
663368
715270
728926
651782
664424
604300
567699
712937
714988
596580
633271
662166
694927
734082
737060
663722
293978
222731
644773
664419
664238
721310
712725
600087
634439
743288
663562
731478
731501
224012
705797
645643
631994
707733
714517
633088
664325
658710
130853
663180
614195
664372
593087
733601
657637
655787
741652
595264
701787
663391
707244
664412
634016
706897
663439
480321
657736
663514
580074
494568
708887
663098
657782
679424
663178
700774
134656
663504
655954
593927
713621
707338
657607
720350
337307
657828
731606
595802
731653
661595
483829
662933
705890
600862
663362
602701
596272
664434
664220
661914
663487
670718
663601
517207
708066
595847
591807
715088
644777
713889
628573
664078
446700
662953
663935
733491
741178
634675
715916
604400
446522
663077
662133
726339
664398
709037
732227
663477
633225
593176
430300
586298
707702
657236
597364
663768
718733
573436
660398
694978
658976
594262
599620
661520
741752
594448
706246
701177
491779
664066
736416
584939
651519
585792
636388
706223
598939
662785
705680
651549
713681
663176
632539
632988
193784
663951
656343
693847
663137
710176
430095
707284
643648
663603
655920
714048
512542
720113
714423
592414
661380
659931
519520
536913
707090
657308
720958
653312
663093
731423
661385
658906
585672
663853
661401
707170
663422
708459
449095
707250
678310
654950
664362
663967
514216
708774
595887
632796
540345
107474
731679
715687
454011
702885
430742
539717
733619
597387
658892
433047
23033
658076
656390
333643
664435
708355
661390
310781
710446
162010
721523
657016
663934
662399
632626
735714
675578
600631
734579
712841
728972
699535
473761
705892
467411
496271
655575
592599
707161
448226
705738
663335
130011
663179
664225
702164
632891
733599
732655
644939
567490
387576
707339
662181
291209
658503
598011
663890
724692
663114
573586
663692
735793
664359
656459
731573
732891
535593
707112
432535
661377
120633
658276
659241
444049
567702
645579
100261
732707
664357
663564
733521
662777
661894
663352
697218
659136
661405
714993
546568
530359
662984
567817
713135
696702
664387
594419
433010
664217
703449
644901
663111
655530
741257
662955
715338
534603
633529
386793
728162
551944
626608
731502
506989
703758
401218
661374
664320
648425
632900
709788
733064
663615
663956
662771
599962
595233
714206
663404
31181
716638
569761
272234
705705
486304
664400
714301
658678
666537
661311
697073
719698
704544
597488
701604
433026
465411
664413
593873
>part
>ku
>uu
702919
634415
663505
600219
663511
634411
663503
600205
663507
663479
634416
634422
600233
559742
663526
663563
663753
543171
683395
663618
548305
663066
600074
662983
729496
600075
554579
540329
663188
663181
663051
663183
540753
663116
664355
664406
598527
634565
664241
651547
677221
663356
733581
572260
598708
635704
346856
664271
661136
690323
664237
729087
664399
653574
664219
664401
598707
663438
664221
661381
664565
664210
664343
572285
663355
664240
671180
663351
664344
664567
634401
663338
663963
664364
664228
663966
664564
663954
96360
162891
663358
663440
663354
671167
565377
664403
634587
671181
663366
664361
663959
661138
663360
664436
538010
275663
634492
634532
663364
540584
664566
634399
539185
600160
661409
663363
664573
663960
664363
600778
664405
661403
663962
664396
664065
671170
663958
661383
663112
545460
663349
664232
664392
664531
663365
661378
465730
664422
663359
663333
664529
634535
664394
664407
664224
658279
551042
663332
579390
671169
664388
671166
661384
664356
565813
664423
663337
663330
575301
671168
670725
664222
671179
664272
683893
661382
664358
600864
621141
664251
600471
663602
663719
600288
540093
663604
663610
663611
325198
663867
733444
663095
639443
551409
662952
663108
663103
634342
663101
663096
105428
600015
663094
663091
567106
663097
634343
518145
664375
661371
663734
663984
600866
430851
664236
670723
599869
664427
560725
671175
661312
661392
662779
662677
661135
634309
303427
664131
664410
661397
661410
562304
664418
664376
661389
663851
649121
634564
664417
663850
539414
720700
662778
664411
662774
664414
600520
635651
663983
663940
662783
600346
664206
663735
663777
671182
606549
664061
664416
662776
600321
572568
663944
664705
634558
544119
663939
664370
664323
633997
636819
661407
577314
661370
664415
670438
574757
653603
634490
664428
664062
664430
664132
600813
566159
664218
598705
377508
324207
661309
664205
662775
600521
663778
663936
661408
664534
547732
649591
664250
663982
664377
661394
663945
661373
661391
600742
662782
664059
651531
663732
664431
663776
634455
720761
661379
670728
>kn
201978
732341
460232
701398
485158
558387
681616
9997
249718
518475
133337
79387
445403
117938
5345
632252
567438
505874
211463
405156
439481
632703
154654
24258
518060
594307
158304
49774
727580
9234
90875
657844
279784
407694
504877
722260
16622
170131
591347
293563
203717
655387
654827
234642
520182
16349
319334
29899
444959
86543
427232
546287
407856
145575
743286
731866
743252
300141
258855
374950
446685
743377
298654
334846
270043
158497
227253
191734
513153
85769
514063
150580
595458
487200
63788
550906
516954
655327
495710
65135
496068
155218
130098
75812
655046
474935
686171
713956
474116
943
211511
408018
514821
580300
82793
496710
133135
654668
301853
28540
422986
498892
293274
47517
601562
280378
432862
182385
495834
205558
6076
290758
372616
523789
446429
656782
333427
469473
111867
522665
531856
513851
535011
124147
458426
202354
584905
173611
524648
148641
621200
467306
369089
436383
433419
368078
270291
594634
75243
741169
489142
513695
5324
631869
103159
77768
159472
1197
631656
594658
21938
510407
409140
201446
15591
377830
646318
515070
655455
407604
494691
726537
503093
468410
215766
454534
100915
221737
487027
471779
231616
518236
508423
740515
604915
105887
533624
731476
26890
275352
156727
507333
474053
532286
519162
197644
546269
8102
236774
66915
79081
75256
514051
196990
76394
552810
606584
181128
181300
521926
144468
330463
59719
3100
267245
75799
307734
730654
446374
178715
632787
19156
743265
325978
631814
470996
288487
344151
116467
421202
592327
500842
503022
410388
591456
404741
530024
466714
183850
444099
436166
167641
276808
73527
144130
731513
333907
1063
486548
612151
39925
162757
128959
743291
436446
442344
85539
731575
741382
194754
525093
719176
134296
632717
657632
371249
603629
513646
435700
462913
55847
512607
513626
413416
194110
661972
494173
631768
57652
509499
301904
286226
593446
204773
741319
270244
558799
212838
720898
484047
448497
384598
516522
660718
69293
35052
82609
446336
458358
208765
369056
531614
660760
48297
414418
720388
433701
708268
211079
720151
483873
497893
142736
412196
116459
323342
33962
498569
652364
115838
406678
102798
46894
741280
122926
97439
743296
18894
474384
492212
654580
443301
279929
471441
419171
591809
370504
169615
209113
157378
587350
631551
633514
743242
516837
355643
54457
591363
300772
438994
155040
709321
270017
515542
430075
443914
167017
557550
505824
533192
317243
473152
568006
655519
741298
567513
503692
516111
6815
119316
743241
78880
61469
369670
11776
99936
478125
564847
187636
477128
628886
284141
280130
62886
135646
77793
518270
517553
468442
729080
520149
632554
343244
435557
415842
743271
524271
524368
208358
435001
78016
208597
645792
430551
518346
17546
433381
95612
181326
433068
159509
506276
269577
440950
591360
274531
632385
643780
35198
128453
437647
149305
59889
448229
498115
327527
719189
514806
211929
558428
518562
109731
62578
502917
173524
514196
415414
591742
283749
78989
372378
2533
627414
25892
511138
284292
740394
513058
23119
483305
123119
491351
369624
644125
9347
631639
477028
2006
533710
118681
23650
368160
731661
1908
442657
489040
469313
185172
119273
278695
437008
63290
78089
586423
89545
657926
571246
80358
151218
652114
232532
516933
515846
356190
416207
654821
335355
376064
162458
607212
105465
369761
620596
284286
534141
77961
439894
22546
639609
505676
128548
149168
520341
677623
513463
192619
380953
48849
740488
475963
647774
123070
592944
433291
436803
49582
28020
213264
298280
528305
152173
4029
412482
255230
470477
743553
719925
355753
153177
313905
285051
82719
593292
482390
644306
523360
643548
91579
42644
705617
195060
149500
75516
590143
436975
43744
414579
343873
458365
118243
129206
532609
7910
133044
482043
439620
438550
409561
740597
490789
410965
270655
655373
652255
472475
740434
517670
180877
12253
4276
20848
534770
459072
502176
483444
487635
570821
381134
156171
708182
517148
445588
292472
740577
632258
421245
474751
521056
651512
491861
657722
631593
470588
597434
276878
6126
472852
356440
415342
308992
499709
351461
3192
516505
497391
368149
406050
612096
440049
75061
463785
387057
696631
728762
162241
501293
647334
479396
5258
308074
284630
577775
387679
4900
292882
534261
528087
372924
499941
282376
221127
519168
423103
743218
513490
654604
592170
144513
246046
466625
472564
660010
443417
498727
349570
504115
525105
81964
7012
75361
493750
656361
195080
522384
432818
517864
647371
644524
82961
148559
612782
700344
485527
546291
516160
284279
348979
443031
445711
250666
499839
520967
227656
655785
324844
13495
29802
741412
708393
592124
821
656298
169358
519702
173724
108080
283402
430425
508644
743224
467284
731649
323396
309231
301048
108408
731718
632282
743237
407368
514535
283869
198760
631988
30345
529023
100874
712915
471675
2178
632456
521640
743317
696428
304362
604789
515474
444673
368996
112377
434900
708017
9587
730672
530291
480848
594250
534667
272927
373857
133321
532768
482038
546283
509966
350899
373560
499725
518827
733045
79110
23349
707137
653288
491148
370510
330384
415172
7736
516032
528803
347014
294145
591582
716652
531713
387804
570362
519909
591474
555866
704031
591868
504620
478275
406014
481569
484741
433732
655108
598475
518055
644906
96513
21899
656244
531176
743287
468140
716456
144011
5662
567337
145386
574492
654463
481927
250899
368934
156367
71040
431048
323562
356467
473632
591768
355570
743277
111577
485205
446664
653859
654803
632773
469918
528780
232543
655684
729062
515517
287521
435342
13034
101307
272011
78619
503043
128576
655105
445387
585374
151777
643544
730799
591047
198269
522493
743298
279837
591002
740414
446459
109520
508154
23363
371987
7367
226007
49143
333579
76480
417004
3439
516114
705699
421257
443572
516986
732509
524630
485365
444558
356224
12420
577256
445203
173878
439200
487046
61441
513856
636480
653202
523185
740376
656137
368610
482497
596136
144873
105818
447011
515155
146668
465323
515111
12286
465924
741589
740399
177576
408542
460238
221497
27267
481542
446270
498292
370895
504320
612155
387255
518417
252839
288936
389996
654591
506652
467960
709609
443673
482144
159028
496587
81328
737206
493739
632706
512564
483136
77254
510324
520636
567235
706662
711461
409602
17118
509765
476448
654473
174050
480701
483036
148078
515053
692209
495960
78582
522823
333120
480356
524518
238303
204564
120
467862
29444
496544
591666
446149
190622
356545
652183
467866
632226
522590
643120
660887
183706
568209
521487
462323
511605
288178
464472
189409
43670
302738
434102
5308
576320
595983
1342
654815
381126
593171
87752
442707
152414
190983
467701
137510
454528
519659
515162
666524
436426
437460
153458
567501
546239
150718
374650
57813
427284
591061
112444
743302
706016
644105
155983
449585
703523
385956
191215
1239
414565
12865
334832
743234
466919
500674
409223
632314
440544
534560
518731
435661
84084
517155
515872
372265
143736
353181
534032
183390
656515
433203
428027
519873
77498
201641
81874
730768
549751
192649
511768
464572
467192
166011
715543
229641
446079
436939
531789
439381
26530
91448
10846
596543
494419
476018
459265
516807
31387
125113
497599
511801
643566
164303
440382
436657
743272
591720
500419
524430
594434
525607
438720
316890
515472
372914
466539
213470
515500
730686
17686
446260
333132
377705
466154
268573
334713
199625
108530
181444
259594
110695
144835
647421
506759
512636
129673
530479
59425
514116
175955
368404
172865
514802
522310
435938
490287
414473
110849
146393
483239
517419
487510
514220
530791
530381
381050
27475
439480
740386
34024
39311
514681
596096
531064
532786
529631
75841
146804
88556
578443
18946
77060
104636
200600
525134
649307
444569
724025
97616
546286
727986
597216
485262
661665
22960
368376
657969
502705
546271
529677
421608
533771
729144
654907
166120
654848
250632
109778
43322
15738
530000
133892
596014
523215
514870
484188
558601
277624
435381
534168
517436
520070
178695
1707
448342
571841
31819
1437
730789
66708
643424
632469
192374
685640
507769
687688
445351
729372
644610
331420
433343
516948
246413
433722
726435
309467
486589
500007
643658
733403
485130
371642
656660
373642
170622
481571
503368
523468
531788
390736
130593
731890
129798
388645
70312
463506
309090
437275
518244
79322
631587
5120
502948
584908
335933
92732
517888
106185
469630
90061
158932
75859
651245
502244
508716
487296
23111
702907
493804
106674
60339
532359
524517
475392
520757
295917
713051
446354
111779
496646
251531
592108
223141
173030
513915
108957
522114
288215
513225
191186
502836
743379
631730
265829
55682
524308
275243
462379
743362
485246
532793
655234
20131
704983
205326
590945
164595
444467
743452
593833
424126
743478
207763
502756
530899
29665
286261
653349
388654
657991
529451
596607
423348
515642
731127
635350
1027
489287
30385
94229
177530
302669
348112
159711
148656
35199
82919
741600
265174
525600
187624
466766
446588
284295
728837
524280
424908
514819
497159
524464
611541
154296
525401
318526
102914
435941
510989
474069
461253
466804
594708
522863
433845
355927
171995
594563
434412
458487
743239
411138
655654
598297
714749
527778
436743
3530
77500
591952
425777
522433
694157
13351
76152
256667
271876
522817
652690
522675
604001
521092
593645
234896
270869
481202
98265
465413
657405
370379
594236
646264
510328
321541
520037
657067
503284
446852
74564
437497
54680
203961
631590
112058
374378
370781
102336
513261
47166
520898
534454
17719
479693
465645
480653
34114
435136
581170
524763
716464
654418
429608
6093
59332
233952
31130
476082
348500
512676
84753
386693
530101
599039
339639
528222
483454
530538
509736
362728
282410
655515
356096
741328
699822
743262
654968
500483
255973
718943
643610
61430
76753
380118
728759
25130
425125
488293
9383
491682
135471
498543
513075
703237
562568
7486
437249
433159
31532
659209
130774
492599
477375
146339
248785
153022
584801
529782
465744
532411
5009
743246
733180
419463
479223
83722
123072
519557
288232
528320
509622
656271
650174
368920
502328
416630
533977
496487
591463
166486
655189
315177
23960
510927
106529
74405
464336
513683
306242
438678
501023
183817
502458
518198
368866
411480
559040
82128
511425
523822
29383
100299
632531
592171
493309
463074
533732
158688
644352
654964
406300
209945
280342
294005
492208
150557
492407
163909
78065
389700
632379
42806
500874
658489
713690
372050
534404
435291
120165
437338
655285
74655
655217
75360
476319
743321
348531
124696
47062
508266
99819
190968
463759
741177
159118
194669
335614
708076
518530
298716
529053
256206
523262
726290
695681
534346
350268
279913
159556
404321
654552
518662
446017
508284
381219
585118
591358
510635
632317
534847
368912
46850
714477
194408
30174
516966
288382
205163
170839
470412
5148
484500
462492
644794
603111
484813
495349
516105
521924
523084
560655
31704
633509
48513
69771
66170
3887
468688
704511
27222
533287
507948
401388
593134
591569
355162
524390
163113
705517
590886
75254
68714
533903
279594
591069
647752
190334
632013
278959
389452
733070
524828
531111
441072
591003
87159
490203
510543
655284
464137
643467
430849
6551
743354
232165
546298
1048
237825
475506
25338
655921
200250
357637
172928
2785
443625
203559
41296
271341
460109
475812
465295
632179
534453
279669
471119
189716
659517
558396
461117
6764
553851
282678
130917
743235
22907
8904
373763
729498
618145
741244
558537
578973
13318
512675
23582
321231
443240
370937
1832
592456
2795
281902
643910
584851
405610
503546
162032
518727
233240
110637
14791
488282
709561
160562
514297
732570
349092
524183
282795
409934
574240
80296
524599
631989
278064
16695
504998
501252
470907
5912
476033
300816
567284
260855
131452
467210
181046
271643
369431
175343
122363
302740
524219
122523
356502
14623
663950
199877
102406
642042
513053
655623
731413
533444
472558
278815
431850
523454
641481
491577
349656
17109
405913
740377
462732
593351
533308
732228
186810
520943
712713
75182
489355
732259
165195
15961
483259
512235
21639
277101
439463
88297
25601
546285
145605
591502
743319
730597
657494
590937
147950
9061
513617
645317
709469
156527
485899
73722
593613
444749
347270
743259
118725
438429
262823
179986
370480
119598
445775
459049
352656
406620
555731
517937
443330
416998
16936
370927
44276
15299
445981
436350
643430
351665
446427
408434
364544
517941
97887
701982
356061
263812
741157
114412
350927
268939
732773
440525
2780
708998
514465
740445
646645
741199
591947
387567
62771
569831
471851
15827
162585
743248
19977
274539
36587
299002
491322
654899
301094
533273
706674
105269
204121
138860
524431
591451
509451
517817
272168
567356
654568
460645
356630
696211
532749
372208
647036
111286
436977
534619
32417
98475
534773
654863
212102
50727
86337
230601
444776
656996
433863
660640
463059
106212
44070
256526
514373
277721
15200
114191
709320
356744
503709
15977
594647
651219
163484
731555
627078
522257
449609
24379
29595
377484
632865
369068
534196
522057
372003
440553
590876
465929
505326
220950
103147
500375
397609
231883
440494
279245
370024
432491
522147
293653
288164
1869
408909
327736
520205
133397
390599
421136
356799
433269
517821
163776
89781
524953
514303
724482
567968
591133
470369
708172
511143
26704
495912
233119
651221
466828
575631
388739
250723
632144
12923
721001
413812
178011
544577
524731
709550
509017
118076
513779
131740
710488
445019
368084
9857
596449
696283
727344
509163
499209
445890
728813
156509
591095
466929
502823
565094
277704
198161
731317
356247
445899
504895
554791
529303
304249
104215
99962
732725
59214
163754
117825
371723
469244
351875
656673
333179
437191
501522
532803
522472
517768
517969
352224
655057
516077
25786
482910
76244
413801
118354
512670
400295
75093
502302
581171
99145
505104
255462
333526
374596
268742
648394
40966
349283
631841
199743
529592
443831
631827
162852
469171
718438
9534
523443
654602
178551
255935
557709
58663
491737
112318
443750
663312
334612
515371
416089
514581
162963
545950
268849
303787
5462
532853
655502
64004
519337
275775
109051
89603
655131
740407
631163
520973
603732
419640
506748
75864
406096
189585
151134
504317
435850
381105
527193
193406
623974
487360
730889
137562
170986
703306
376722
539684
495417
111256
429839
449909
462729
482526
397729
656790
535297
162233
714302
743420
80986
620644
502915
356873
497492
231942
478407
426296
521008
591166
878
644708
389037
506852
719958
507910
134602
356050
376209
28491
570455
658099
655156
655643
406510
188464
363492
644000
591384
86320
444450
321689
463045
371889
631789
440955
13982
594952
526754
707916
546261
591499
591945
741526
490512
591486
172772
74368
730710
352768
592178
642660
609336
647075
335079
78788
662248
438289
355606
496451
644633
657032
194718
30054
506381
534301
408236
534477
369920
534521
124953
499960
610830
516994
702646
523753
157160
412370
61635
54780
126357
234282
516777
743324
437006
597035
181163
523145
496512
406234
525238
484738
37617
130293
515271
262886
163645
728878
654816
152292
29341
592286
551962
654616
643580
437322
486360
258551
460179
286073
213666
436093
474536
356719
515154
529509
159161
231320
381123
438953
226117
500775
437638
467740
160786
531561
157113
531106
591455
533030
508848
528300
200804
438918
533782
71787
533770
522699
460857
400740
460355
502829
525205
519884
653654
567572
445570
496279
700353
431307
462998
98594
56045
83383
368794
593430
647067
83190
410977
208680
372082
301404
30570
129261
534293
654570
433529
473296
168073
732105
525088
375957
369728
743361
134885
380271
429819
565319
523463
410596
485557
190028
659291
592142
466693
437366
105153
72026
408241
631582
476365
396644
371001
377992
116244
505652
432699
369615
524910
514174
36794
621695
634882
22399
188553
365706
304192
643590
449662
397978
616962
743329
603252
516157
284207
466435
504517
594170
475538
488827
24178
533514
183684
719951
505735
441038
629638
433750
107812
112569
512914
212088
175534
264887
570355
438454
370950
592184
21765
388613
587979
472497
661088
567619
631549
435535
283652
430299
591329
517949
590958
741226
514151
662284
726012
431668
257970
454640
727355
368214
406423
235390
334587
26232
360940
632151
185807
696231
6638
500466
525163
104613
433427
258576
214142
463421
444403
213724
632918
522568
533719
183153
430439
603676
26904
529517
523004
275865
334707
8361
731668
16059
443379
6483
431550
584985
660109
134406
374588
183435
15535
180414
643051
62661
514599
522484
279652
594084
433795
485434
447654
596704
355126
473927
95600
592262
197116
515329
124047
89649
536663
401903
442634
719203
69855
406683
463375
373741
743512
715194
713595
77318
79101
521969
365365
518525
246310
433442
597091
405880
356398
433615
644919
588655
497520
190086
432121
524690
274313
496684
404568
487774
524899
190495
467733
201034
83147
535762
433222
502745
195464
9925
602086
310645
460
200100
148767
632721
205144
467634
184492
442798
372680
437178
517145
443460
370312
500921
293660
8036
654447
643552
492314
119177
311640
287749
178357
458986
712144
356366
451997
529495
356331
146688
610084
155827
464210
147381
696735
23581
132599
164060
553723
436161
486542
655215
527861
530009
26023
417029
466662
731633
546288
591078
518464
446091
529178
389638
285847
12332
481186
182255
741420
522632
446414
743232
647056
663619
523732
172550
522555
445893
271614
112242
448588
517216
720173
209983
517033
475872
78888
721234
66731
183109
632447
486285
87889
520287
389461
643605
157078
729520
656313
369285
445498
518249
27239
301696
112553
9315
504687
369614
55879
184233
596105
17466
221847
489051
76704
122927
476358
406475
519523
135763
315137
418233
410817
713588
207538
535192
531371
260750
497350
591518
253319
259412
501345
88778
406013
523560
534314
7644
520348
516664
518201
634506
632807
507087
591664
171626
335139
520414
546292
27693
533013
644095
433146
23248
462598
565725
631602
8859
492555
465041
591680
494337
418175
114286
125898
437779
127403
4055
474018
155742
723297
485060
637001
482730
130036
406520
129195
463456
534679
591122
500067
642624
654471
75348
337766
401929
458401
591589
438227
530862
460141
586059
437846
381061
332173
732666
74563
414809
133916
78466
78224
920
655301
146312
741531
446574
164226
555910
503594
82916
477346
631971
493791
439309
533738
20107
467338
648565
380887
263912
373612
726316
379018
183702
512867
118738
491912
464333
662152
156178
422990
12970
246112
741153
145956
356572
498397
335163
455493
26670
48353
509083
27021
522413
207459
26006
55999
463041
289123
155729
146602
9235
150122
513266
518805
29698
647064
289271
27059
169982
511991
95835
355141
604551
378103
535319
655334
167496
351475
643683
423163
617449
368433
632326
124366
654400
459379
706168
654566
520189
353090
13662
578109
591375
523811
273621
458414
78060
546407
496191
535804
594444
743253
654371
554762
380403
432485
656498
533526
655006
313544
95972
533479
642701
436568
277677
643433
743386
471933
213061
529420
374477
470646
515598
408054
597755
743533
435933
323489
659013
658436
534330
593920
82045
120855
304682
189075
523739
198072
568247
741167
386684
84549
169378
436505
143766
655348
598862
524214
374257
82116
50098
437594
172602
91531
531550
656205
521973
154163
591178
132225
643130
535298
542050
535464
120963
418520
525392
419126
435052
102696
528834
109052
20274
743274
179309
475125
434966
292457
408073
708190
435012
501353
709581
368296
504301
458355
524502
256301
352671
16258
444986
181112
463569
523550
163451
476415
492445
387208
301478
554829
192103
188456
532855
407860
648612
508021
183232
483494
731613
372633
655277
59368
241576
513867
204238
611911
656723
304613
702056
446890
525232
657131
529317
152536
459538
591306
4082
82890
368359
634508
368157
119251
253603
469331
434286
360174
502659
433060
518460
527090
520640
44385
180946
720376
721414
369755
433759
274402
533551
533282
193118
173088
471207
129055
75694
335918
632729
408142
631539
234786
233950
405590
596461
439662
731847
117136
518774
729370
356076
709288
461787
75160
520627
463964
38972
282700
301350
10499
463797
446251
183428
131188
602528
433670
567236
520042
136247
529862
743323
494457
465593
489615
743431
76686
655259
438587
119192
160211
502770
5268
593928
647370
181244
656565
642877
187694
283851
420757
517232
474643
593382
180141
380933
406277
366053
24601
519574
310231
513633
529798
468878
731510
369017
596514
720220
460960
12341
632093
370854
715556
14317
652371
506357
37616
598540
423968
374127
514132
515475
75835
500165
276770
82327
148677
410455
563491
591967
495039
433391
87194
459927
584862
713245
21816
83734
282998
732031
26837
741282
171695
647068
465885
471695
65758
20013
644384
138211
516176
445078
501012
499925
186756
418093
131436
652235
924
189772
501629
471381
499952
493668
15250
96459
643813
705480
592317
515879
517262
370770
594238
740620
614787
20529
445052
498548
224137
522449
264482
14555
95140
521800
600825
567342
654636
655179
485081
558296
147762
709416
122337
546289
631725
485606
522356
404466
432914
79088
709218
12677
238432
603657
439645
523718
314359
186350
253903
632015
434255
128199
500771
371794
279806
484950
293560
592188
518773
458917
654380
502876
418581
715616
77978
108104
182825
731923
479808
655338
502223
436687
207106
75914
513083
522373
519601
707712
654351
104925
444947
370247
435512
336681
12107
718492
515560
50382
200022
56
561064
284284
515536
561314
337295
710442
410126
591110
180909
177926
523252
497684
654475
520313
514211
731707
171280
511504
511817
713535
534255
409230
32148
149991
743257
131255
584884
584830
741289
25674
210532
506997
218366
480311
523836
293811
500750
513315
655143
306083
75231
524590
709466
659311
516671
510409
152978
376046
346736
>un
657784
506435
479728
659732
713479
644980
714318
664402
663952
698341
88605
661449
388742
662950
651574
664209
700105
7917
708569
713835
660369
257368
647315
743436
727882
7854
632983
731722
592392
569458
487161
729545
737319
700958
663941
655579
733771
150064
663182
519738
661310
447714
600204
638121
679283
664568
600030
569800
448879
657811
662545
663092
484769
619009
596764
663357
659310
660941
662660
662784
725336
547465
647444
567846
610373
732668
665958
449037
292580
603286
715779
546323
741977
663213
656820
663620
290820
660047
731601
697521
600488
713582
287168
661398
443627
661399
712829
741390
490273
743327
661376
664408
730816
600157
733541
714935
587502
718605
568386
705547
703553
657641
126938
715719
664231
571163
715735
663731
659483
662871
523470
702947
659816
733764
633993
700831
645304
333118
595524
708396
600322
732608
741205
663113
708893
700044
662951
432331
741426
335057
708727
591538
733508
656788
654971
666154
720644
346566
716727
663863
602987
632537
655424
546324
708337
721374
659884
137945
436298
5724
703444
732529
712922
663353
705664
743247
663957
730984
666310
561110
707354
661137
528668
733479
13291
448833
702200
710716
644782
558835
714487
742151
210739
661402
595493
593270
568277
656129
714525
731644
663938
447953
593517
704508
694796
633082
634562
741685
662047
553031
663674
632573
740541
653522
663087
634491
714620
662780
493517
715148
666842
659405
732023
733105
553217
661314
595502
732021
743275
645178
512525
649066
480743
713833
592455
592636
719384
78592
437367
279529
708256
593861
600854
731514
655274
656661
707043
593027
514118
706076
733001
737180
295923
667843
694115
633766
180171
732277
379858
658890
659746
730749
743458
715052
660583
655444
662535
597496
606538
661393
508769
727846
191602
733428
707223
633885
162874
702906
743529
714239
430013
590939
509585
645803
732777
514368
709493
708368
594599
716502
664532
733071
598270
661316
743535
655513
536395
660032
713634
655617
708120
656872
446345
568273
664374
599033
553053
714596
663953
662787
559896
567352
708202
369785
633942
680812
716096
14822
667972
660236
592851
661406
714023
706702
664391
732548
714198
724874
718320
663784
714046
658167
663081
705884
664360
655468
532959
664322
301858
741314
596814
706312
293184
592555
7753
663115
654770
663617
720940
602348
670361
741843
642990
708270
182626
656462
645344
660287
664195
148340
733356
662781
654621
664527
561796
136443
190284
731466
699389
599875
602554
723295
727823
702126
695422
128692
663350
133352
723065
702902
600450
430557
732714
663331
713643
664433
600867
663107
707012
634388
663073
663146
690444
712899
725582
711918
707022
733583
693667
709767
663480
657935
648567
551995
711290
714873
442160
708712
664227
173233
600025
664042
658123
557644
664378
592759
631797
658202
644847
659666
536633
731443
600961
740842
720975
655070
715039
659898
664064
652977
662183
658476
663508
644693
713008
593216
662069
661375
743463
733215
167087
713656
356721
663102
664373
517438
700975
706143
661111
464595
432566
709154
733010
380956
645450
600814
659367
661395
720231
743219
661673
593011
711070
572189
654977
659093
662954
605083
573202
663177
663605
645902
663088
655686
548018
290831
634000
663089
567539
732516
61184
661540
733401
661400
664390
648636
657019
713664
634447
729364
662786
681887
552800
699316
712686
152460
663099
664233
743220
701361
675655
124848
633059
708158
713120
593376
657898
713718
603274
710405
574710
656216
732433
595320
705580
708811
633338
657070
662227
449415
663361
660795
706044
732414
461807
731430
687808
661842
655950
374460
661567
711117
664321
650092
430824
546903
710438
723409
595868
594519
174021
713706
705873
661803
657334
93832
708338
658362
708558
436009
105944
732267
701441
712597
716095
349150
663368
715270
728926
651782
664424
604300
712937
567699
596580
714988
633271
662166
694927
734082
737060
663722
644773
222731
293978
664419
664238
721310
712725
634439
600087
743288
663562
731478
731501
224012
705797
645643
631994
707733
714517
633088
664325
658710
130853
663180
614195
664372
593087
733601
657637
655787
741652
595264
701787
707244
663391
664412
634016
706897
480321
663439
657736
663514
580074
494568
708887
663098
657782
679424
663178
700774
134656
663504
655954
593927
713621
707338
657607
720350
337307
657828
731606
595802
731653
661595
483829
662933
705890
600862
663362
602701
596272
664434
664220
661914
663487
670718
663601
517207
708066
595847
591807
715088
644777
713889
628573
664078
446700
662953
663935
733491
741178
634675
604400
715916
446522
663077
662133
726339
664398
732227
709037
663477
633225
593176
430300
586298
707702
657236
597364
718733
663768
573436
660398
694978
658976
594262
599620
661520
741752
594448
706246
701177
491779
664066
736416
584939
651519
585792
636388
706223
598939
662785
705680
651549
713681
663176
632539
632988
193784
663951
656343
693847
663137
710176
430095
643648
707284
663603
655920
714048
512542
720113
714423
592414
661380
659931
519520
536913
707090
657308
720958
653312
663093
731423
661385
658906
585672
663853
661401
707170
663422
708459
449095
707250
678310
654950
664362
663967
514216
708774
595887
632796
540345
731679
107474
715687
702885
454011
430742
539717
733619
597387
433047
658892
23033
656390
658076
333643
664435
708355
661390
310781
162010
710446
721523
657016
663934
662399
632626
735714
675578
600631
734579
712841
699535
728972
473761
705892
467411
496271
655575
707161
592599
448226
705738
663335
130011
663179
664225
702164
632891
733599
732655
644939
567490
387576
707339
662181
291209
658503
598011
663890
724692
663114
573586
663692
735793
664359
656459
731573
732891
535593
707112
432535
661377
120633
658276
659241
444049
567702
645579
100261
732707
664357
663564
733521
662777
661894
663352
659136
697218
661405
714993
546568
530359
662984
567817
713135
696702
664387
594419
433010
664217
703449
663111
644901
655530
741257
662955
715338
534603
633529
386793
728162
551944
626608
731502
506989
703758
401218
661374
664320
632900
648425
709788
733064
663956
663615
662771
599962
595233
714206
663404
31181
716638
569761
705705
272234
664400
486304
658678
714301
666537
661311
704544
719698
697073
597488
433026
701604
465411
664413
593873
