>id 2193|Mm|cgap|||white blood cell|||tissue
>part
>ku
401801
14112
>uu
401784
418362
401791
401777
105243
401787
383907
445826
401803
437800
401786
418364
349934
378092
418355
461250
401790
445825
401778
401796
445833
401798
445823
437801
401792
445820
445828
445817
401799
401810
401780
384431
386482
437802
401808
383776
445819
418370
401782
445818
381761
386046
375762
401785
401811
445824
418354
193400
401806
401809
401788
278064
470805
487408
445831
375713
453472
367017
445829
461244
362844
449792
386603
410691
410598
449893
410331
432339
410694
449964
363701
428737
428720
>kn
463437
41210
28689
28336
28366
32889
4379
334810
196846
260707
251048
379143
155620
560
295168
243954
37380
291826
234502
38911
210447
250617
9997
37952
390398
142822
435590
431282
309164
1109
59812
104491
6787
490268
271775
20323
425102
27740
24262
2154
14814
474038
486543
490357
275434
485669
476813
220289
42126
30144
130362
465902
3065
312170
34441
240473
2718
138283
274811
35345
219672
180191
214976
207555
181709
22564
275831
255723
310566
26282
255203
118257
170515
202337
244975
3571
27955
144699
37371
34348
235132
390634
379351
143817
215110
313076
485781
45275
22225
3879
38199
389863
248778
46742
490308
4261
400129
8385
38951
448614
98
4269
275942
301652
271703
440619
390906
34102
249311
46484
295230
3955
169234
5048
259197
482359
11675
486309
41596
205830
28540
332590
22418
295582
73467
195916
267810
183110
216107
237064
12965
440560
219648
490261
333026
18026
2654
390807
287901
156718
272221
171186
238973
196208
220327
428042
14424
386752
214682
482071
1144
218637
323925
208465
2952
1
21938
17166
4619
2937
207767
272847
272468
244820
86538
4046
259516
290669
116862
7142
21623
16533
490298
274466
29989
292208
383185
40272
122399
156919
3072
30479
320317
326167
209490
138471
490256
336955
271799
1260
377134
388127
439702
24169
29476
440952
100113
2856
490444
391007
295660
266033
274961
255596
271809
209800
292957
30928
42829
431426
3527
259191
102496
182628
196585
270259
284688
246493
221271
425495
205625
482110
3757
246391
352946
2545
213003
21613
30688
45436
31203
133367
27897
30010
476867
358706
248615
85280
266668
132634
482357
26584
349174
326531
187910
154457
277125
1776
2565
22985
489669
117294
38450
22584
439776
13430
7729
127560
240490
330004
30049
116675
2210
1664
34302
46449
311972
172064
490394
489605
467207
28908
367159
262094
130902
389682
490387
103545
254495
398119
390057
29743
252171
337038
196275
386931
89828
24417
432031
2436
88512
29266
239865
277024
6390
181860
41463
267473
329083
333388
29703
231091
290474
270975
458559
171378
74084
26908
290407
268903
210787
258923
806
296138
204524
229323
231395
271814
207298
153014
391573
279400
229087
57009
209329
3458
331964
178818
280547
287228
286593
291014
41033
23844
341186
96211
11175
486418
274049
290725
436014
29500
29058
29193
34159
29524
274329
393248
38868
549
10027
260084
136223
36718
27990
1155
788
352239
196173
260782
27582
254181
344074
20913
7906
490293
347643
10508
275788
70666
130227
45602
308452
251777
228067
24174
329686
84441
431849
28792
27293
290690
196577
3451
4848
22147
389110
122430
289387
218515
236553
35083
781
248478
8029
260994
253902
271222
275943
325827
45179
180063
156914
294821
57043
439850
289657
31983
258670
101264
291089
439649
424
301282
10193
153911
163
45995
194486
425296
116711
297482
10229
279603
26938
263161
413275
271670
336679
95452
125770
443286
386456
34955
277634
387734
24430
19133
216502
280544
315052
253648
334648
343101
28127
389969
335190
3929
9806
290791
209385
458003
158166
34056
30246
32825
292613
431913
274120
5222
34368
53687
4858
277668
272616
291624
23879
45753
4237
44490
268710
27389
223744
272920
334033
334144
224820
38529
440165
1359
143771
379007
290070
830
4933
29666
130260
322945
323984
392282
149071
34776
251537
192984
3091
254067
439827
277831
14868
297096
141197
388924
292140
294478
363404
170905
192991
358649
16898
485037
258204
28922
284686
472719
227598
332720
46299
252967
288949
290804
196013
111904
458138
276650
221274
24603
256765
405834
490340
57734
289707
27578
256480
182776
426344
2121
21118
21687
270376
288809
402215
102305
279898
274816
275710
371579
278458
277629
195060
9870
41502
277498
285906
103413
29773
28524
32497
252206
277864
395598
236513
23926
392113
19187
10314
43081
222266
22682
235074
284447
222
268104
172411
276277
428905
21697
277897
2065
270487
4091
259260
392098
280083
266978
490372
241365
27842
4462
247007
273142
330692
4479
34539
22025
204737
288312
300281
275446
205169
3059
222536
276362
218698
128153
271950
2180
371673
23458
205569
490270
28129
347009
194339
196581
25339
2152
86361
229108
244068
271674
998
1186
426080
299460
422886
15105
283293
150977
258388
29755
37332
331389
333349
2661
326799
261333
7980
18634
1773
379344
4222
12194
158231
442015
23670
482768
260288
27041
22776
361271
458171
60720
401807
291504
294020
289832
239554
261780
293273
391142
2185
31239
119747
329123
3974
315652
313136
29382
234573
291607
12832
212297
210352
150856
277217
29924
210745
440517
289810
440009
28804
138828
66853
28172
126984
105331
271819
256718
131264
290912
261027
295265
88795
74610
220333
29900
17918
482559
2948
34199
61526
490480
44223
247764
261750
277705
489723
10699
242791
18517
486213
251890
8396
296976
1104
23998
280311
14874
15622
386749
335025
259460
445821
276325
288671
29802
403318
2475
117874
213064
371557
43331
222934
287807
76683
251115
4084
277878
455917
19142
290720
233080
268041
109600
348374
399624
489653
439913
327591
10
297903
105263
410189
437061
259095
251228
143908
40673
256323
36241
298274
43778
265125
218473
235338
76543
5381
66
296142
31567
235324
391967
440151
83277
439784
235387
196005
3196
277713
489718
11186
130883
218657
214765
29150
271967
398543
284906
5305
245746
76725
181689
337074
422979
290774
4283
156
27252
281916
30016
3110
19306
102367
439868
402409
332855
45371
134191
257181
18974
292751
249225
116971
282932
379159
148425
333233
41568
263041
86670
261045
35627
247670
33779
335830
29192
22315
2368
49942
23811
482126
99776
39472
271668
945
443
118
153230
268000
322870
260893
256422
276374
276137
336205
21669
212703
38433
351579
439723
260194
41209
271071
21740
209650
227260
276856
6065
30088
29495
2395
288785
188157
490296
379050
360391
252695
26599
74982
17519
468228
270681
391246
425090
245357
323442
46508
968
132523
32584
391177
30051
329136
405739
280842
202561
28957
336848
22616
220204
833
392646
342177
261764
229110
23423
213292
223504
44174
317331
89888
1293
30136
482754
277327
6180
3913
22473
3444
24131
3624
439701
26135
28893
772
993
267517
1090
27947
46005
29599
485798
439876
128512
27705
43777
158981
35650
3064
264673
259648
2212
389251
321818
1972
291779
141230
427762
486484
390979
41867
29324
486382
4360
257474
212469
242072
152987
234965
34316
22478
181009
296202
470000
57249
290692
21281
283714
4071
119177
318345
1056
371598
1618
281741
149870
426706
280768
162811
28000
252701
22795
384918
41744
489649
2344
458102
98232
41464
218203
387108
897
283194
271642
289819
270186
275127
209071
474453
264255
1963
427589
41854
281287
294623
247788
284592
567
52297
328602
4925
168688
4154
360569
4756
384746
116418
405359
30005
275511
271249
482128
170855
250425
333499
6246
43871
30041
2987
1568
398185
425284
291029
277964
29296
439986
395108
274830
644
29041
399376
3093
211654
82139
487326
393602
5114
272460
150098
342275
391794
440325
311981
294938
29945
131406
39001
3999
18626
291032
217326
329605
254144
293753
384234
4467
490257
233802
277236
184163
485384
277812
3459
437031
425279
105278
246304
2651
132983
334658
105295
21299
23685
208750
271868
154378
321990
221452
4800
38438
330160
35600
359573
236795
371570
28376
1500
202749
104959
28891
291533
276259
215481
2136
236868
279485
30602
331626
171518
318567
490250
4735
269649
290488
33808
260576
490434
57175
357792
40828
133473
399785
122284
290482
288868
256910
4079
490358
109930
81144
347584
490322
425949
156452
283045
339640
30191
261022
249637
3264
441781
279923
62876
332967
2918
226899
427576
185453
250909
9043
290950
297033
166524
359991
307022
95479
153183
8012
236123
482401
275332
26212
32518
417427
241152
482265
8655
325746
316861
147226
386890
279839
165042
490300
178947
30066
379129
490287
295252
290022
10247
38342
1682
4114
71039
247335
371734
270781
218940
24250
290166
282556
181490
273538
250599
103428
458152
33284
31008
380410
2444
41479
270607
289306
334861
35511
49309
269815
4505
262327
309092
379004
275354
275279
4219
326263
281804
363813
238841
27567
272025
440802
221270
247625
1452
276131
225898
29702
116691
33903
236443
285620
474772
474456
290353
238343
203949
21880
235562
487021
281019
246127
74704
157452
268922
286753
180458
485782
27913
273081
249934
20931
288546
289915
347707
489668
306870
257482
473239
393411
427321
282039
207683
339755
261739
431239
30169
436517
28188
10141
1850
29253
200695
458106
102485
276386
270587
196464
27114
329076
253876
439675
375031
154511
258105
439814
103673
1738
297919
1786
222685
289800
32331
295124
13944
435508
18516
6645
23526
282303
457381
86589
196533
475060
490637
329667
440800
310642
258846
24680
230169
282158
248353
29442
371545
43745
35483
304088
10313
241334
87532
341742
266871
459245
288179
15969
794
208991
336743
29677
358608
1970
396243
210882
37341
27218
234472
256858
214593
273804
400294
10137
232728
1881
338021
244482
341377
28399
320896
9699
288474
27804
51049
386888
379278
399829
104368
1635
237085
34456
15701
425593
227258
259127
329560
29780
268148
268341
360075
10739
238455
3488
289346
60224
22786
33498
219639
285771
35287
261443
33706
486203
3962
31586
181973
179267
208619
85410
256798
86584
479583
482127
9257
39703
489638
271798
34580
379375
871
1401
269793
29241
378898
425612
167537
260210
253771
38055
246108
88349
217318
371580
426204
290534
6666
222473
3774
7271
120151
247844
490299
27656
273862
27697
157778
439665
22633
16660
12412
253403
439683
341848
38607
27291
390992
5400
270874
3152
173271
383562
87077
18834
271923
429811
41152
34351
331447
279580
387725
34408
20230
22119
294664
2068
133101
2903
383181
282093
379136
236114
278922
19973
27396
27886
21184
330116
245446
303071
40321
262021
316628
25504
46623
33896
480556
28403
20257
25848
7286
290183
301827
29473
30249
328688
386835
384
301173
220946
401332
240325
294975
27806
486175
250419
359633
1167
390983
275272
298
298256
29891
5248
44220
14501
5567
371592
194450
165979
246803
288645
28427
334789
203915
23528
317701
185735
426637
212549
124176
28264
389704
153226
290953
30357
423020
164493
333851
221412
1158
486347
289706
30571
381893
292415
246869
219460
299292
3254
250004
3994
206371
360747
2462
490347
29037
182271
249479
287359
221298
253614
21295
273570
332739
251155
356096
70999
457976
259311
331640
219581
20216
394279
234769
30709
76911
439805
333048
21175
296082
5286
486185
873
440814
253
328846
390058
490351
458309
397450
119185
245395
207367
327319
29043
643
371614
15510
277870
482114
238266
271671
341204
255877
277406
142872
280231
325512
28145
200971
387587
26017
10406
416311
259295
130752
1620
2241
298728
271567
127892
24867
321484
27651
65493
275304
25321
256712
196580
28052
403722
273379
41665
359831
215860
105251
440063
436579
24614
288442
439737
445582
284059
246440
322557
103701
205535
155708
280725
153963
34871
296520
249349
287663
289681
71935
188617
4266
277599
203747
490319
386758
1761
276305
29744
14465
256034
3118
220038
286006
29820
482337
439775
273874
28123
102752
38910
289900
27427
244118
15755
14155
21848
27792
343986
5130
>un
389169
258466
486006
445822
402903
461024
438316
393277
487899
486696
485605
396893
473791
352123
415249
389259
470806
482894
486272
393385
401800
359301
394430
474415
441979
380114
483147
397786
328601
391834
387988
440352
442392
482267
378999
445805
276348
486420
393458
393214
295669
275762
442500
241098
401804
470809
472455
1843
431415
474999
462654
365961
391785
440051
394973
445830
347827
461083
466922
397431
431677
266592
389253
407496
410692
489956
484010
391777
473245
429518
440300
473951
440002
474297
427584
400475
401724
401612
391071
440719
474536
474554
472749
30811
455357
441437
261025
440993
472967
383443
473398
394603
486259
475600
443193
437799
453347
469080
488960
471398
445076
442879
475576
254873
418003
461246
379660
28311
392479
320737
247762
393222
300416
455354
391754
328170
212554
391842
473163
472201
389146
427339
431565
458364
461248
397276
470561
398589
414303
471618
393536
319659
460472
395285
391207
458030
415298
472618
474936
474802
473244
297784
392490
392689
392966
391933
396273
489607
422834
392590
425436
410696
490445
391795
470166
440894
425170
486407
401794
445729
6343
208337
440748
279821
475798
397541
468398
470274
407137
466752
327837
28371
290771
30806
461251
467354
475937
472186
391838
440089
440902
481876
473570
393589
>part
>ku
401801
14112
>uu
401784
418362
401791
401777
105243
401787
383907
445826
401803
437800
401786
418364
349934
378092
418355
461250
401790
445825
401778
401796
445833
401798
445823
437801
401792
445820
445828
445817
401799
401810
401780
384431
386482
437802
401808
383776
445819
418370
401782
445818
381761
386046
375762
401785
401811
445824
418354
193400
401806
401809
401788
278064
470805
487408
445831
375713
453472
367017
445829
461244
362844
410694
449964
363701
428737
428720
>kn
463437
28689
41210
28366
28336
32889
334810
4379
155620
379143
243954
37380
210447
234502
435590
309164
104491
59812
1109
6787
490268
20323
271775
27740
425102
24262
2154
14814
474038
490357
486543
485669
220289
42126
476813
30144
465902
240473
2718
138283
35345
219672
214976
181709
207555
275831
255723
255203
118257
202337
170515
3571
244975
27955
37371
144699
390634
34348
379351
215110
313076
22225
38199
389863
248778
46742
4261
490308
8385
448614
38951
98
4269
301652
390906
249311
46484
295230
169234
5048
259197
482359
486309
11675
41596
205830
332590
295582
22418
195916
267810
183110
216107
12965
490261
333026
18026
287901
390807
2654
156718
272221
238973
196208
428042
220327
14424
386752
482071
323925
218637
2952
208465
1
21938
4619
2937
244820
272468
272847
86538
259516
4046
116862
290669
21623
16533
274466
29989
292208
40272
122399
30479
320317
326167
138471
490256
1260
271799
388127
440952
29476
100113
2856
295660
274961
255596
271809
209800
30928
42829
3527
102496
196585
284688
246493
221271
425495
205625
482110
3757
246391
213003
21613
2545
45436
30688
133367
31203
30010
476867
248615
85280
132634
266668
326531
187910
277125
154457
1776
2565
117294
22584
439776
7729
13430
127560
30049
116675
1664
2210
34302
46449
172064
490394
130902
389682
490387
254495
103545
398119
390057
29743
252171
337038
196275
2436
24417
89828
277024
6390
181860
41463
267473
329083
29703
333388
231091
458559
171378
74084
290407
26908
210787
806
204524
271814
231395
391573
57009
229087
209329
331964
280547
178818
286593
287228
41033
341186
23844
11175
96211
274049
436014
29058
29193
34159
29524
393248
38868
549
260084
10027
36718
136223
27990
788
196173
254181
27582
20913
347643
275788
10508
70666
130227
308452
329686
24174
228067
84441
431849
27293
3451
196577
290690
4848
22147
389110
122430
35083
248478
781
275943
45179
180063
156914
294821
289657
101264
291089
424
10193
153911
163
45995
194486
116711
279603
26938
263161
413275
271670
95452
443286
386456
277634
387734
24430
19133
280544
315052
253648
334648
343101
28127
389969
335190
3929
209385
34056
30246
292613
32825
431913
274120
34368
277668
4858
272616
23879
291624
268710
44490
4237
223744
272920
334033
224820
334144
440165
379007
290070
4933
130260
323984
322945
392282
149071
34776
251537
192984
439827
14868
297096
388924
292140
294478
363404
192991
16898
258204
28922
472719
227598
332720
46299
252967
196013
111904
458138
221274
256765
24603
405834
490340
57734
256480
182776
426344
2121
21118
21687
270376
402215
279898
102305
274816
371579
275710
278458
277629
9870
277498
285906
103413
28524
395598
277864
236513
392113
19187
10314
284447
235074
22682
268104
276277
277897
21697
2065
4091
270487
392098
280083
490372
266978
4462
27842
4479
300281
288312
204737
22025
34539
205169
275446
3059
276362
222536
218698
128153
2180
371673
490270
347009
28129
194339
86361
229108
271674
244068
1186
15105
422886
299460
426080
150977
283293
258388
29755
331389
333349
326799
2661
261333
18634
7980
1773
442015
482768
23670
27041
260288
22776
361271
401807
60720
294020
239554
261780
391142
31239
329123
313136
315652
29382
291607
210352
212297
440517
277217
289810
440009
126984
28172
256718
105331
131264
290912
261027
295265
74610
29900
220333
482559
17918
61526
2948
44223
490480
247764
277705
261750
489723
10699
18517
486213
296976
8396
23998
1104
280311
14874
15622
259460
386749
276325
445821
288671
29802
403318
2475
213064
117874
43331
76683
287807
4084
251115
455917
19142
268041
233080
109600
348374
399624
297903
327591
439913
105263
437061
410189
251228
40673
143908
256323
43778
265125
218473
76543
235324
31567
440151
391967
83277
235387
277713
489718
130883
214765
218657
271967
29150
245746
5305
398543
337074
181689
76725
290774
4283
27252
156
281916
30016
3110
19306
439868
332855
45371
134191
18974
292751
249225
116971
282932
379159
333233
261045
86670
263041
41568
33779
247670
335830
2368
22315
49942
482126
23811
39472
945
443
118
153230
260893
322870
256422
276374
276137
212703
38433
351579
439723
260194
271071
209650
227260
276856
30088
29495
2395
288785
188157
490296
379050
360391
252695
74982
270681
425090
391246
245357
323442
46508
968
32584
30051
405739
329136
202561
28957
336848
22616
220204
833
392646
342177
261764
229110
23423
213292
223504
44174
317331
89888
1293
30136
482754
277327
6180
24131
3444
3624
439701
26135
28893
1090
267517
27947
46005
29599
43777
27705
264673
259648
321818
1972
390979
486484
427762
141230
29324
486382
257474
212469
34316
234965
152987
296202
470000
290692
21281
4071
318345
1056
371598
426706
149870
281741
280768
28000
252701
22795
384918
489649
2344
41464
458102
387108
271642
289819
270186
474453
264255
41854
427589
281287
294623
52297
567
284592
328602
168688
384746
4756
405359
275511
482128
271249
170855
333499
250425
398185
1568
425284
277964
291029
29041
3093
399376
82139
393602
342275
150098
391794
311981
294938
29945
39001
3999
291032
18626
217326
254144
384234
4467
233802
277236
184163
277812
485384
105278
425279
246304
2651
21299
105295
208750
321990
221452
38438
4800
359573
35600
28376
371570
104959
276259
291533
28891
2136
215481
236868
279485
30602
171518
331626
490250
290488
4735
33808
260576
357792
490434
40828
399785
290482
122284
256910
288868
81144
109930
347584
490322
156452
283045
339640
3264
441781
279923
332967
226899
2918
427576
185453
9043
250909
297033
290950
166524
307022
95479
236123
482401
275332
417427
241152
482265
325746
147226
279839
386890
165042
379129
178947
490300
490287
295252
290022
10247
1682
38342
4114
247335
371734
24250
290166
181490
103428
250599
33284
380410
41479
270607
289306
49309
35511
334861
4505
262327
309092
379004
275354
326263
4219
363813
281804
27567
440802
221270
247625
276131
1452
116691
33903
285620
236443
290353
474772
474456
238343
203949
235562
246127
157452
268922
485782
27913
249934
288546
289915
489668
257482
473239
427321
393411
339755
207683
431239
261739
30169
28188
200695
29253
458106
102485
270587
276386
196464
253876
329076
439675
375031
439814
103673
1738
297919
289800
222685
32331
13944
435508
18516
282303
86589
457381
196533
329667
475060
310642
440800
371545
29442
304088
43745
35483
10313
241334
87532
15969
288179
794
336743
208991
29677
1970
358608
396243
37341
27218
256858
400294
10137
1881
232728
244482
338021
341377
320896
9699
288474
51049
386888
379278
399829
104368
237085
34456
227258
329560
259127
29780
268341
360075
10739
238455
289346
60224
35287
285771
219639
33706
486203
208619
179267
181973
85410
482127
479583
9257
39703
489638
271798
379375
871
1401
269793
378898
425612
167537
260210
253771
38055
426204
290534
222473
7271
120151
490299
27697
157778
22633
16660
439683
341848
38607
27291
390992
270874
3152
87077
383562
271923
41152
34351
387725
331447
34408
22119
294664
2068
133101
383181
282093
379136
236114
19973
27396
27886
21184
330116
303071
40321
262021
25504
316628
46623
33896
20257
25848
301827
290183
29473
30249
328688
386835
301173
220946
294975
27806
486175
359633
1167
390983
298
29891
298256
44220
5248
14501
371592
5567
194450
288645
334789
203915
23528
185735
317701
212549
426637
28264
124176
389704
30357
290953
164493
423020
333851
1158
221412
381893
30571
289706
292415
299292
3254
3994
206371
490347
2462
182271
29037
249479
287359
253614
21295
273570
251155
356096
70999
457976
259311
331640
219581
20216
394279
234769
439805
333048
296082
5286
440814
328846
253
390058
490351
397450
458309
245395
119185
207367
29043
643
371614
15510
277870
271671
238266
482114
277406
255877
341204
280231
28145
387587
200971
26017
259295
416311
130752
1620
2241
127892
271567
275304
65493
196580
256712
25321
28052
403722
273379
41665
359831
105251
215860
440063
436579
24614
439737
288442
246440
322557
103701
280725
155708
296520
249349
289681
287663
71935
188617
4266
277599
203747
490319
386758
1761
14465
3118
286006
482337
29820
28123
102752
289900
27427
244118
15755
21848
343986
>un
389169
258466
486006
445822
461024
487899
485605
473791
352123
389259
482894
470806
393385
401800
441979
380114
483147
397786
391834
387988
442392
378999
482267
445805
276348
486420
393458
295669
275762
442500
241098
401804
470809
472455
1843
431415
474999
462654
440051
394973
445830
347827
461083
466922
431677
397431
266592
389253
410692
489956
391777
473245
429518
440300
473951
440002
474297
427584
400475
401724
401612
391071
440719
474536
474554
30811
455357
441437
261025
440993
472967
383443
394603
486259
475600
443193
437799
453347
469080
471398
445076
442879
254873
418003
461246
379660
28311
392479
320737
247762
393222
300416
455354
391754
328170
212554
391842
473163
472201
427339
431565
461248
397276
470561
398589
414303
471618
319659
460472
395285
391207
458030
415298
472618
474936
474802
473244
297784
392689
392966
391933
396273
422834
392590
410696
391795
470166
440894
486407
401794
6343
445729
208337
440748
475798
397541
470274
468398
407137
466752
327837
28371
290771
461251
467354
475937
472186
391838
440089
481876
473570
393589
>part
>ku
>uu
449792
386603
410691
410598
449893
410331
432339
>kn
28336
268000
251048
260707
196846
560
295168
336205
276137
21669
291826
38911
9997
250617
41209
390398
37952
142822
21740
6065
431282
26599
27740
24262
17519
468228
425090
275434
485669
220289
132523
391177
130362
3065
34441
312170
280842
274811
180191
22564
275831
310566
26282
27955
3913
235132
22473
143817
772
485781
1090
993
45275
3879
485798
439876
4261
128512
158981
400129
35650
3064
2212
389251
4269
1972
275942
291779
440619
271703
34102
41867
29324
3955
4360
259197
257474
242072
22478
181009
28540
73467
57249
216107
237064
283714
4071
440560
219648
119177
318345
2654
287901
1618
426706
149870
162811
252701
41744
238973
171186
98232
218203
897
283194
275127
214682
209071
1963
1144
52297
247788
4925
360569
4154
17166
116418
207767
405359
30005
4046
7142
490298
6246
30041
43871
383185
2987
1568
29296
395108
439986
3072
156919
274830
644
211654
487326
326167
209490
138471
5114
272460
336955
440325
377134
24169
439702
131406
490444
391007
266033
274961
329605
292957
293753
254144
431426
490257
259191
485384
182628
3459
270259
437031
132983
334658
23685
271868
154378
352946
221452
330160
27897
236795
202749
358706
1500
371570
349174
482357
26584
236868
2565
318567
489669
22985
269649
38450
4735
57175
490434
40828
240490
330004
133473
290482
122284
490358
4079
109930
81144
46449
311972
489605
467207
425949
262094
367159
28908
103545
261022
30191
249637
252171
386931
62876
89828
432031
29266
88512
239865
185453
9043
297033
359991
153183
290474
8012
270975
26212
32518
171378
8655
325746
316861
290407
379129
490300
30066
268903
258923
296138
204524
290022
229323
207298
153014
71039
279400
270781
209329
3458
331964
218940
291014
282556
273538
458152
31008
2444
486418
269815
49309
290725
334861
4505
29500
274329
275279
238841
272025
247625
1155
225898
29702
788
352239
196173
260782
344074
236443
7906
490293
21880
281019
487021
74704
45602
286753
268922
180458
251777
27913
273081
20931
289915
28792
489668
347707
306870
427321
282039
218515
289387
236553
436517
8029
260994
10141
253902
271222
1850
325827
196464
27114
57043
439850
289657
258670
31983
439649
301282
375031
153911
154511
163
258105
297919
425296
1786
289800
295124
32331
297482
10229
23526
6645
196533
336679
386456
125770
34955
277634
490637
475060
216502
258846
24680
230169
282158
248353
343101
371545
290791
9806
341742
266871
458003
459245
158166
210882
5222
234472
214593
273804
53687
232728
23879
45753
27389
28399
334144
27804
38529
1359
143771
399829
379007
104368
1635
830
4933
15701
425593
29666
268148
251537
360075
3091
254067
3488
277831
141197
22786
170905
33498
358649
485037
261443
3962
31586
486203
284686
256798
86584
288949
290804
276650
34580
256765
29241
289707
27578
426344
246108
88349
217318
288809
371580
6666
402215
3774
247844
27656
273862
195060
439665
41502
16660
12412
253403
29773
32497
252206
236513
23926
392113
5400
19187
173271
43081
18834
222266
222
429811
172411
428905
279580
20230
2903
383181
259260
280083
278922
241365
247007
273142
330692
245446
262021
3059
480556
28403
25848
7286
222536
328688
384
271950
2180
371673
23458
401332
240325
205569
486175
196581
250419
359633
25339
2152
275272
998
37332
14501
333349
326799
2661
165979
158231
12194
4222
379344
246803
28427
203915
458171
291504
426637
289832
239554
293273
2185
389704
153226
119747
3974
234573
486347
12832
210352
150856
246869
219460
250004
29924
210745
360747
28804
29037
249479
66853
138828
221298
271819
332739
88795
34199
234769
30709
76911
21175
242791
5286
251890
486185
8396
873
335025
327319
643
371557
43331
222934
142872
325512
10406
277878
290720
130752
489653
10
298728
24867
321484
259095
27651
36241
25321
298274
218473
235338
5381
296142
66
439737
445582
284059
391967
246440
439784
83277
205535
196005
3196
153963
11186
130883
34871
284906
290774
422979
4266
30016
386758
102367
276305
29744
256034
220038
402409
257181
18974
439775
292751
273874
148425
35627
38910
29192
14155
27792
99776
5130
271668
>un
475576
418003
402903
438316
393277
455354
486696
396893
415249
389146
486272
359301
474415
394430
328601
391834
458364
440352
393536
393214
365961
392490
391785
489607
425436
490445
407496
425170
445729
484010
279821
472749
455357
30806
473398
440902
488960
