>id 1233|Hs|est||microdissected|pancreas|normal||tissue
>part
>ku
>uu
600922
731435
664507
544409
719920
660886
592637
664508
664509
664506
660889
660888
654886
546303
>kn
741224
468091
741170
701398
9850
529053
85155
695681
380698
740458
652312
404321
593159
445403
164144
1408
381219
585209
512181
9333
567438
439481
232618
379466
348921
518060
446320
647063
479766
297304
9234
470412
282326
19196
332422
484813
706355
504877
560655
633509
144447
728752
401388
427232
369438
491223
145575
524390
198998
53985
258855
270043
124126
524828
239666
202470
85769
149261
150580
244378
63788
469723
706676
494192
46835
143250
546298
532795
491232
237825
380627
632272
474935
202011
591922
713956
443625
741175
943
591242
644628
501991
535972
530443
465295
133135
201858
728823
500598
522401
422986
516494
432862
654437
489284
205558
6421
618145
578973
472838
283963
89643
23582
513851
546419
124147
713564
518727
610717
409965
621200
7854
270291
519246
741169
524599
5324
377155
470907
204559
73853
254642
21145
131452
594658
123464
30977
77135
122363
740463
524219
201446
309753
248122
524121
494691
25524
533444
445511
440900
487027
191987
592689
471779
272759
349656
429180
561514
740377
373550
186810
740515
368240
604915
591288
156727
269092
165195
9676
485892
446271
114033
483259
449291
89426
546285
709366
76394
68257
741172
654951
144468
603766
352240
126256
80919
528703
2853
523054
118725
182215
274772
719938
90458
153026
333418
51891
344151
585011
119598
352656
489786
4104
444099
480364
370927
1063
475018
445981
108112
446427
30824
368254
131704
437060
741196
356061
224152
598836
436585
467637
268939
488624
370408
501135
494738
527919
592009
443551
512607
277533
584782
387567
471851
12409
485233
9661
507584
307043
286226
507260
602757
558799
525557
484047
654899
396358
526665
459573
102735
533273
384598
466391
105269
239818
90073
349150
421095
591451
35052
708738
740365
348915
485471
35947
527412
437422
595450
484588
557097
497893
654568
438993
23172
498569
713632
115838
406678
556296
647036
122926
467824
244940
741263
494556
283565
185055
741285
107527
493218
515947
493919
631551
212102
306791
181289
54457
26703
421907
503763
731917
503251
504315
146551
3416
446123
437256
557550
463059
720177
505824
77897
106212
533192
277721
78771
472437
720509
291196
172445
515714
98553
501735
503709
438236
522257
525629
91747
74576
499145
164021
241543
659300
460789
632486
202207
78183
135646
500375
227777
468442
584730
71465
195471
524271
299055
708195
730618
408909
19400
1869
327736
170737
416358
95612
157726
94107
431043
131915
506276
269577
433269
163776
274531
352677
479386
567968
293629
477155
511143
6434
82933
471014
598388
269211
413812
411501
544577
36927
657015
232021
477891
372378
513779
118076
339278
430435
475733
406549
513058
596449
14468
81848
644125
193613
76111
631614
118681
23650
406515
502823
458360
277704
227948
504895
554791
529303
463105
304249
512382
250429
59214
372309
586423
436636
342307
632465
515846
522472
12256
335355
25786
505033
482910
524498
413801
460317
73923
483329
348292
374596
29464
654404
77961
108973
488478
186486
631827
128548
149168
255935
449628
192619
515371
725151
75335
514581
459106
567256
5462
132642
644231
28020
211600
558595
298280
22410
534052
520973
603732
532357
463426
470477
255230
75864
406096
355753
719925
435302
181391
435850
3094
285051
153357
593292
654671
509780
644306
525622
42644
472213
696047
195060
152717
510528
436975
466814
442138
741154
170986
149894
376722
530436
498732
406068
706828
590908
62192
482526
472475
525084
162233
278362
180877
119815
533709
369232
124951
116428
534770
120319
142442
9589
878
75765
740360
436061
151536
476930
459149
420272
517148
740577
292472
470233
74137
306307
28491
131489
173311
655643
654546
406510
659656
584790
444450
371889
102471
535711
149185
517172
557425
546261
135406
6126
164419
471528
463439
12102
368149
741248
74368
352768
654350
642660
516539
516217
501293
194718
18925
103755
632708
5258
284630
35804
603118
155017
292882
516994
126357
441047
55481
406917
808
299878
460298
181163
525238
556063
510262
498727
194725
592045
103521
75361
444931
466471
551962
412462
643580
471785
461086
500822
136309
401842
439060
277035
389733
243987
306291
437638
499839
486502
518084
531106
306425
508848
200804
533782
731966
487036
533770
414795
247077
501203
522507
4998
519718
609663
147674
430425
410037
462663
303676
118554
462550
740412
731649
301048
643600
260720
591642
531719
13854
534293
473296
732105
728780
525088
498890
2178
483209
643512
521640
410596
597715
143873
440604
411847
477003
633601
508514
514012
530291
24167
723236
631582
396644
8715
511251
11747
272927
34560
524910
655602
482038
546283
634882
621695
119882
203099
188553
374503
350899
696684
159130
706793
518827
58471
79110
8033
154023
286221
183684
370510
731817
412939
64016
120658
656769
438454
387804
379754
410026
435535
444356
591329
494146
497788
594535
220971
7527
555961
371698
504620
430646
654957
433732
334587
346868
643357
741176
50425
643447
191179
279704
371585
311346
562920
444106
504765
492261
656244
531176
144011
5662
9216
76392
654463
481927
523968
626404
562227
509140
71040
191213
524161
741341
111554
591768
515210
523855
653859
477866
528780
478469
515517
435342
57988
267632
523299
194121
533258
445387
445030
643544
62661
591047
522484
202238
594084
202001
596704
468254
536663
49143
3447
789
558536
69855
656646
116724
463375
705699
23270
656071
107387
487046
190086
524690
513856
660885
496684
523185
74466
740376
482497
513457
433222
268675
105818
146668
473286
150444
189073
465323
741171
83381
380906
310645
602086
54673
280990
567759
437178
517145
709837
469872
370312
514179
389996
236828
38449
293660
523309
249441
311640
216623
513039
81328
426312
471818
254042
300559
510324
356331
75117
632377
23581
709193
502769
153299
514468
483036
474938
404186
518464
120
446091
4747
652183
448003
522590
83169
459183
643120
369373
507680
459211
435479
660887
370771
379414
475896
521487
511605
17518
485784
497636
10326
172550
464472
288178
434102
468426
460468
517216
413899
517033
221889
196983
436186
526521
87752
721234
632211
425311
49407
445498
515162
528731
632380
6838
732047
504687
655012
184233
221847
78977
431317
644105
315137
410817
535192
207538
647072
1239
654922
575782
268787
406013
520348
518731
332197
435661
369123
632807
655103
335139
433332
171626
520414
641872
532188
533717
369022
75969
175473
646325
431367
166011
369430
715543
494337
467807
505545
212774
309641
229641
125898
436939
415117
211594
24135
592313
127403
388087
4055
34576
647182
637001
610926
5062
150837
494419
740380
184736
463456
202672
516855
303649
207631
497599
164303
436657
573495
730862
150793
591589
741258
113874
508234
418167
272062
714425
436405
381061
98309
183800
167535
108530
476432
144835
129673
512636
82916
175955
368404
435938
439309
491988
269775
506985
380887
75798
74471
470887
183702
547257
436031
12970
485628
473583
558967
578443
145956
257008
741168
525134
83114
724025
269944
404119
597216
108002
27021
278434
282901
207459
173894
591605
319171
421608
289123
654878
274263
518805
410228
654848
171426
473761
355141
604551
133892
523215
643683
445061
632326
368433
363137
591729
712598
505729
7753
520189
591375
602015
523811
509343
643565
594444
192374
79335
378996
535060
75139
554762
380403
181301
446098
533526
732252
82887
533479
46679
248217
192221
643433
733403
208093
205427
9822
642990
374477
741269
516866
655088
390736
467751
645344
481720
513609
490038
631587
79322
461896
31082
523739
741167
499833
469630
572518
143600
655248
169378
334603
75859
436505
109225
533086
295137
598862
163173
50098
437594
106674
125037
440967
211441
475392
542050
523852
535464
170563
465305
528834
431092
614734
631508
103315
643920
573007
510402
408073
223141
90280
741365
731507
289019
191186
524502
194148
502836
444986
231761
463569
523550
740522
370292
534613
554829
534189
444467
591547
731613
131226
502756
204238
653349
654545
438231
567486
491626
271135
726742
514685
529317
523302
75498
102788
4082
740369
440475
2879
466871
520785
69554
187635
389107
432690
655671
469331
13303
27182
525600
520640
657569
274402
461253
38114
300624
508148
516788
596461
406787
155396
10842
426359
356076
144949
193235
289293
498661
484363
292493
515890
269988
482077
433670
443121
185677
433702
435759
444292
529862
42194
516023
489615
522675
371563
119192
481202
529618
209431
656565
642877
321541
474643
3989
180141
406277
115088
460260
432822
529798
74564
654740
458499
42400
91586
506357
516874
598540
100057
81337
741182
513261
101150
310640
406799
520898
132161
522789
148677
115242
500546
495755
502883
712676
368281
480653
435136
525348
3873
459391
159066
7768
708114
728802
226755
643005
523512
624
176503
509909
65758
370689
445078
501012
517293
583870
501629
189772
530941
362728
741328
598832
643813
488051
517262
370770
4045
470311
16184
406703
413045
432948
61430
71377
25130
436643
420529
76095
156832
210995
315562
448392
521800
511899
446438
401218
133350
438072
468099
21374
130746
308171
4158
643896
122337
420559
584801
333297
432914
465744
524920
719042
713334
180591
19383
455336
416755
419463
109929
186350
138202
253903
206770
632015
645009
104320
123072
591484
279806
647118
510078
502328
100921
518773
496487
436502
699247
681743
183861
655189
524530
418581
77978
741195
196102
464336
74405
75914
262858
306242
595071
525419
500916
632373
368866
643553
449281
82128
654849
50382
511425
405144
520740
180711
644352
464071
512465
508480
191144
657750
355983
519514
280342
435610
520313
731824
492208
716128
150557
511772
492407
654859
343679
534255
436873
482017
741156
532461
258563
468186
372050
534404
371856
506997
515534
480311
642817
75360
515848
591160
41688
293811
79015
233552
75231
741177
516746
159118
>un
706583
61184
731192
597523
644076
644980
605320
720446
654896
708158
481657
593005
712951
708028
492128
713835
592692
647315
594695
634568
706044
719439
713079
622928
98445
696043
654890
722430
654882
598289
740945
12473
707364
652390
435404
713781
592625
593157
658434
705417
713568
592495
708359
487903
612332
738476
718522
700323
195058
293689
3353
654888
368598
713582
575922
707114
706946
715927
643780
701013
707733
741296
701198
704726
707244
719458
448223
598668
699905
703723
713327
506748
522897
729242
448041
43744
720644
732915
655424
436298
707322
561654
730616
592657
687529
592409
732330
731421
732674
699784
517207
593056
715088
545418
741178
715916
604400
696148
508644
713684
722480
632880
731431
592658
592861
727704
356481
593184
626461
283652
592455
592636
656865
78592
122441
708256
710162
700911
523012
731408
713712
129051
654881
664505
485365
695170
712768
594673
707090
732402
741197
606538
707230
731423
656455
554179
741461
429581
712799
562928
520703
67928
712892
592614
741174
660381
632796
706046
446345
731436
701243
310781
725453
656102
706229
632876
731426
78050
714046
444569
7037
269909
596814
707156
683399
702017
727859
713721
720458
568247
713923
518374
129136
468488
697535
710641
720685
731573
708148
732741
311072
662060
659471
696702
656988
592377
656252
559817
654884
547911
714443
31841
485155
595434
679128
356721
721030
159699
731474
602707
709696
706258
707184
706572
711070
713719
740375
655180
732675
714484
512908
605083
>part
>ku
>uu
600922
731435
664507
544409
719920
660886
592637
664508
664509
664506
660889
660888
654886
546303
>kn
468091
741224
741170
701398
85155
529053
9850
695681
380698
740458
652312
404321
593159
445403
164144
1408
585209
381219
9333
512181
567438
439481
232618
379466
348921
518060
446320
647063
479766
297304
470412
9234
282326
332422
19196
484813
706355
504877
560655
633509
144447
728752
401388
427232
369438
491223
145575
524390
198998
53985
258855
270043
124126
524828
239666
85769
202470
150580
149261
63788
244378
469723
706676
494192
46835
143250
491232
532795
546298
237825
202011
474935
632272
380627
591922
713956
443625
741175
943
591242
644628
501991
535972
530443
465295
133135
201858
728823
500598
522401
422986
516494
432862
654437
489284
205558
6421
618145
578973
472838
283963
89643
23582
513851
546419
124147
713564
518727
610717
409965
621200
7854
270291
519246
741169
524599
377155
5324
73853
204559
470907
254642
21145
131452
594658
123464
30977
740463
122363
77135
201446
524219
309753
248122
524121
494691
25524
533444
440900
445511
191987
487027
471779
592689
349656
272759
429180
561514
740377
373550
740515
186810
368240
604915
591288
156727
269092
165195
9676
485892
446271
114033
483259
449291
89426
546285
709366
76394
68257
741172
654951
144468
603766
352240
126256
80919
528703
2853
523054
118725
182215
274772
719938
90458
153026
333418
51891
344151
585011
119598
352656
489786
4104
444099
480364
370927
1063
475018
445981
108112
446427
30824
368254
131704
437060
741196
356061
224152
598836
436585
467637
268939
488624
370408
501135
494738
527919
592009
512607
443551
387567
584782
277533
471851
12409
485233
307043
507584
9661
286226
507260
602757
558799
525557
484047
396358
654899
526665
533273
102735
459573
384598
105269
466391
239818
421095
349150
90073
591451
708738
35052
740365
348915
35947
485471
527412
437422
595450
557097
484588
497893
654568
23172
438993
498569
115838
713632
556296
406678
647036
467824
122926
244940
741263
494556
283565
185055
107527
741285
493218
493919
515947
212102
631551
181289
306791
26703
54457
503763
421907
731917
503251
146551
504315
3416
446123
437256
77897
505824
720177
463059
557550
106212
533192
277721
78771
720509
472437
172445
291196
98553
515714
503709
501735
438236
522257
525629
91747
499145
74576
164021
241543
659300
460789
632486
202207
135646
78183
227777
500375
468442
584730
71465
195471
524271
708195
299055
730618
1869
19400
408909
327736
170737
416358
157726
95612
94107
431043
131915
506276
269577
433269
163776
274531
352677
479386
567968
293629
477155
511143
6434
82933
471014
598388
269211
413812
411501
544577
36927
657015
232021
477891
372378
513779
118076
339278
430435
475733
406549
513058
596449
14468
81848
644125
193613
76111
631614
118681
23650
406515
502823
458360
277704
227948
504895
554791
529303
463105
304249
512382
250429
59214
372309
586423
436636
342307
632465
515846
522472
12256
335355
25786
505033
482910
524498
413801
460317
73923
483329
348292
374596
29464
654404
77961
108973
488478
186486
631827
128548
149168
255935
449628
192619
515371
725151
75335
514581
459106
567256
5462
132642
644231
28020
298280
558595
211600
22410
520973
534052
603732
532357
463426
255230
470477
75864
406096
719925
355753
435302
181391
435850
3094
285051
509780
654671
593292
153357
644306
525622
696047
472213
42644
195060
152717
436975
510528
466814
442138
741154
149894
170986
376722
530436
498732
706828
406068
590908
482526
62192
472475
525084
162233
180877
278362
119815
533709
369232
124951
116428
534770
120319
9589
142442
75765
878
740360
436061
476930
151536
459149
420272
517148
292472
740577
470233
74137
306307
28491
131489
173311
655643
406510
654546
584790
659656
444450
102471
371889
535711
149185
517172
557425
546261
135406
164419
6126
463439
471528
12102
368149
74368
741248
352768
642660
654350
516539
516217
501293
194718
632708
103755
18925
5258
284630
155017
603118
35804
292882
516994
126357
441047
55481
406917
808
299878
460298
181163
525238
556063
498727
510262
194725
592045
103521
444931
75361
466471
551962
471785
643580
412462
500822
461086
136309
401842
439060
277035
389733
243987
306291
499839
437638
531106
518084
486502
306425
508848
200804
533782
487036
731966
533770
247077
414795
4998
522507
501203
519718
147674
609663
430425
410037
303676
462663
118554
301048
731649
740412
462550
643600
260720
531719
591642
13854
534293
473296
732105
728780
525088
498890
2178
483209
643512
410596
521640
597715
143873
440604
477003
411847
508514
633601
514012
24167
530291
8715
396644
631582
723236
511251
11747
34560
272927
655602
524910
482038
546283
119882
621695
634882
188553
203099
374503
350899
696684
159130
706793
518827
58471
79110
8033
154023
286221
183684
370510
731817
412939
64016
120658
656769
387804
438454
379754
410026
435535
444356
591329
497788
494146
594535
220971
7527
555961
371698
504620
430646
654957
433732
334587
346868
643357
741176
50425
643447
191179
279704
371585
311346
562920
444106
504765
492261
656244
531176
144011
5662
9216
76392
654463
481927
523968
626404
562227
509140
71040
191213
524161
741341
111554
591768
515210
523855
653859
477866
528780
478469
515517
435342
57988
267632
523299
194121
533258
445387
445030
643544
62661
591047
522484
202238
594084
202001
596704
468254
536663
49143
3447
789
558536
69855
656646
116724
463375
705699
23270
656071
107387
487046
190086
524690
513856
660885
496684
523185
74466
740376
482497
513457
433222
268675
105818
146668
473286
150444
189073
465323
741171
83381
380906
310645
602086
54673
280990
567759
437178
517145
709837
469872
370312
514179
389996
236828
38449
293660
523309
249441
311640
216623
513039
81328
426312
471818
254042
300559
510324
356331
75117
632377
23581
709193
502769
153299
514468
483036
474938
404186
518464
120
446091
4747
652183
448003
522590
83169
459183
643120
369373
507680
459211
435479
660887
370771
379414
475896
521487
511605
17518
485784
497636
10326
172550
464472
288178
434102
468426
460468
517216
413899
517033
221889
196983
436186
526521
87752
721234
632211
425311
49407
445498
515162
528731
632380
6838
732047
504687
655012
184233
221847
78977
431317
315137
644105
410817
207538
535192
647072
1239
654922
575782
268787
406013
520348
518731
435661
332197
369123
655103
632807
171626
433332
335139
520414
641872
532188
533717
369022
175473
75969
431367
646325
369430
166011
715543
309641
212774
505545
467807
494337
229641
125898
436939
211594
415117
592313
24135
4055
388087
127403
34576
647182
637001
5062
610926
494419
150837
740380
463456
184736
202672
303649
516855
207631
497599
164303
436657
573495
730862
150793
741258
591589
508234
113874
418167
714425
272062
436405
381061
98309
183800
167535
108530
476432
144835
512636
129673
82916
175955
368404
439309
435938
491988
269775
506985
380887
75798
470887
74471
183702
547257
436031
485628
12970
473583
558967
145956
578443
525134
741168
257008
83114
269944
724025
404119
597216
27021
108002
207459
282901
278434
591605
173894
319171
421608
654878
289123
274263
518805
410228
654848
355141
473761
171426
604551
133892
523215
643683
445061
368433
632326
712598
591729
363137
520189
7753
505729
591375
523811
602015
509343
643565
192374
594444
378996
79335
75139
535060
554762
380403
181301
533526
446098
82887
732252
46679
533479
248217
643433
192221
733403
208093
205427
9822
374477
642990
741269
516866
655088
390736
467751
645344
481720
513609
490038
461896
79322
631587
523739
31082
499833
741167
469630
572518
143600
334603
169378
655248
436505
75859
533086
109225
295137
598862
163173
50098
437594
106674
440967
125037
211441
475392
542050
535464
523852
170563
528834
465305
614734
431092
103315
631508
643920
573007
510402
408073
223141
741365
90280
731507
524502
191186
289019
502836
194148
231761
444986
463569
523550
740522
534613
370292
554829
534189
444467
731613
591547
131226
502756
653349
204238
654545
438231
567486
726742
271135
491626
514685
529317
740369
4082
102788
75498
523302
440475
466871
2879
520785
69554
187635
389107
432690
655671
13303
469331
27182
525600
520640
657569
274402
461253
38114
300624
508148
516788
596461
406787
155396
10842
426359
356076
144949
193235
289293
484363
498661
292493
515890
269988
482077
433670
443121
185677
433702
435759
529862
444292
42194
516023
522675
489615
371563
119192
481202
529618
209431
656565
642877
321541
474643
3989
180141
115088
406277
460260
432822
529798
74564
654740
42400
458499
91586
516874
506357
100057
598540
81337
513261
741182
101150
310640
406799
522789
132161
520898
148677
115242
495755
500546
502883
712676
480653
368281
525348
435136
3873
159066
459391
708114
7768
643005
226755
728802
523512
624
509909
176503
65758
370689
445078
501012
517293
189772
501629
583870
530941
362728
598832
741328
643813
517262
488051
16184
470311
4045
370770
406703
413045
432948
61430
71377
436643
25130
420529
76095
156832
210995
511899
521800
448392
315562
446438
133350
401218
438072
468099
21374
308171
130746
4158
122337
643896
420559
584801
333297
465744
432914
713334
719042
524920
180591
19383
416755
455336
419463
109929
186350
206770
253903
138202
645009
632015
104320
123072
591484
279806
647118
510078
502328
100921
518773
699247
436502
496487
681743
655189
183861
418581
524530
77978
741195
196102
74405
464336
75914
262858
306242
595071
500916
525419
632373
643553
368866
449281
82128
654849
50382
511425
405144
520740
464071
644352
180711
508480
512465
657750
191144
355983
519514
520313
435610
280342
731824
716128
492208
150557
511772
492407
654859
534255
343679
436873
482017
741156
532461
258563
372050
468186
534404
371856
480311
515534
506997
515848
75360
642817
293811
41688
591160
79015
75231
233552
159118
516746
741177
>un
706583
61184
731192
597523
644076
644980
605320
720446
654896
708158
481657
593005
712951
708028
492128
713835
592692
647315
594695
634568
706044
719439
713079
622928
98445
696043
654890
722430
654882
598289
740945
12473
707364
652390
435404
713781
592625
593157
658434
705417
713568
592495
708359
487903
612332
738476
700323
718522
195058
293689
3353
654888
368598
713582
575922
707114
706946
715927
643780
701013
707733
741296
701198
704726
707244
719458
448223
598668
699905
703723
713327
506748
522897
729242
43744
448041
720644
732915
655424
436298
707322
561654
730616
592657
687529
592409
732330
731421
732674
699784
517207
593056
715088
545418
741178
604400
715916
696148
508644
713684
722480
632880
731431
592658
592861
727704
356481
593184
626461
283652
592455
592636
656865
78592
122441
708256
710162
700911
523012
731408
713712
129051
654881
664505
485365
695170
712768
594673
707090
732402
741197
606538
707230
731423
656455
554179
741461
429581
712799
562928
520703
67928
712892
592614
741174
660381
632796
706046
446345
731436
701243
725453
310781
656102
706229
78050
731426
632876
714046
444569
7037
269909
596814
683399
707156
702017
727859
713721
568247
720458
713923
518374
129136
468488
697535
710641
720685
708148
731573
732741
311072
662060
659471
696702
656988
592377
656252
559817
654884
547911
714443
31841
485155
595434
679128
356721
159699
721030
731474
602707
709696
706258
707184
706572
711070
740375
713719
655180
732675
714484
512908
605083
