>id 1233|Hs|est|||bone marrow|normal||tissue
>part
>ku
534707
553831
632031
631892
631690
632065
553612
631526
632363
542302
538726
558604
722750
553738
591819
641525
562648
692712
568387
653091
407655
570895
647588
712431
651082
577348
641504
558628
553594
534530
553770
723790
632092
690412
558673
558851
534693
534554
627194
739039
722756
553710
742554
448906
582534
534614
574588
553758
730522
722451
646883
626838
577998
>uu
606797
576189
635525
635527
621620
621613
680402
737733
684961
621611
537727
621622
680399
684975
565420
684974
621621
737735
680403
680404
684982
684983
684971
616924
621614
684973
684969
684984
621616
638776
684988
348477
684967
684986
684987
621623
616925
684966
684976
736941
621610
684989
566519
684968
680400
621608
621617
621607
621612
621618
684963
621615
684962
545047
402121
684977
684965
621619
684985
680405
684972
564214
621609
621625
684978
680401
684981
737734
684964
544223
684979
737732
735990
677014
566561
522591
561653
735992
677011
677016
581531
677017
677006
677009
612636
677012
610947
677008
652836
742061
612634
612631
612632
631272
740079
690706
632571
740076
451647
651098
731315
653040
740072
692717
645533
739053
641524
640745
627439
641527
742452
585701
650754
739001
742456
739044
627381
712122
739029
742556
739051
715420
640668
722983
690748
742453
739047
585834
739933
742540
722984
712497
556125
690741
651095
690650
730571
627443
586383
739058
739910
719843
730391
570827
641518
739046
730568
739027
584259
590864
641506
699140
739041
692710
741078
722982
712498
556140
651092
640734
690742
651089
690737
722779
740071
650755
692711
742457
641528
742555
742539
739909
578022
716279
650752
739057
690744
712128
739934
739002
690738
570579
712430
570677
651083
570424
739050
690623
553806
730390
651093
739000
742450
739911
651076
568202
730562
739045
722769
692714
730567
641505
641522
581357
651077
585324
298987
651096
740078
742455
650898
651078
631273
741077
739056
722755
590950
739028
742454
650756
738996
651094
722751
650950
641529
740073
722777
742447
627440
568035
553771
739049
740075
689838
738998
574506
739004
651097
651079
738994
571343
583023
591740
723058
589046
579266
584664
584358
571284
718687
739932
627382
650759
713455
627432
730393
739052
436287
539815
540506
688054
544831
608279
668470
551886
636001
672526
551915
560430
241942
538171
155782
155717
436418
561483
742353
546084
672525
672542
160849
575298
545452
566473
735075
515779
617249
617248
680681
617244
680683
680684
637786
543182
542865
680686
617247
664602
680682
592493
634578
606572
634570
543902
601639
670550
601638
585149
536927
606575
670562
672496
606574
670548
734770
672500
653607
672503
544882
670561
670554
608232
672493
672501
600505
672492
670556
539406
635677
672490
672504
606570
204931
670549
545030
655113
672502
651720
672497
606573
670560
608233
670555
670546
600895
670544
580690
543814
608230
672491
541402
670553
715141
736822
663754
663755
663756
584046
612639
282828
612651
636812
612654
717015
612652
612640
677026
721875
581578
677031
612648
580965
735994
612645
253999
677023
677018
>kn
741170
449278
634612
596537
732945
549536
558387
681616
36053
578546
500104
631576
713554
585209
29106
304475
15159
434937
9333
741149
211463
552567
439481
632703
654989
10441
728
208206
235992
349208
211870
531587
93670
740373
422901
706355
484551
447851
504877
55205
165465
654513
203717
238990
654827
347655
462400
520182
319334
632229
29899
269782
412870
741194
546287
98848
523687
414880
447659
216653
723178
258855
324271
521693
654370
389374
124126
664764
520122
58488
596025
469723
144442
494261
706676
550906
491104
65135
506829
431279
99884
619315
474935
662164
686171
61508
713956
335061
605153
298658
580300
82793
501991
133135
279877
201858
80642
352588
301853
498892
144980
601562
619396
50749
640836
405692
6076
523789
446429
89643
685242
656782
408427
469473
522665
531856
546419
513851
253726
408324
173611
524648
443936
610717
202296
20716
5443
699280
518355
433419
368078
741169
635313
53454
5324
641532
377155
594658
449687
409140
9873
296422
740519
494691
655455
593422
726537
653099
104650
91393
579899
33642
460618
534527
554599
591957
211282
471779
592689
503597
499158
155912
510833
117545
13852
79411
662174
148342
275352
156727
434980
507333
279836
103110
474053
430589
731810
485892
114033
740548
654744
69089
632671
484918
517946
271809
546269
308127
10862
81170
339024
187376
201688
3100
487294
75799
126256
496098
512008
491582
654790
136947
730654
647048
734779
7247
584809
597484
631923
523054
19156
580681
24640
632365
389378
344151
497349
655286
710994
61684
278573
530096
731513
718875
450280
333907
131704
112930
598836
498248
532316
231411
488624
624291
741382
632717
134296
535276
409662
277533
485195
413416
396189
458973
659872
494173
509499
346947
286226
435815
567706
204773
558799
504657
444213
647114
584842
69293
117339
716824
458358
369056
270833
35947
286131
485471
471401
433701
497893
591610
118633
438993
592225
275086
439154
531776
512683
654580
11615
370504
471441
419171
95424
656457
710246
633514
488173
546323
54457
664861
591363
599703
300772
507783
270017
555956
446235
430075
472330
373498
443914
437256
557550
533655
505824
472877
317243
732236
720509
106234
654920
469280
664978
434996
741528
337242
145469
524484
377894
91747
187636
40098
512174
249972
135167
627177
568555
460789
654423
656692
283091
531330
77793
348418
740398
468442
444298
13781
655606
524271
459630
113823
655168
6874
708687
591997
454418
208597
645792
355935
430551
459596
657058
184339
523702
642307
22634
334911
181326
440950
478150
274531
416769
498115
211929
721816
654594
109731
514196
434957
517352
515785
25590
12229
2533
592490
475733
284292
478199
516087
693248
369624
502875
471452
81848
534691
76111
23650
29282
368160
1908
518767
522891
497873
361041
647099
9731
583348
530275
534575
78089
586423
89545
389734
80358
573490
173135
652114
591671
434053
503047
20685
416207
12333
463017
654444
607212
657133
252707
128069
147237
85951
620596
77961
439894
311363
22546
128548
520341
373606
380953
591283
433180
534331
730002
233389
367781
171011
269127
8364
517066
444449
436803
438723
49582
298280
439815
35086
407083
731537
4029
729765
255230
729207
511915
513804
512464
22049
591457
509780
644306
482390
631770
501898
23492
414579
454835
444082
444870
129206
482043
516159
105352
439620
58785
202543
110571
370365
709591
444818
928
81892
159226
728984
714076
420272
662549
74137
474751
721835
733945
665686
521056
192492
119023
491861
486410
501114
646346
556986
369632
655792
440476
20225
742063
95231
53155
415342
160871
12102
518490
497391
647643
356624
720233
127022
421340
521461
77542
162241
642618
132519
516217
479396
654448
18925
631829
355333
531314
5258
740361
654536
4253
284630
136778
123114
655123
584921
234573
511454
372924
595072
2
592170
654604
472564
380781
488240
510262
75361
591085
466471
195080
231750
655666
656274
522384
733412
688380
585157
546291
516160
655020
632483
159494
23439
445977
631553
406779
518609
469944
741412
708393
650695
505077
592124
517373
147110
670144
55781
6449
410037
82071
655089
85201
407368
514535
591642
143929
502612
482491
509523
606320
648846
521640
304362
644553
536122
371597
104967
476353
530291
1030
532768
373857
272927
513933
573073
596261
369606
656619
203099
404056
518827
517544
58471
645227
310429
325631
424932
370510
516032
387856
528803
294145
387804
645273
555866
192316
714405
696074
488171
170475
7527
462341
478275
435080
600114
655108
521903
655977
301419
131887
520120
287412
643447
422676
8867
647569
741253
601911
299256
408843
524491
531081
574492
632434
654463
471200
380897
631967
97805
580351
382790
71040
517331
37982
447869
355570
207603
647109
438336
595418
416925
133159
99841
593373
712875
467662
569575
13967
445387
643544
198269
594351
654965
591336
353035
250002
158680
333579
528432
188569
3447
417004
741311
268326
438824
516986
524630
501632
646773
654542
65641
577256
569205
145284
529276
487046
741260
636480
512627
591969
368610
513457
596136
655967
515155
512467
523838
125474
293917
98132
532654
465924
741225
631504
77269
406223
702849
173162
39429
489201
444980
648158
370895
308340
479669
172847
25897
170019
518417
728970
591731
250154
467960
482144
269151
147433
649965
737206
512564
459534
154578
254042
520636
461200
471104
509765
385755
22857
502769
476448
154704
174050
591908
654857
483036
239631
495960
524518
480356
333120
204564
516853
29444
28914
503850
496544
196647
446149
652183
23170
659335
185597
111099
657347
568209
15277
378532
369924
709408
511605
731495
411490
485784
498028
10326
654387
441124
449098
658995
288178
189409
143212
302738
434102
718506
5308
595983
1342
570825
633653
741247
655267
309158
632535
157212
732047
465558
153458
293753
655012
193557
112444
631728
449585
1239
414565
355934
162877
12865
409223
632314
440544
534560
518731
483993
435661
7962
297343
556121
585021
143736
521181
534032
532188
664080
201641
741215
192649
531005
252714
33368
656428
229641
363572
211594
98321
531619
627133
494419
333786
653186
440890
515169
567678
648338
726187
119825
709576
189329
497599
511801
164303
440382
201378
528631
438720
316890
503178
372914
213470
470882
31334
446260
500491
436405
278569
178305
183800
111632
444541
731797
259594
110695
499594
43899
655498
647421
646508
148988
506759
465224
591776
622504
120591
380710
368404
646184
386726
102484
203910
166109
514220
75798
731528
237017
126906
439480
740386
741208
588854
294009
648712
529631
732409
75841
647718
317593
661942
578443
194554
200600
649307
724025
292788
546286
656901
155085
75514
661665
19872
668654
407955
511668
370102
497487
319171
388297
421608
22047
591009
274263
533771
28465
113094
49658
654907
166120
740778
741338
247362
654848
44017
709
109778
730043
434447
523215
484188
26039
117331
132441
396201
649589
383050
534168
369422
7753
524800
448342
571841
636502
689547
511794
66708
730789
192374
461178
667238
378996
535060
445351
528366
481464
1600
516948
246413
13305
380159
720076
587558
485130
366401
710727
332138
520814
405607
732708
170622
481571
369397
4997
523468
647120
645344
498348
356647
159538
722171
70312
408676
525796
741406
5120
502948
655626
350966
517888
469630
653165
660541
279746
116237
435231
451618
370166
428147
647505
226390
596756
508716
7764
23111
476052
19114
463511
475392
295917
741160
480073
111903
301062
530943
496646
614734
437388
431092
488251
433951
298685
522360
740511
223141
647707
90280
1565
108957
8375
459124
522114
465542
191186
432397
115329
231761
522969
275243
485246
403201
731784
512633
534613
375975
406758
12084
591579
49853
525572
518203
444467
278901
593833
530899
653349
518834
334
505154
655325
649475
271135
741310
90093
652825
18166
225356
200136
389107
736436
155090
525600
284295
728837
24969
534597
514819
631812
41
329040
460924
102914
355927
501280
594563
382176
10842
303208
660232
2962
411138
268963
614080
383206
124503
532679
694798
144949
3530
75307
77500
720604
381167
425777
443875
74034
269988
76152
673244
600085
166551
522817
513984
433702
694840
435759
604001
530227
234896
740431
473341
467753
69745
458713
631150
510328
476306
385631
321541
534332
380233
720980
503284
600029
74564
133512
368367
370781
720080
101150
23871
541177
459114
159188
406799
413901
80741
707689
534454
500546
99248
323213
461988
465645
435136
390817
159066
721209
514580
567524
624
517134
106005
176503
523446
512676
464876
530101
434914
339639
480815
483454
530538
274416
282410
105806
158870
741328
57806
253193
500483
574257
76753
425125
491682
292925
524331
492599
477375
153704
446065
591852
584801
529782
156784
533723
458272
5009
546299
303116
720195
419463
42217
645009
204449
123072
567378
535224
650174
29724
129598
496487
592102
505777
368642
335034
584988
655124
375441
401237
716719
591314
438678
592859
368255
643553
595053
23118
18259
655449
5158
413074
656384
592171
55028
294041
533732
530003
34871
669645
464071
199763
280342
435610
508918
492208
716128
520048
126825
389700
436873
372492
107911
258563
53996
372050
534404
656999
118351
301412
531403
730881
642817
656192
508266
349758
714608
220649
335614
632022
643497
612866
157031
648974
256206
695681
699177
380164
380698
485865
485104
622871
643267
404321
483616
285197
657268
731826
512181
529408
287379
126024
695
194408
11638
30174
631618
446320
647063
458747
470412
190544
290551
644794
443469
484813
516105
27621
408581
26674
521924
560655
407482
652484
144941
412719
187269
144073
69771
465144
310333
110757
658149
593134
591569
499659
450642
524390
268869
494538
516808
520073
25245
730674
462475
497579
389452
129758
236449
524828
585010
154396
128803
441072
149261
591003
401798
147816
632472
345877
416073
740391
643467
143250
656065
6551
509067
491232
546298
237825
380627
436944
25338
567423
21380
172928
128065
443948
731647
437993
460109
535972
631709
563344
523664
473721
490401
266175
408623
647078
559386
101014
571886
437403
512675
513296
2795
281902
531987
233240
491997
784
386236
535896
663510
349092
474005
370100
504998
404102
269898
656694
631267
13845
131452
467210
381099
122523
524219
356502
477009
199877
518614
448720
497448
513053
76090
533444
43728
472558
486109
431850
367900
17109
429180
654421
520943
712713
32194
537068
655266
25647
685225
436119
598320
193832
524760
136348
644004
730597
729358
741172
407918
513617
478481
709469
97594
485899
73722
76272
378821
731454
512934
461420
445827
390285
527565
631636
596314
434250
90458
189782
485871
119598
288959
459049
741162
352656
406620
593995
296031
73793
351279
189641
369574
645015
515249
439726
410111
600861
370927
643430
101742
282665
437060
517941
97887
631633
741581
263812
741157
736230
350927
268939
552700
534041
593344
567493
506549
446760
157351
646
436197
307913
527919
126550
655005
741199
281707
210385
569831
162585
179704
655552
125300
606355
19977
88252
36587
505934
448372
546408
525557
323363
676102
496666
209561
706674
435836
50850
475074
479879
713578
272168
136905
190518
465818
137583
534465
147064
741263
25010
574857
149032
647968
116471
105636
493919
212102
732088
50727
437277
433863
146551
446123
29304
596643
463059
106212
657604
463607
78771
585464
558704
515714
503709
31498
651219
81424
251386
372707
522257
525629
655453
74576
499145
5811
716915
161357
655201
522057
440553
87779
661055
632486
103147
476454
397609
591588
370024
465433
299055
1869
408909
114648
277154
113577
356799
417549
517821
120464
413297
564611
591133
485278
511143
433278
350194
495912
730779
471014
250723
252713
413812
544577
36927
17441
600384
118076
430435
594338
713590
496984
509163
728813
445890
156509
375217
505605
200770
156231
481371
504895
511703
529303
654980
99962
558477
654548
732725
419240
655860
432360
333179
285026
399800
632465
121188
741384
721685
517969
591652
515018
654363
119878
268785
643655
23918
374596
740473
282121
406134
654404
648394
647213
40966
78354
524579
82222
121260
162852
718438
595933
523443
439199
654602
178551
539702
650537
443750
655160
416089
514581
740456
644621
214043
643599
268849
292549
132642
654643
591976
644231
272822
664194
631163
193566
742234
443891
72885
13528
419640
24119
676517
445705
288809
590974
381105
456381
197613
534398
691131
655864
6396
733127
193268
73799
703306
731417
520819
244139
495417
429839
371609
530436
449909
216226
531406
84190
504003
535297
719946
21509
592207
368938
525391
368982
134726
254692
145136
489811
426296
736960
75765
370603
267446
237886
183994
528024
476930
653173
459149
511096
3745
134602
108332
304376
438385
559073
187866
60300
461361
655643
652712
591384
435949
517172
731505
56729
268530
97849
604479
302977
643702
233398
515704
420616
74368
517044
504281
352768
532676
65436
436677
591151
534593
534513
585393
46423
595250
370666
298851
32433
721348
77578
741399
729053
499960
291623
157160
412370
335239
458598
443072
234282
655182
181163
523145
523238
437043
556063
262886
24719
163645
465808
130438
521953
644697
592286
73958
486360
258551
460179
19673
591282
732613
513987
707026
520708
160324
533122
26745
740446
529509
631840
37167
279881
640255
438953
531106
602063
283022
523471
527021
77558
533782
380801
444472
444389
522699
720779
522507
514227
505141
609663
567572
421509
434951
303676
741264
659274
583896
462550
235750
490795
156352
491494
301404
601143
433529
412842
306051
409412
592796
82201
133977
410596
347991
683662
79018
9613
411847
705490
414407
437366
591576
371001
657273
381214
335293
432699
449968
501578
369615
380225
524910
119882
634882
729021
425023
551705
486856
449662
533323
464416
397978
503222
61418
516157
603252
76364
466435
183684
446350
719951
368542
143604
257761
107812
29706
691976
504352
512914
212088
175534
264887
709644
518250
587979
435535
435629
514151
269059
431668
335393
722775
368214
654957
406423
631571
353022
525163
532492
84
591140
661411
258429
121432
433427
727141
632918
213724
161229
434961
349096
437385
97691
523841
368315
603676
524161
431400
561411
523004
529517
709648
515210
732659
559259
380774
77274
523855
496622
14770
129095
245146
374588
183435
194121
374043
269027
473254
445030
655331
279652
655378
431109
534339
473927
160380
515329
677891
301613
406683
558536
69855
654422
463375
79101
521969
569516
405880
433300
711077
356398
433615
500156
547172
190086
117929
191510
436912
496684
535769
567880
172791
654978
535762
502745
195464
477481
602086
507433
200100
149103
184492
146317
729686
497745
567384
370312
7744
632255
657402
741379
8036
492314
741213
111801
356366
459691
356331
548197
496572
132599
696735
719906
897
733239
582627
343383
632685
486542
514468
434604
665988
54642
527861
509796
507074
417029
546288
631957
160789
631865
182885
653138
636624
571593
108029
12332
369373
374726
475896
507658
182255
522632
577202
28326
5710
733372
445893
368402
209983
640450
517075
489132
184211
721234
213642
432996
518249
369285
6838
269665
409925
399758
119591
221847
522650
116448
283378
406475
190519
348935
410197
414332
410817
535192
12313
591518
122908
521568
350875
523560
406013
7644
332197
520245
280782
369123
118474
187946
569254
171626
454716
475382
522662
27693
203952
462598
8859
492555
413123
418175
467807
591689
125898
430606
437779
592313
127403
34576
21590
637001
406520
410970
130036
150837
77100
184736
517180
558403
207631
292804
75348
573495
529369
337766
352
401929
435774
591589
74615
521124
125867
438227
502773
473788
438838
643472
381061
710873
591697
402200
203772
463295
740440
476432
78466
632089
44693
164226
448362
472651
493791
652383
484195
491988
656473
741331
380887
655714
512867
436854
436031
643951
247186
156178
422990
485628
12970
41379
473583
2484
173001
568152
55468
710275
177633
420269
591605
26006
55999
152774
632091
195364
289123
120950
513266
469175
357025
731853
473761
355141
4280
103832
444024
534169
632570
643683
351475
471162
712598
494985
5509
520189
654566
353090
500409
78060
458414
14611
298038
535804
605502
84113
75139
172130
731568
554762
75703
317659
181301
533526
502314
334177
436568
270845
460978
709171
522805
528439
511849
205403
738699
435981
323489
425123
481720
593920
480506
189075
632066
369168
513373
128420
572518
130988
334603
321653
381220
506415
551713
50098
496753
437594
591013
5353
464652
521973
534582
282417
521151
274873
653163
509791
448010
525392
120963
522819
102696
109052
6906
432676
179309
41735
475125
292457
408073
641140
24054
585189
108969
449718
2057
250822
274309
22146
524502
352671
256301
652430
675888
444986
181112
523080
533986
523550
4749
719930
694071
163451
446146
387208
183114
530251
538286
370292
554829
653174
631573
655305
270
483494
131226
512932
592192
370299
528572
654705
591306
172587
317192
102788
82890
440475
466871
368359
119251
614136
655671
654379
632515
380133
502659
190477
283809
518460
657301
1219
44385
199853
676792
390623
433759
657569
274402
533282
134795
471207
2128
712940
558476
632729
33719
406787
474991
657366
528454
533720
606200
730599
58992
649690
282700
292493
647079
515890
728804
433670
656652
520042
592245
516023
76686
679163
1051
258212
655363
160211
591798
593928
584788
478031
181244
721515
371594
351811
517546
283851
180141
406277
514036
655320
493709
451638
526596
719495
519783
720672
305971
529798
651147
466945
65029
523760
12341
458499
440934
14317
374127
445999
57079
82327
276770
301059
563491
734005
495755
591967
443430
10649
741408
7768
226755
596726
191346
480116
523512
434973
332795
288520
512597
496323
180878
286145
20013
269512
87734
656208
335788
189772
105191
303023
493668
741373
705480
643813
515879
370770
740620
98288
521178
482415
388162
315562
567342
525251
654636
234521
194778
133350
655179
435967
530902
444451
130746
308171
558296
546289
631725
432914
249996
79088
396175
416755
314359
732264
253903
363312
512686
532677
413111
166924
654593
460558
24701
279806
484950
518773
515247
436502
376634
492516
681743
502876
6734
108104
741453
533831
43812
513083
633853
522373
707712
104925
595071
350209
644082
211571
368710
54943
449281
381072
336681
12107
515560
13188
656547
461819
301052
585053
292154
418495
244580
337295
101774
433336
221660
16606
649350
355983
11713
547697
523252
654475
520313
20157
44098
514211
731707
511504
713535
368853
534255
719239
736504
7296
741156
226483
444349
686754
122061
741289
253050
740475
733368
480311
82028
515848
241545
615360
591160
636199
474584
289062
400688
655143
429843
195667
100914
524590
233552
533913
217484
429294
461722
107740
1481
524947
595069
518900
608918
11042
282260
532824
444756
518475
253773
591025
79387
445403
63841
8379
731843
5345
117938
170568
632252
645445
567438
405156
154654
518060
631890
143728
479766
368647
271749
282326
332422
604066
735995
14846
647646
406557
170131
448884
144447
629177
189920
533055
494705
145575
279259
697120
731866
300141
333823
463483
632712
298654
654572
497402
371240
476989
227253
356766
191734
29403
741469
150580
397705
96
517461
632310
494192
655327
674226
155218
525462
655046
659824
699841
57698
30258
655700
136313
408018
143187
644628
654401
591130
396530
585843
715862
376933
280378
432862
497332
535389
135997
731416
205558
467769
290758
726063
472838
115474
333427
535011
132130
3260
171342
130767
621200
76224
467306
648806
436383
270291
288284
180535
519246
489142
79299
709182
389724
654399
77768
515876
659809
1197
159472
21938
590956
15591
309753
646318
268700
152944
524121
108371
515070
503093
468410
434081
272259
679833
452865
528826
643801
509226
231616
98947
156667
526594
494997
593339
300887
604915
377001
533624
411312
517972
643085
445377
436416
711142
12013
432706
525977
8102
379186
79081
75256
64968
68257
572535
181300
473648
59719
603766
132902
307734
121076
148322
336916
478854
178715
2853
388733
182215
274772
505339
701044
7101
504009
470996
406395
512252
459117
503022
591318
121017
625768
99414
553949
466714
183850
73527
144130
1063
435711
478158
652754
39925
368588
740605
162757
28280
550547
592129
396447
153961
444247
496267
482573
85539
721558
106909
528952
40794
603629
75643
55847
76884
376281
6909
282409
517034
527105
450804
741139
516707
212838
515544
597349
459573
515515
384598
660718
604441
711115
90073
35052
632527
740365
82609
559459
443731
47668
73797
116459
498569
533289
652364
713632
380930
102798
46894
516341
462680
492212
647757
591809
487143
44647
7879
14161
136885
306791
516837
26703
589714
421907
709321
38044
3416
735127
418450
83077
307835
127432
720177
77897
533192
353013
383564
467793
454828
568006
532840
472437
176626
172445
741298
533887
119316
355264
515369
250493
584936
564847
241543
559067
477128
158954
405619
740387
595056
280130
655652
135646
227777
660767
592194
632554
579474
309763
741191
532683
741259
481526
435001
741270
19400
31720
502989
518346
510958
506276
130957
719553
632385
149305
134209
534562
729187
448229
585728
741181
599762
327527
514806
731683
463642
173524
409226
350475
632509
78989
519842
627414
25892
599798
339278
659681
406549
252543
904
740394
516603
483305
728832
491351
644125
9347
647071
647135
477028
631639
406515
382865
140903
203206
412517
125608
438219
185172
460002
125213
98025
171189
131711
632604
449445
160565
708061
356190
124136
5836
460317
518450
591387
501778
446425
369761
172982
373914
720780
708153
505676
440025
632778
150107
436178
21861
378695
442789
192619
713451
725151
252967
65234
369440
527853
6891
669893
370140
632438
454779
658208
213264
351906
211600
436495
394578
528305
534052
463426
653243
176658
470477
179522
491336
719925
606838
153177
709611
285051
554182
643548
42644
590143
440401
436975
406228
343873
371576
258209
466814
129742
731673
633705
315
435290
20879
410965
524767
99855
163893
131035
201058
482976
444520
370267
433439
180877
85603
646490
518123
12253
433791
362806
451294
534770
461113
487635
570821
246381
740360
658702
151536
96633
288304
708182
449601
44024
632258
356742
432755
477325
651512
470588
597434
522530
532968
12106
276878
654653
193043
171501
356440
520638
197043
368149
660143
612096
454905
516539
696631
175322
184298
497967
418533
10094
501293
632708
403171
171844
27183
30619
387679
188757
525536
591293
282376
654427
289092
513490
466625
660412
498727
371107
7012
464829
714127
656361
508720
729172
432818
356554
148559
379386
572878
540107
401842
729154
650680
348979
723246
438102
684212
657271
719935
656031
627452
656696
499839
486502
227656
324844
529400
247077
414795
821
519718
173724
108080
462663
655469
467284
309231
731649
653449
257664
658215
632282
594481
281680
169840
250182
522090
542707
632456
468702
376780
483209
91728
466910
597715
655321
143873
479602
537329
361778
726509
477003
444673
351413
708017
9587
633601
527980
167700
75823
480848
595540
210751
137594
133321
146406
436617
97837
482038
546283
370605
647086
82316
435371
374503
658438
511872
370581
106124
28896
79110
653288
491148
503911
154023
10784
534190
286221
369488
330384
7736
144114
531713
106254
379754
507798
150423
519909
497788
14229
642024
704031
534025
339809
371746
534578
430646
113876
481569
433732
49573
741176
644906
654838
654439
279704
657355
311346
720473
195710
515005
531176
468140
279529
517601
404914
5662
370699
51120
731767
250899
368934
68756
156367
422662
740477
2161
356467
73037
591768
375067
522110
174312
111577
209151
471975
225083
469918
232543
478469
371016
515517
570296
13034
521530
443960
272011
655105
741930
585374
481898
727543
567374
401509
75275
115325
76480
656959
26135
116724
501728
705699
27695
421257
517421
647119
525063
156967
125713
335049
102267
115467
529353
13645
439152
247323
577281
474781
720014
445203
173878
439998
523185
709689
517597
314263
105818
279567
473286
146668
465323
472038
292449
435952
730749
481860
177576
740399
517249
27267
446270
732033
516450
389996
83286
513039
216623
6232
632706
144531
471818
278036
510324
532790
567235
75117
711461
409602
469254
63489
17118
711216
326734
404186
479670
79276
566872
188614
120
711898
514602
356270
4747
591666
591156
356545
741239
643120
632460
741293
183706
521487
462323
464472
664560
458922
605143
576320
82927
654815
102866
221889
120949
149219
621179
128474
381126
87752
454528
436426
647042
200596
247460
546454
381204
374650
57813
591061
530687
595809
155995
101302
508479
503315
450252
703523
385956
677399
191215
253736
458334
732239
654500
741230
732385
132448
145061
353181
270978
58974
481918
592260
652398
718483
21577
656492
440535
715543
407926
591757
710565
454407
531789
436939
25348
439381
26530
388087
444851
448012
494614
476018
740380
674423
302903
632041
631856
605432
161276
595201
136979
632223
500419
503134
531598
6829
515472
508234
730686
99960
504597
486520
568007
81791
714425
610290
127026
466154
498313
108530
103934
144835
129673
727648
432562
81907
172865
435741
483239
269775
487510
74471
18103
531242
584784
532786
697132
146804
662922
88556
77060
741522
269944
570274
727986
485262
597216
654609
519818
22960
278434
628599
546271
153837
657887
144734
28673
729144
730610
501928
171426
713636
368587
530000
350265
133892
343522
731699
514870
558601
277624
134688
435381
655981
520070
75318
671900
406135
468972
7165
723594
376505
446098
631757
528713
487540
397836
407101
643658
440026
524571
733403
298198
591415
208093
26593
114198
642990
574741
516866
373787
645427
726477
390736
498740
372578
123198
659621
513609
518244
79322
411300
741151
12376
741202
485915
584908
148340
90061
741204
647892
525157
500013
577252
46578
645502
475663
520136
143880
508524
502244
450230
601206
716678
379548
443057
487296
654368
702907
396740
283610
505806
532372
653244
564139
532359
524517
25067
523852
729645
111779
674
194143
21907
721293
443140
631508
2430
643920
480101
645279
510402
68876
309288
592108
161839
173030
712718
504048
513915
265829
433540
432976
462915
55682
662488
594171
697514
655234
591033
205326
374990
654628
591530
424126
47367
658032
502756
732085
272287
26010
625725
388654
307836
465812
308045
596607
518267
522506
646734
635350
523302
99491
500897
177530
655082
348112
503048
148656
648086
317403
213389
442658
265174
591633
446588
532399
524464
245540
632423
300624
348262
522863
319484
171995
654773
155396
615092
533635
585051
728857
474213
279580
484363
656037
511522
654675
3426
534834
652690
306199
162996
591388
530734
500761
446240
270869
529618
644863
10306
532632
740413
531194
657067
302408
732022
12319
446852
432822
403857
461575
719998
352839
654740
658956
203961
708536
159195
8739
81337
753
112160
720158
520898
139120
479693
631898
12723
122006
480653
714939
438536
716464
654418
6093
741307
434890
233952
84753
655207
391464
478673
500756
509736
339
27373
362728
356096
109358
82848
38085
26441
2090
255973
413045
152149
643610
61430
380118
436643
728759
591583
76095
558901
655329
703237
210995
726547
506481
130774
63236
72222
248785
134084
433337
122346
471751
660603
719042
710255
126667
514470
436650
655450
185489
519557
709514
77719
509622
502328
368920
23198
416630
515688
655333
34851
456852
327631
535734
672384
104019
556014
187763
23960
449630
421724
464336
126941
74405
464595
184877
525419
657028
632373
518198
368866
411480
594838
659384
712631
483564
511425
130759
654700
150013
26613
159546
712714
158688
132257
368429
406300
672754
492407
163909
482533
42806
444882
481307
643536
437338
118666
74655
546392
444157
99819
190968
501376
546282
514934
153952
19987
55044
522605
654944
132629
710271
9850
191164
534346
681002
740458
731836
724212
350268
741354
654552
474233
546636
445497
741576
490224
381219
477126
510635
356216
534847
301989
368855
363407
482269
487994
513285
889
205163
297304
410355
31053
709893
451336
26988
647017
446069
376681
409582
220864
655173
658310
652513
418668
282204
713611
443881
12400
468688
533287
232194
618430
590886
492716
533903
583545
75813
591069
511757
632013
741436
733070
380372
408960
490203
191518
492333
515122
77422
386390
190977
354243
149035
742062
655921
200250
357637
443625
720472
271341
591242
591391
184907
425769
465295
534453
279669
471119
189716
283096
607819
6764
8763
461117
210283
492277
567793
489284
514920
445803
367639
130917
388004
23956
517338
523332
618145
602900
668747
131686
132342
321231
315230
370937
62314
643910
405610
503546
162032
713564
569713
19413
87295
741306
595553
421576
98523
488282
659307
355232
248136
182982
278429
654657
720081
409934
645542
131910
524599
204559
5912
175437
271643
327252
122363
31439
24485
14623
448988
390171
355348
128196
25524
459088
719465
445511
500047
648111
371350
641481
280987
381189
414028
467223
224008
32374
474833
514941
591489
732259
729280
165195
399984
584881
505004
483259
500526
21639
557850
515242
283741
440898
449291
585869
127310
532019
546285
88297
158287
555917
271510
484371
258314
590937
741939
586199
645317
622654
296731
655672
389649
444749
80919
528703
487511
629249
595507
710741
347270
118725
438429
528833
262823
79353
532265
51891
495240
462418
406708
531650
4104
443330
567294
202097
416998
176177
496459
647822
108112
520889
446427
30824
625133
649259
435215
408434
62696
502004
356061
567414
114412
406461
113871
90303
435255
514465
523395
584782
471851
532082
659346
436518
352541
569125
533273
381079
466391
166556
675799
204121
138860
288034
525324
715715
477892
364980
660384
731909
517817
487670
460645
356630
696211
600549
469030
441708
554831
380973
726920
55940
371720
372679
741285
731520
654650
356654
444776
643864
586165
591285
348350
503787
422688
44070
449207
514373
277721
15977
293971
209954
563205
520094
518524
723477
689006
655056
99863
449609
599470
369068
467326
731467
372003
567489
465929
174193
78183
374446
500375
507122
78944
231883
162397
279245
293653
288164
500512
708195
591968
129312
274135
327736
433512
520205
404089
22785
655782
222855
572974
2465
433269
654713
420229
352677
179312
631925
309069
567968
274422
470369
233119
466828
642874
655258
388739
12923
598388
520192
569157
532315
196384
62180
524731
90107
709550
307962
519972
660699
596449
14468
179718
499209
591095
50252
532345
191073
277704
158339
645517
235069
554791
292356
741173
59214
351875
469244
571446
507498
437191
741465
522472
200230
516077
650575
505033
76244
524498
374147
201634
434213
438991
400295
9527
502302
581171
99145
47382
195727
333526
268742
195309
728933
646712
654824
413359
349283
647659
283725
292078
631827
508999
741405
557709
24301
433901
491737
112318
368264
467125
515371
334612
524009
711769
83758
732769
558614
513292
275775
435490
109051
532363
22410
520973
477420
652741
558422
603732
388918
351403
506558
484242
302287
535873
516632
296942
151134
370555
459070
731396
132966
567268
104672
381912
529019
741486
729120
74050
390667
469022
162233
714302
80986
98943
361323
423935
442703
878
578167
382625
507910
80132
356050
470233
436902
372286
512587
28491
149020
387262
492618
436527
48924
363492
644000
86320
371889
368516
150849
163629
440955
483924
546261
532446
573153
647039
718626
356578
514199
172772
513711
491745
654350
609336
647075
335079
656503
662248
632765
355606
644633
552129
514071
659871
104315
534301
534477
613417
669526
369920
632224
610830
524741
462086
454818
177275
17250
299878
640667
460298
484738
37617
517622
130293
515271
271819
523506
466664
643560
546390
150651
592045
654816
444931
617340
654616
643580
448934
193326
733319
432674
530595
440829
213666
432760
493819
200716
500645
381123
431045
709428
467740
534373
55118
591455
712129
21554
508848
200804
162559
440515
371210
584997
530698
652148
448697
520506
460355
368823
445570
600547
380346
736491
462998
740412
196176
532129
643600
410977
489207
30570
96952
111749
534293
473296
372031
522666
429819
523463
472508
466693
151413
377992
476365
631582
396644
476517
268726
116244
505652
50405
578287
75527
621695
36794
188553
522334
696684
159130
459937
635230
284207
443687
118110
479066
475538
573143
533514
488827
730099
505735
520612
136901
75438
371147
116827
570355
12393
659158
680983
655964
21765
654563
145150
444356
517949
211602
513632
430299
741226
508010
631584
504670
407709
19012
371698
656629
468349
427927
740542
632151
643357
50425
703889
467759
519672
521212
458324
654817
432729
584845
380250
662006
732075
410378
412117
654543
21631
248815
474010
469561
632058
591286
26904
7921
661968
368592
435556
111554
740452
516830
16291
632208
376425
584985
477866
660109
645535
408336
279583
136241
496542
523299
15535
180414
167679
514599
654598
433795
2799
596704
592262
280741
386989
536663
50889
515164
135229
373741
7353
713595
31474
77318
654465
477869
16004
592086
732244
34045
246310
518525
597091
370487
677758
555985
655885
644919
650585
74375
432121
524690
720870
516578
524899
487774
404568
383403
10848
655028
201034
433222
37706
310645
718516
326387
561770
205144
128067
191074
514495
442798
437178
517145
466165
132760
560805
194329
70573
38449
48029
500921
526728
435719
654447
119177
164853
523309
539284
311640
605775
130434
279008
437855
417303
231861
140617
533040
632839
188781
451997
172631
155827
765
23581
90286
553723
146180
436161
242458
740526
320823
477693
591115
466662
731633
517168
518464
446091
188634
440263
505654
124490
62275
436066
154320
481186
321045
370771
405410
631672
647056
523732
172550
654479
173203
463613
567120
105323
448588
715986
517033
591193
480454
193516
428209
99528
526521
78888
508937
183109
520287
389461
571037
567725
505059
445498
652308
9315
12457
112553
504687
369614
55777
708945
118958
184233
88181
375836
675564
474949
520525
648183
519523
433879
269560
6664
435761
207538
106242
413482
497987
654922
138701
716256
268787
501345
591447
470633
695934
520348
135087
491767
135146
454043
518201
444933
522350
161008
433332
445665
7158
73839
546292
270851
23248
75969
197071
631602
431367
465041
162121
274255
507676
741417
517070
4055
482730
591971
460923
435013
495035
24598
740471
463456
652389
726050
534679
642624
165859
659395
124246
25155
348365
460141
181272
272062
482868
729135
632791
159430
78224
647094
243564
741531
446574
73291
82916
654784
533738
20107
97592
567562
518125
168799
654528
335106
553970
467408
713751
449076
118738
407639
520937
662152
464333
246112
22393
289347
558967
208701
356572
83114
180903
455493
26670
713701
729945
436215
27021
651201
654869
463041
146602
9235
410889
413133
696497
478588
522357
355357
356769
42151
289271
404167
504136
27059
378103
12152
11355
617449
696657
407190
632326
655410
438641
719895
654400
236361
726367
11594
532755
83313
591375
509343
594444
380403
432485
491440
82887
517581
313544
731459
643433
538374
658249
471933
519294
213061
21249
374477
408054
369675
283734
741179
595133
468840
131819
658436
304682
534457
231367
593379
14839
78601
138207
741167
151220
269128
632891
10082
17936
655348
532610
481852
656450
513451
12144
34492
461705
93659
91531
368569
495985
471834
591862
34333
324341
356187
446559
535464
404706
418520
310456
234569
528834
733192
189445
446445
434966
645802
389945
101364
731507
527748
485258
233160
458355
703764
632549
139896
591867
478383
737538
446962
492445
378885
198363
633703
188456
407860
2042
508021
731613
679623
283416
59368
241576
204238
531418
513867
611911
304613
655255
170999
2164
227817
658850
4082
505412
659035
381096
480876
150324
484782
634508
187635
720167
656581
635208
513096
434286
38034
193741
213087
360174
180919
520640
495471
658547
407580
656870
335918
632851
631539
405590
596461
512559
426359
356076
463964
476270
4859
105633
32826
5210
706116
586264
631263
128382
631861
152983
589661
659256
497692
707374
371563
524871
438673
119192
125960
730607
593974
642877
592322
516119
420757
148269
633165
24601
210367
730039
657978
443116
730643
369017
506374
227782
652371
423968
75835
553878
148677
446850
115242
502883
459927
21816
131034
459391
549540
282998
524195
152670
405667
792
251830
647068
171695
465885
437167
370689
271667
445078
501012
12272
89890
369265
208681
655317
530941
720108
652490
118118
592317
594238
408233
20529
469002
420529
284208
264482
531509
290404
482563
540230
729640
470804
458644
643896
412103
576504
485606
333297
642842
404466
159006
79402
729380
353454
511477
465720
403934
512693
186350
514950
434255
128199
29189
612385
446466
741249
529609
458917
654380
110702
1183
182825
479808
741195
187898
436687
75914
262858
646775
592340
444947
370247
287471
421622
416024
657927
495731
405144
561064
664836
730689
839
515536
520740
459940
495230
581098
275757
180909
729095
632227
512465
508480
514840
254808
8360
334684
511817
710500
288954
292689
355559
655293
141308
597488
378813
131255
468186
424312
584884
191887
210532
506997
523836
440092
372773
437539
16003
112405
608380
170205
152978
461379
191482
346736
>un
710400
740613
12798
740598
676472
479728
514210
728912
731496
643621
567919
684970
499916
622424
589314
696554
602833
351316
736486
595298
718983
546523
592692
740949
730983
591186
739534
741209
571932
683821
632792
732885
733693
461608
731819
519738
714213
655770
721183
639244
656710
668116
569882
665958
655261
718522
582960
715779
652842
565076
731601
722057
712829
713846
718605
711171
570903
651085
662037
596876
676667
451560
702947
707636
595524
735852
335057
572135
661002
463382
732221
382121
732950
701472
660157
270084
660103
702967
695057
656178
740358
631689
720843
663607
604230
635676
495227
742541
537467
677028
721868
404758
734672
592921
534738
438876
652880
570483
734009
304818
732026
708256
522900
731514
593027
734323
657478
485365
705996
665080
569753
499484
673190
705959
569611
519469
647437
732466
722213
714239
659146
505802
634602
721169
694083
713774
713091
604750
695361
458446
708120
446345
710481
706225
640845
741400
697648
732348
512015
663926
706229
719815
708767
632876
54056
665371
708275
303090
546699
572786
655550
663251
599007
714000
656128
522995
511952
714498
634819
716846
739354
592029
715921
737763
732714
549079
604208
667554
734776
726735
730208
651695
714934
716280
453600
708442
738832
631797
666431
600844
670115
654884
646053
600761
429365
660907
655427
641885
188007
679955
727974
663508
691845
356721
660042
533977
721030
733523
732137
308321
677027
740959
318431
649897
489932
654977
737800
118183
646292
712087
715292
731821
735991
652533
677019
634447
98984
731577
655546
713080
709728
633222
730861
463838
715408
370475
733231
735996
713120
649975
720106
571767
696775
677025
576820
706044
304233
713850
668267
702472
652919
97449
730313
160800
708558
502677
712842
626362
387982
666809
571598
728926
592716
3353
596580
654729
721182
641530
662222
651222
737171
647959
680699
597504
731501
721565
741315
667739
152812
625042
668061
34136
697645
713346
575376
593927
712977
655390
657607
574425
677007
713970
209973
567410
483829
707322
657278
649902
731884
622773
594569
637396
476697
302772
730021
715773
702025
736853
670557
698139
639607
592114
623806
521961
713764
722893
602321
723926
593176
739042
652524
211485
458315
669724
701436
534812
707304
573018
712419
636388
707800
710734
705523
572255
709727
632539
632988
225784
449114
490946
707453
730523
732515
665436
519520
712768
667725
722810
713076
606576
568211
677033
594424
631615
707402
426104
742375
721732
674372
406526
663758
676750
735997
567764
488433
649891
657800
658396
454011
587819
677024
646405
718709
721983
734767
651075
600667
679534
635352
666960
631499
658132
288880
721523
709588
663888
710297
742057
647052
675535
702810
733677
448226
705738
626531
634483
698626
550014
661590
741963
591876
535208
387576
707339
602580
575728
660679
707438
735793
741381
720376
567702
569649
661123
661894
449945
596401
131057
695105
708295
670558
733433
729201
571096
674466
720876
644901
352602
667222
594292
689533
506989
664463
441636
736470
458733
739011
578306
734456
733060
632425
730310
647264
740077
707396
701604
656122
540784
639802
655411
658992
708625
487233
677032
597523
741442
271498
655072
449153
712862
701848
736040
7917
654924
627182
661809
713770
295626
595878
718560
116006
731274
443029
720182
742449
712688
740945
525905
568189
633806
742451
722733
448879
462913
484769
713568
700372
742190
738476
731713
602514
75724
721317
714503
690740
649892
733489
571870
661399
732465
317080
732892
669315
735747
713838
732117
221334
660472
644856
562620
481980
714006
645304
741205
730394
703723
656994
720644
730047
444743
682003
655424
715202
714914
721120
659884
741228
708259
737567
736887
596629
447653
567922
588355
659034
571239
581643
710970
644829
722022
714487
644956
672470
720521
738322
447953
596159
735825
708927
589141
597993
721953
740423
647205
666842
636811
731943
713976
706070
706101
512525
217079
183070
480743
592455
738164
647703
647771
143920
742081
670551
670589
706076
658853
567941
145958
741425
660463
712867
691768
733254
705948
714164
707223
635991
735099
713634
669070
669674
722593
665190
327451
736104
640717
528395
647049
713025
632175
447837
631793
596814
596112
718686
730231
708270
667998
732543
605433
734247
655291
713721
630169
592941
659331
657921
665282
731509
714913
703770
730569
129777
702126
677022
635031
700083
656532
741333
682303
732530
711829
653106
666468
712899
317664
719719
601001
699527
711290
442160
669584
676308
712826
516530
600708
700839
711079
509398
661260
495132
705992
664921
655070
587375
705546
431101
666166
569971
729477
713814
597594
191591
713837
355739
380956
430828
711029
721985
561638
533020
464404
563496
567539
665437
657019
736105
741610
594601
645547
535089
189119
699316
732296
651081
710259
742497
86538
713079
708502
642796
484933
732050
512372
597612
591494
650180
546903
721665
722829
713706
268887
512463
741456
619002
723357
698624
356273
592495
581073
657399
638651
740496
597961
567699
706576
531042
732550
670552
731984
721310
466320
658260
734538
658469
661563
652491
707733
742123
707552
645734
624595
534965
703358
277697
661832
482549
713327
506748
80624
585199
504187
638630
728036
719769
724099
736639
599767
452319
718690
634724
517207
659979
598990
446700
571762
741178
737820
669585
446522
657236
579124
510835
658976
656368
559827
662117
667746
644438
741821
702370
476320
654746
592737
740363
714436
651175
733539
643648
703302
512542
668227
518345
594673
657308
700008
731423
735676
529231
593474
449095
569947
647814
713658
520703
666901
587774
450979
670547
730702
524283
739360
660389
131482
696024
534798
725453
713383
731532
521536
711628
656125
496271
668391
735735
710248
672499
702164
718935
292860
631802
710668
595238
721107
263640
712955
525894
731573
741220
737023
435992
535901
547622
713828
697218
677029
735993
707298
655903
663757
561021
662789
677020
653911
592472
703494
728162
134830
122054
729787
568390
689001
555895
573530
159699
656655
654512
602707
370455
624711
614690
470601
534974
715732
741360
>part
>ku
577998
>uu
606797
576189
635525
635527
621620
621613
680402
737733
684961
621611
537727
621622
680399
684975
565420
684974
621621
737735
680403
680404
684982
684983
684971
616924
621614
684973
684969
684984
621616
638776
684988
348477
684967
684986
684987
621623
616925
684966
684976
736941
621610
684989
566519
684968
680400
621608
621617
621607
621612
621618
684963
621615
684962
545047
402121
684977
684965
621619
684985
680405
684972
564214
621609
621625
684978
680401
684981
737734
684964
544223
684979
737732
735990
677014
566561
522591
561653
735992
677011
677016
581531
677017
677006
677009
612636
677012
610947
677008
652836
742061
612634
612631
612632
436287
539815
540506
688054
544831
608279
668470
551886
636001
672526
551915
560430
241942
538171
155782
155717
436418
561483
742353
546084
672525
672542
160849
575298
545452
566473
735075
515779
617249
617248
680681
617244
680683
680684
637786
543182
542865
680686
617247
664602
680682
634578
606572
634570
543902
601639
670550
601638
585149
536927
606575
670562
672496
606574
670548
734770
672500
653607
672503
544882
670561
670554
608232
672493
672501
600505
672492
670556
539406
635677
672490
672504
606570
204931
670549
545030
655113
672502
651720
672497
606573
670560
608233
670555
670546
600895
670544
580690
543814
608230
672491
541402
670553
715141
736822
663754
663755
663756
584046
612639
282828
612651
636812
612654
717015
612652
612640
677026
721875
581578
677031
612648
580965
735994
612645
253999
677023
677018
>kn
741170
596537
732945
558387
681616
36053
578546
500104
631576
713554
585209
15159
304475
29106
9333
434937
741149
211463
552567
439481
632703
654989
10441
728
349208
93670
422901
740373
706355
484551
504877
55205
165465
203717
238990
654827
347655
520182
319334
632229
269782
412870
741194
546287
523687
414880
447659
216653
723178
258855
324271
389374
654370
521693
664764
124126
520122
596025
58488
469723
494261
144442
706676
550906
431279
506829
65135
99884
619315
474935
662164
686171
61508
713956
335061
605153
298658
580300
82793
501991
133135
279877
201858
80642
352588
301853
498892
144980
619396
50749
640836
405692
6076
523789
446429
89643
408427
656782
469473
522665
513851
546419
531856
253726
408324
524648
173611
20716
5443
518355
699280
433419
368078
741169
635313
377155
5324
53454
594658
409140
9873
740519
494691
593422
653099
726537
104650
91393
33642
460618
591957
211282
592689
503597
499158
510833
117545
13852
148342
662174
79411
156727
279836
507333
434980
474053
103110
430589
485892
114033
740548
654744
69089
484918
517946
271809
546269
10862
81170
339024
187376
201688
3100
487294
126256
496098
491582
654790
136947
730654
584809
597484
631923
523054
19156
580681
24640
389378
344151
497349
655286
710994
278573
530096
450280
731513
333907
131704
112930
598836
498248
532316
488624
231411
624291
741382
134296
632717
535276
409662
413416
485195
277533
659872
458973
494173
509499
286226
204773
567706
435815
504657
558799
444213
117339
69293
458358
369056
485471
286131
35947
270833
471401
433701
497893
591610
438993
118633
592225
275086
531776
512683
11615
654580
471441
370504
95424
656457
633514
546323
488173
54457
591363
664861
300772
270017
555956
446235
472330
430075
373498
437256
443914
472877
505824
533655
557550
720509
654920
469280
434996
741528
337242
145469
524484
91747
377894
187636
40098
135167
654423
283091
77793
531330
348418
740398
468442
13781
655606
524271
459630
113823
6874
655168
454418
708687
208597
430551
355935
645792
459596
657058
184339
523702
22634
334911
181326
440950
478150
274531
416769
498115
211929
654594
109731
514196
515785
25590
12229
2533
592490
475733
284292
478199
516087
369624
502875
471452
81848
76111
23650
29282
368160
1908
522891
497873
647099
9731
583348
530275
534575
78089
586423
89545
389734
80358
573490
173135
652114
591671
434053
503047
20685
416207
12333
654444
607212
85951
620596
77961
311363
22546
128548
373606
380953
591283
433180
534331
233389
171011
8364
517066
436803
438723
49582
298280
439815
35086
731537
4029
255230
729207
513804
511915
512464
591457
509780
644306
482390
501898
23492
414579
444082
129206
444870
482043
105352
516159
439620
110571
709591
370365
444818
928
81892
159226
728984
714076
420272
74137
474751
665686
521056
119023
491861
486410
646346
556986
369632
655792
742063
20225
95231
53155
415342
160871
12102
497391
647643
356624
127022
421340
77542
521461
162241
516217
642618
479396
654448
355333
18925
531314
740361
5258
654536
284630
4253
655123
584921
234573
372924
595072
472564
510262
488240
380781
75361
591085
466471
195080
231750
656274
655666
522384
733412
546291
516160
655020
632483
159494
23439
445977
741412
469944
518609
708393
505077
55781
6449
410037
82071
85201
407368
591642
514535
143929
482491
502612
509523
606320
521640
304362
644553
371597
536122
476353
530291
1030
513933
272927
373857
532768
369606
203099
517544
518827
404056
645227
58471
310429
325631
424932
370510
516032
528803
294145
387804
555866
714405
488171
696074
7527
462341
478275
435080
600114
655108
301419
131887
287412
643447
422676
8867
647569
741253
601911
408843
524491
531081
574492
632434
654463
471200
380897
631967
580351
71040
517331
37982
355570
647109
438336
595418
133159
593373
467662
13967
445387
643544
198269
594351
654965
591336
353035
333579
188569
3447
417004
741311
268326
438824
516986
524630
65641
577256
569205
145284
529276
487046
741260
636480
512627
591969
368610
513457
596136
655967
515155
125474
293917
465924
741225
631504
77269
406223
173162
39429
489201
648158
370895
479669
172847
170019
518417
591731
250154
467960
482144
269151
147433
649965
737206
459534
254042
520636
461200
471104
509765
22857
502769
476448
174050
591908
654857
483036
239631
495960
524518
480356
333120
204564
29444
28914
503850
196647
446149
652183
23170
659335
185597
111099
657347
568209
378532
15277
369924
709408
511605
731495
411490
485784
498028
10326
654387
441124
658995
288178
189409
143212
302738
434102
718506
5308
595983
1342
741247
309158
632535
157212
732047
465558
153458
293753
655012
193557
112444
631728
449585
1239
414565
355934
162877
12865
409223
632314
440544
534560
518731
435661
7962
297343
143736
521181
534032
664080
201641
741215
192649
229641
363572
211594
531619
494419
333786
653186
440890
515169
726187
119825
189329
497599
511801
164303
440382
528631
438720
316890
503178
372914
213470
470882
31334
446260
500491
436405
278569
178305
183800
111632
259594
444541
110695
499594
655498
43899
646508
647421
506759
465224
622504
380710
368404
386726
203910
514220
731528
75798
126906
439480
588854
741208
740386
648712
529631
75841
317593
661942
578443
200600
194554
649307
724025
546286
656901
155085
75514
661665
407955
497487
370102
511668
388297
319171
22047
421608
274263
533771
49658
113094
654907
166120
654848
247362
741338
44017
709
109778
523215
484188
369422
534168
7753
448342
571841
730789
66708
511794
192374
378996
461178
445351
481464
516948
1600
246413
380159
587558
485130
366401
332138
732708
405607
520814
170622
369397
481571
4997
523468
647120
356647
645344
70312
741406
525796
5120
502948
655626
350966
517888
660541
279746
116237
435231
428147
370166
226390
508716
596756
7764
23111
19114
476052
463511
475392
741160
295917
480073
111903
530943
496646
431092
437388
488251
433951
223141
647707
1565
90280
108957
459124
8375
522114
432397
191186
115329
231761
275243
522969
731784
485246
534613
512633
406758
12084
49853
518203
444467
278901
593833
530899
653349
518834
334
655325
505154
649475
271135
741310
90093
18166
200136
225356
389107
155090
525600
728837
514819
631812
41
460924
102914
355927
501280
594563
382176
303208
10842
660232
2962
268963
124503
614080
144949
694798
3530
75307
77500
425777
381167
720604
443875
74034
76152
269988
166551
522817
513984
694840
433702
604001
530227
740431
234896
473341
467753
458713
69745
631150
476306
510328
321541
380233
720980
503284
600029
74564
133512
368367
370781
101150
23871
541177
406799
413901
80741
707689
534454
323213
500546
461988
465645
390817
435136
159066
517134
624
176503
523446
512676
530101
434914
339639
480815
483454
530538
274416
282410
158870
105806
741328
500483
76753
425125
491682
292925
477375
492599
153704
446065
591852
584801
529782
533723
5009
458272
546299
720195
303116
419463
42217
645009
123072
567378
535224
650174
29724
496487
592102
368642
505777
335034
584988
655124
591314
438678
592859
643553
595053
23118
18259
5158
413074
55028
592171
294041
530003
533732
34871
199763
464071
435610
280342
716128
492208
520048
389700
436873
107911
53996
258563
372050
534404
531403
301412
118351
642817
656192
714608
508266
335614
643497
612866
157031
695681
699177
380164
485865
622871
643267
404321
483616
285197
657268
731826
512181
529408
695
11638
30174
631618
446320
647063
458747
470412
190544
644794
484813
516105
27621
26674
560655
652484
144941
187269
144073
69771
465144
310333
110757
593134
591569
524390
268869
516808
520073
25245
730674
497579
389452
129758
236449
524828
154396
441072
149261
591003
401798
632472
416073
740391
143250
656065
6551
509067
491232
546298
237825
380627
436944
25338
172928
128065
443948
731647
437993
460109
535972
631709
563344
523664
473721
266175
647078
559386
101014
571886
437403
512675
513296
2795
281902
531987
233240
784
535896
663510
349092
474005
370100
504998
269898
656694
13845
131452
467210
381099
122523
524219
356502
199877
518614
513053
76090
533444
43728
472558
431850
367900
17109
654421
429180
520943
712713
655266
25647
685225
598320
193832
524760
136348
644004
730597
407918
741172
513617
478481
709469
485899
73722
76272
378821
731454
512934
461420
445827
631636
596314
434250
90458
189782
485871
119598
288959
459049
741162
352656
406620
593995
296031
73793
351279
189641
369574
645015
515249
439726
410111
600861
370927
643430
437060
517941
97887
631633
741581
263812
741157
736230
350927
268939
552700
534041
593344
567493
157351
646
307913
527919
126550
655005
741199
210385
281707
162585
125300
655552
19977
88252
36587
505934
525557
323363
496666
209561
706674
435836
475074
479879
713578
272168
190518
465818
137583
534465
741263
25010
574857
149032
116471
105636
493919
732088
212102
50727
437277
433863
146551
446123
596643
463059
106212
657604
463607
78771
585464
515714
503709
31498
651219
81424
251386
522257
525629
655453
74576
499145
5811
716915
161357
655201
522057
440553
632486
103147
476454
397609
591588
370024
465433
299055
1869
408909
114648
277154
356799
417549
517821
413297
564611
591133
485278
511143
433278
350194
730779
471014
250723
252713
413812
544577
36927
17441
600384
118076
430435
713590
594338
496984
509163
728813
445890
156509
375217
200770
156231
481371
504895
511703
529303
654980
99962
558477
654548
732725
419240
655860
432360
399800
632465
741384
721685
517969
515018
654363
119878
268785
643655
23918
374596
740473
406134
654404
648394
647213
40966
78354
524579
82222
121260
162852
718438
595933
523443
439199
654602
178551
650537
443750
416089
514581
740456
644621
214043
643599
268849
292549
132642
654643
591976
644231
272822
193566
72885
13528
419640
24119
445705
288809
590974
534398
691131
655864
6396
733127
193268
73799
703306
520819
244139
495417
429839
371609
449909
530436
216226
84190
504003
535297
21509
525391
368938
592207
134726
489811
426296
370603
75765
267446
237886
183994
476930
459149
653173
511096
3745
304376
108332
187866
60300
655643
461361
652712
591384
435949
56729
731505
268530
97849
302977
604479
643702
233398
515704
74368
504281
517044
352768
436677
65436
591151
534513
595250
46423
370666
298851
741399
77578
721348
729053
291623
499960
335239
412370
157160
458598
443072
234282
655182
181163
523238
523145
437043
262886
24719
163645
130438
465808
521953
644697
592286
73958
258551
486360
19673
732613
513987
707026
520708
160324
26745
533122
740446
529509
631840
438953
602063
531106
283022
523471
527021
77558
444389
444472
720779
522699
522507
514227
505141
609663
567572
421509
434951
303676
659274
462550
490795
235750
301404
491494
601143
433529
412842
306051
409412
82201
592796
410596
347991
79018
9613
705490
411847
414407
437366
591576
371001
381214
449968
432699
369615
501578
524910
634882
119882
729021
449662
533323
464416
61418
397978
503222
603252
516157
76364
446350
183684
719951
143604
107812
257761
504352
212088
512914
175534
264887
709644
518250
587979
435535
435629
514151
269059
431668
335393
654957
368214
406423
353022
84
532492
525163
591140
258429
121432
433427
213724
632918
434961
349096
437385
523841
603676
368315
524161
431400
561411
529517
523004
709648
515210
380774
559259
77274
496622
523855
14770
129095
374588
183435
194121
374043
269027
473254
445030
279652
655331
655378
534339
431109
473927
515329
301613
69855
406683
558536
463375
654422
79101
521969
711077
433300
405880
433615
500156
547172
190086
117929
436912
191510
496684
535769
535762
654978
172791
502745
195464
477481
602086
200100
507433
149103
184492
729686
567384
497745
657402
370312
8036
492314
741213
111801
356366
459691
356331
496572
132599
696735
897
582627
343383
632685
514468
486542
527861
54642
507074
417029
546288
631957
631865
182885
653138
108029
369373
507658
475896
182255
522632
577202
28326
5710
445893
368402
209983
517075
184211
489132
721234
213642
432996
369285
518249
6838
269665
399758
119591
221847
522650
116448
190519
283378
406475
348935
414332
410197
410817
535192
12313
591518
350875
521568
122908
406013
523560
7644
332197
520245
369123
280782
118474
187946
171626
475382
27693
522662
203952
462598
413123
492555
467807
418175
125898
437779
430606
592313
127403
34576
21590
637001
406520
410970
130036
150837
77100
184736
558403
207631
292804
337766
529369
75348
573495
352
401929
591589
74615
521124
502773
438227
125867
473788
438838
643472
381061
591697
203772
463295
740440
476432
78466
632089
44693
164226
472651
493791
484195
491988
656473
741331
380887
512867
436031
643951
156178
247186
422990
12970
485628
473583
2484
173001
55468
177633
420269
591605
55999
26006
152774
195364
289123
120950
513266
469175
355141
473761
731853
444024
534169
632570
351475
643683
712598
471162
5509
654566
520189
353090
458414
500409
78060
14611
535804
84113
605502
75139
731568
554762
75703
181301
317659
502314
533526
436568
270845
460978
522805
435981
323489
481720
593920
480506
189075
632066
369168
128420
572518
334603
321653
506415
551713
50098
437594
464652
5353
521973
282417
534582
521151
274873
653163
509791
448010
522819
102696
109052
6906
41735
179309
475125
408073
292457
641140
24054
2057
108969
449718
250822
22146
274309
524502
256301
352671
444986
523080
181112
533986
694071
719930
4749
523550
163451
446146
387208
530251
370292
538286
554829
655305
631573
270
483494
512932
131226
592192
370299
528572
172587
591306
102788
317192
82890
440475
466871
368359
614136
119251
654379
380133
632515
190477
502659
518460
657301
44385
390623
433759
657569
274402
533282
471207
134795
2128
712940
558476
632729
406787
33719
657366
533720
58992
730599
282700
647079
292493
515890
433670
656652
520042
516023
76686
1051
258212
160211
591798
584788
593928
181244
478031
351811
371594
517546
180141
514036
406277
655320
493709
719495
529798
305971
466945
523760
65029
12341
458499
440934
14317
374127
445999
57079
276770
82327
301059
734005
563491
591967
495755
443430
10649
741408
7768
596726
226755
191346
480116
523512
434973
332795
288520
286145
180878
20013
269512
656208
335788
105191
189772
303023
741373
493668
643813
705480
515879
370770
740620
482415
388162
567342
315562
234521
654636
194778
133350
655179
435967
530902
444451
558296
130746
308171
546289
631725
249996
432914
396175
79088
416755
314359
732264
253903
512686
166924
654593
460558
24701
279806
484950
515247
518773
436502
492516
681743
502876
108104
6734
741453
533831
43812
522373
633853
513083
707712
104925
595071
644082
350209
211571
368710
54943
336681
381072
12107
515560
461819
656547
301052
418495
292154
244580
337295
101774
16606
221660
649350
547697
355983
523252
654475
520313
44098
20157
514211
731707
511504
713535
368853
719239
534255
7296
226483
741156
444349
741289
740475
480311
82028
515848
591160
241545
615360
636199
474584
400688
655143
195667
429843
233552
524590
429294
461722
107740
1481
524947
518900
11042
282260
532824
518475
591025
79387
445403
63841
731843
632252
170568
567438
405156
154654
518060
631890
143728
368647
479766
271749
282326
332422
735995
14846
406557
170131
144447
189920
533055
494705
145575
697120
279259
300141
333823
463483
298654
654572
497402
371240
356766
227253
191734
29403
741469
150580
397705
96
632310
655327
494192
155218
525462
655046
699841
57698
30258
655700
136313
408018
143187
644628
654401
591130
396530
715862
376933
280378
432862
497332
135997
731416
205558
467769
290758
726063
472838
115474
333427
3260
171342
130767
621200
76224
648806
436383
270291
288284
180535
519246
489142
709182
79299
389724
515876
77768
659809
1197
159472
21938
590956
309753
15591
152944
524121
515070
108371
503093
468410
434081
272259
528826
643801
509226
231616
156667
526594
494997
593339
300887
604915
533624
411312
643085
517972
436416
12013
432706
8102
79081
75256
64968
68257
572535
181300
473648
59719
603766
132902
307734
121076
336916
2853
388733
182215
274772
505339
7101
504009
470996
503022
121017
625768
466714
73527
144130
1063
435711
39925
740605
368588
396447
592129
444247
496267
153961
482573
85539
721558
106909
528952
603629
75643
55847
76884
6909
517034
527105
212838
516707
515544
597349
459573
515515
384598
660718
90073
35052
632527
740365
82609
559459
443731
47668
73797
116459
498569
713632
102798
462680
516341
492212
591809
487143
7879
136885
306791
516837
26703
421907
709321
38044
3416
735127
418450
83077
127432
77897
720177
533192
353013
568006
467793
532840
472437
172445
176626
741298
119316
533887
355264
515369
564847
241543
477128
740387
405619
158954
595056
280130
655652
135646
227777
660767
632554
309763
741191
532683
741259
481526
435001
741270
19400
31720
502989
518346
510958
506276
632385
149305
729187
585728
448229
741181
599762
327527
514806
731683
463642
173524
409226
350475
632509
78989
519842
627414
599798
339278
25892
659681
406549
252543
904
740394
483305
728832
491351
644125
647135
647071
9347
477028
631639
406515
382865
140903
203206
438219
185172
460002
125213
171189
632604
131711
160565
356190
708061
5836
460317
501778
446425
369761
172982
708153
505676
632778
440025
150107
436178
21861
442789
192619
725151
252967
369440
6891
669893
370140
632438
213264
351906
658208
211600
528305
534052
463426
470477
491336
719925
606838
153177
285051
643548
42644
440401
436975
343873
466814
731673
129742
633705
435290
20879
410965
524767
163893
99855
201058
482976
444520
370267
433439
180877
85603
646490
518123
12253
534770
461113
487635
740360
658702
151536
288304
708182
449601
44024
632258
356742
432755
477325
651512
470588
597434
532968
12106
276878
654653
193043
171501
356440
197043
368149
660143
612096
516539
696631
175322
184298
497967
418533
10094
501293
632708
403171
171844
27183
30619
387679
188757
591293
282376
654427
289092
513490
466625
660412
498727
371107
7012
464829
714127
656361
508720
729172
432818
356554
148559
379386
401842
650680
348979
438102
723246
657271
719935
656031
656696
499839
486502
227656
324844
529400
247077
414795
821
519718
173724
108080
462663
467284
309231
731649
257664
632282
281680
169840
522090
542707
632456
468702
376780
483209
91728
466910
597715
143873
479602
726509
477003
444673
351413
9587
708017
633601
527980
167700
75823
480848
595540
210751
137594
133321
146406
436617
482038
546283
647086
82316
374503
658438
370581
106124
28896
79110
653288
503911
491148
154023
286221
534190
10784
369488
330384
7736
144114
531713
379754
507798
150423
519909
497788
14229
704031
339809
430646
113876
481569
433732
49573
741176
644906
654838
279704
311346
195710
515005
531176
468140
279529
517601
404914
5662
731767
51120
250899
368934
156367
422662
740477
2161
356467
73037
591768
522110
174312
111577
209151
471975
225083
232543
478469
371016
515517
13034
570296
521530
655105
272011
585374
481898
727543
567374
401509
75275
115325
76480
656959
501728
705699
27695
421257
647119
525063
156967
102267
115467
529353
13645
439152
577281
247323
474781
720014
445203
173878
523185
709689
517597
314263
105818
473286
146668
465323
472038
435952
730749
481860
740399
177576
517249
446270
516450
389996
83286
216623
513039
6232
471818
144531
510324
532790
567235
75117
711461
409602
469254
63489
17118
711216
404186
479670
79276
188614
120
514602
356270
4747
591666
591156
356545
741239
632460
643120
741293
183706
521487
462323
464472
458922
605143
576320
82927
654815
102866
221889
120949
621179
381126
128474
87752
454528
436426
200596
247460
381204
374650
57813
591061
530687
155995
508479
101302
503315
703523
385956
253736
191215
741230
732385
145061
353181
270978
481918
58974
21577
718483
656492
715543
407926
591757
531789
436939
25348
439381
26530
388087
494614
444851
476018
740380
302903
632041
631856
605432
595201
632223
503134
6829
515472
508234
504597
730686
99960
81791
714425
498313
108530
103934
144835
129673
727648
432562
81907
172865
435741
483239
269775
487510
74471
18103
584784
532786
662922
146804
88556
77060
741522
269944
570274
727986
485262
597216
654609
22960
519818
546271
628599
278434
153837
657887
729144
730610
171426
501928
713636
368587
530000
133892
350265
343522
731699
514870
558601
277624
134688
435381
520070
75318
406135
468972
7165
446098
631757
528713
487540
407101
643658
524571
298198
733403
591415
26593
114198
642990
574741
645427
726477
390736
123198
513609
79322
518244
411300
741151
741202
485915
584908
148340
90061
741204
525157
577252
500013
508524
520136
475663
502244
450230
601206
716678
443057
487296
379548
654368
396740
702907
283610
532359
524517
523852
111779
194143
21907
631508
2430
643920
645279
510402
309288
592108
161839
173030
712718
513915
504048
265829
433540
432976
55682
697514
594171
591033
205326
374990
591530
424126
47367
502756
732085
625725
26010
388654
307836
465812
308045
596607
522506
635350
523302
99491
500897
177530
655082
348112
503048
317403
213389
265174
532399
446588
591633
524464
245540
632423
300624
522863
348262
171995
654773
615092
155396
533635
585051
728857
474213
279580
656037
511522
654675
3426
652690
306199
530734
162996
500761
446240
270869
529618
644863
10306
532632
740413
657067
302408
732022
446852
12319
432822
403857
719998
352839
654740
658956
203961
708536
8739
753
720158
520898
139120
479693
631898
122006
480653
716464
654418
6093
741307
233952
84753
391464
655207
478673
500756
339
362728
356096
2090
255973
413045
61430
643610
380118
728759
436643
76095
558901
655329
703237
210995
726547
506481
130774
63236
248785
134084
433337
122346
471751
719042
126667
514470
436650
655450
185489
519557
709514
77719
509622
23198
368920
502328
416630
515688
655333
34851
535734
327631
104019
23960
449630
421724
126941
464336
74405
464595
525419
632373
368866
518198
411480
594838
712631
483564
130759
511425
654700
26613
712714
158688
132257
406300
492407
42806
481307
437338
74655
546392
118666
444157
190968
99819
501376
546282
19987
514934
153952
55044
654944
522605
132629
9850
191164
534346
681002
740458
731836
350268
741354
724212
654552
474233
445497
490224
477126
381219
510635
356216
534847
301989
368855
482269
487994
889
410355
205163
297304
709893
31053
647017
451336
376681
409582
220864
652513
443881
713611
282204
468688
533287
232194
618430
590886
533903
75813
591069
511757
741436
380372
408960
490203
191518
492333
515122
77422
386390
190977
742062
655921
200250
357637
443625
271341
591242
591391
184907
425769
465295
534453
279669
189716
471119
607819
8763
461117
210283
514920
489284
367639
445803
388004
130917
23956
517338
523332
618145
602900
132342
315230
321231
370937
62314
643910
405610
162032
503546
713564
87295
569713
19413
595553
741306
421576
488282
355232
248136
278429
409934
654657
720081
131910
524599
204559
5912
175437
271643
327252
31439
122363
24485
14623
355348
25524
459088
719465
445511
648111
500047
371350
280987
381189
414028
467223
224008
32374
474833
514941
732259
165195
399984
584881
500526
483259
505004
557850
515242
283741
440898
449291
585869
88297
546285
532019
127310
158287
555917
484371
271510
258314
590937
586199
645317
296731
655672
444749
389649
80919
528703
629249
487511
595507
347270
118725
438429
528833
262823
79353
532265
51891
495240
406708
4104
443330
567294
202097
416998
496459
647822
108112
520889
446427
30824
625133
649259
435215
62696
502004
356061
114412
90303
435255
514465
584782
471851
532082
659346
352541
533273
381079
675799
166556
466391
138860
525324
477892
364980
731909
517817
696211
356630
460645
469030
554831
380973
726920
371720
55940
741285
731520
356654
444776
586165
348350
503787
422688
44070
449207
514373
15977
293971
723477
520094
518524
655056
99863
449609
599470
369068
467326
372003
731467
465929
174193
78183
500375
78944
231883
162397
279245
293653
288164
500512
708195
591968
274135
327736
433512
520205
22785
655782
222855
433269
2465
654713
420229
352677
179312
631925
309069
567968
470369
274422
233119
466828
642874
388739
12923
598388
520192
196384
532315
524731
62180
90107
709550
519972
596449
14468
179718
50252
591095
277704
158339
645517
235069
554791
292356
59214
351875
469244
507498
437191
522472
516077
505033
650575
524498
76244
374147
434213
438991
400295
502302
9527
99145
581171
47382
195727
333526
195309
268742
728933
349283
654824
413359
283725
647659
292078
631827
508999
741405
557709
433901
112318
491737
368264
467125
334612
515371
524009
83758
732769
558614
513292
109051
275775
532363
22410
558422
477420
520973
603732
351403
506558
388918
484242
535873
302287
516632
151134
296942
370555
459070
731396
132966
567268
381912
529019
729120
74050
390667
469022
162233
714302
80986
98943
361323
423935
878
507910
80132
356050
470233
372286
28491
492618
48924
363492
644000
86320
371889
440955
483924
546261
718626
356578
514199
172772
513711
491745
654350
609336
647075
656503
335079
355606
552129
644633
104315
534301
534477
613417
369920
524741
610830
462086
177275
17250
299878
460298
130293
517622
484738
37617
546390
523506
150651
592045
654816
444931
617340
654616
643580
193326
733319
432674
530595
213666
440829
432760
493819
200716
500645
381123
467740
534373
591455
508848
200804
371210
530698
652148
460355
448697
520506
368823
445570
600547
380346
462998
740412
196176
532129
410977
643600
489207
30570
96952
534293
111749
473296
372031
522666
429819
523463
472508
466693
151413
377992
396644
631582
476365
476517
505652
50405
75527
36794
621695
188553
696684
159130
284207
118110
443687
475538
573143
488827
533514
520612
505735
75438
371147
12393
570355
655964
21765
654563
145150
444356
211602
517949
513632
430299
741226
508010
407709
631584
504670
19012
371698
468349
427927
740542
632151
643357
50425
467759
519672
521212
458324
432729
654817
584845
380250
662006
732075
410378
412117
654543
21631
248815
474010
469561
591286
26904
661968
7921
368592
435556
111554
740452
516830
16291
632208
584985
477866
645535
279583
496542
523299
15535
180414
167679
514599
654598
433795
2799
596704
592262
280741
386989
536663
50889
515164
7353
373741
713595
31474
77318
654465
477869
732244
34045
518525
246310
597091
370487
555985
644919
650585
432121
74375
524690
516578
487774
524899
404568
383403
655028
10848
201034
433222
37706
310645
718516
326387
128067
191074
514495
442798
437178
517145
466165
132760
560805
194329
70573
500921
38449
48029
526728
435719
523309
164853
119177
311640
130434
437855
533040
632839
188781
172631
765
23581
90286
553723
146180
436161
242458
740526
320823
477693
591115
466662
731633
517168
518464
446091
188634
440263
505654
124490
62275
436066
481186
154320
321045
405410
370771
631672
523732
172550
173203
567120
448588
517033
480454
193516
526521
99528
78888
183109
520287
389461
571037
505059
567725
652308
112553
12457
9315
504687
369614
55777
118958
184233
675564
474949
519523
269560
435761
207538
106242
413482
138701
654922
716256
268787
501345
591447
470633
135146
520348
135087
491767
518201
161008
7158
445665
433332
73839
546292
270851
23248
75969
197071
631602
431367
465041
162121
741417
517070
4055
482730
460923
435013
495035
24598
740471
463456
652389
726050
642624
165859
124246
25155
348365
460141
181272
272062
482868
159430
78224
647094
243564
741531
446574
73291
82916
654784
20107
533738
567562
654528
168799
335106
467408
449076
118738
520937
662152
464333
246112
22393
289347
356572
208701
83114
180903
455493
26670
27021
651201
654869
463041
146602
9235
413133
522357
696497
356769
42151
289271
504136
27059
378103
12152
11355
617449
407190
632326
438641
655410
654400
236361
11594
532755
83313
591375
509343
594444
380403
432485
491440
82887
313544
517581
731459
643433
538374
471933
519294
213061
374477
408054
369675
283734
741179
468840
595133
658436
304682
534457
593379
231367
14839
78601
741167
151220
269128
632891
10082
17936
481852
655348
532610
656450
12144
34492
461705
93659
495985
368569
471834
591862
34333
356187
446559
535464
404706
418520
310456
234569
528834
189445
434966
446445
645802
101364
731507
485258
527748
233160
458355
703764
632549
139896
478383
198363
492445
378885
633703
188456
407860
2042
508021
731613
283416
59368
513867
204238
241576
304613
611911
2164
227817
658850
505412
4082
480876
484782
634508
187635
720167
434286
38034
360174
180919
520640
495471
658547
407580
656870
335918
631539
405590
596461
426359
356076
463964
476270
4859
32826
5210
706116
631861
371563
524871
438673
119192
730607
642877
592322
516119
420757
148269
24601
633165
210367
657978
369017
506374
423968
75835
553878
148677
115242
446850
502883
459927
459391
282998
524195
792
171695
647068
465885
370689
271667
445078
501012
89890
369265
208681
530941
655317
720108
118118
592317
408233
594238
20529
469002
420529
284208
264482
290404
482563
470804
643896
412103
333297
485606
642842
404466
159006
353454
79402
511477
512693
186350
514950
434255
29189
128199
612385
446466
741249
458917
110702
1183
182825
741195
479808
187898
436687
75914
262858
646775
592340
444947
370247
421622
416024
495731
405144
561064
730689
515536
520740
459940
495230
729095
180909
275757
632227
512465
508480
8360
511817
334684
710500
288954
355559
292689
655293
597488
468186
131255
424312
584884
191887
210532
506997
523836
440092
16003
112405
608380
152978
461379
191482
346736
>un
710400
740613
12798
740598
479728
728912
731496
643621
567919
684970
499916
622424
696554
602833
351316
595298
718983
546523
592692
730983
741209
683821
733693
731819
519738
714213
655770
656710
668116
569882
665958
655261
718522
715779
731601
722057
712829
713846
718605
662037
596876
676667
702947
707636
595524
735852
335057
572135
661002
732221
463382
701472
660157
660103
270084
702967
656178
695057
740358
663607
604230
635676
495227
677028
734672
592921
734009
304818
732026
708256
731514
593027
657478
485365
705996
665080
499484
705959
519469
732466
722213
714239
505802
634602
694083
713774
713091
604750
695361
458446
708120
446345
710481
706225
741400
697648
732348
512015
663926
706229
708767
632876
54056
665371
708275
303090
546699
572786
655550
663251
599007
714000
656128
522995
511952
714498
634819
716846
715921
732714
549079
604208
734776
726735
651695
714934
708442
631797
666431
600844
670115
654884
600761
646053
429365
660907
655427
679955
727974
663508
691845
356721
660042
533977
721030
733523
732137
677027
654977
489932
118183
715292
731821
735991
652533
677019
634447
731577
655546
713080
709728
633222
730861
370475
733231
735996
713120
649975
720106
696775
677025
576820
706044
713850
668267
702472
97449
730313
160800
708558
712842
387982
666809
592716
3353
596580
721182
662222
651222
647959
680699
731501
741315
667739
152812
625042
668061
34136
697645
713346
575376
593927
712977
655390
657607
677007
713970
209973
567410
483829
707322
649902
731884
594569
476697
302772
715773
702025
736853
670557
698139
592114
623806
521961
713764
602321
593176
652524
211485
669724
701436
707304
573018
636388
707800
710734
705523
572255
709727
632539
632988
225784
449114
707453
732515
665436
519520
712768
667725
713076
606576
677033
594424
631615
707402
426104
674372
406526
663758
676750
735997
488433
657800
658396
454011
677024
718709
734767
600667
679534
635352
631499
666960
658132
288880
721523
663888
675535
702810
448226
705738
634483
387576
707339
602580
660679
707438
735793
741381
720376
567702
569649
661123
661894
449945
695105
670558
708295
733433
729201
571096
674466
720876
644901
352602
667222
594292
689533
506989
664463
441636
458733
734456
733060
730310
647264
707396
656122
701604
639802
655411
708625
487233
677032
597523
271498
655072
449153
701848
7917
654924
661809
713770
295626
718560
731274
443029
720182
740945
633806
448879
462913
484769
713568
700372
738476
731713
602514
75724
714503
733489
571870
661399
732465
317080
732892
669315
735747
713838
732117
221334
660472
644856
481980
714006
645304
741205
703723
656994
720644
444743
682003
655424
715202
714914
721120
741228
659884
708259
596629
447653
659034
571239
644829
722022
714487
644956
720521
447953
596159
589141
708927
597993
721953
740423
666842
636811
731943
713976
706070
706101
512525
217079
183070
480743
592455
738164
647771
670551
670589
706076
658853
567941
145958
741425
712867
691768
705948
714164
707223
635991
713634
669070
669674
665190
327451
647049
713025
631793
596814
596112
718686
708270
667998
732543
605433
734247
655291
713721
630169
592941
659331
657921
731509
714913
703770
129777
677022
702126
635031
700083
656532
741333
682303
732530
711829
653106
666468
712899
317664
719719
601001
699527
711290
442160
669584
516530
712826
700839
711079
509398
495132
705992
664921
655070
587375
705546
431101
666166
713814
597594
191591
713837
355739
380956
430828
561638
464404
567539
665437
657019
741610
594601
189119
699316
732296
710259
86538
713079
708502
642796
732050
597612
721665
722829
713706
268887
619002
723357
698624
356273
592495
657399
740496
597961
567699
706576
531042
732550
670552
731984
721310
466320
658260
658469
661563
707733
707552
645734
624595
534965
703358
277697
661832
482549
713327
506748
80624
585199
504187
724099
599767
452319
718690
517207
659979
598990
741178
446522
669585
657236
510835
658976
656368
559827
662117
667746
644438
741821
702370
476320
654746
592737
740363
714436
651175
733539
643648
703302
512542
518345
594673
657308
700008
731423
529231
593474
449095
713658
666901
520703
450979
670547
730702
534798
725453
713383
731532
711628
656125
496271
668391
735735
710248
672499
702164
718935
292860
710668
595238
721107
263640
712955
731573
741220
435992
547622
713828
697218
677029
735993
707298
655903
561021
663757
677020
653911
592472
703494
728162
134830
122054
689001
555895
159699
656655
654512
602707
624711
614690
470601
534974
715732
>part
>ku
534707
553831
632031
631892
631690
632065
553612
631526
632363
542302
538726
558604
722750
553738
591819
641525
562648
692712
568387
653091
407655
570895
647588
712431
651082
577348
641504
558628
553594
534530
553770
723790
632092
690412
558673
558851
534693
534554
627194
739039
722756
553710
742554
448906
582534
534614
574588
553758
730522
722451
646883
626838
>uu
631272
740079
690706
632571
740076
451647
651098
731315
653040
740072
692717
645533
739053
641524
640745
627439
641527
742452
585701
650754
739001
742456
739044
627381
712122
739029
742556
739051
715420
640668
722983
690748
742453
739047
585834
739933
742540
722984
712497
556125
690741
651095
690650
730571
627443
586383
739058
739910
719843
730391
570827
641518
739046
730568
739027
584259
590864
641506
699140
739041
692710
741078
722982
712498
556140
651092
640734
690742
651089
690737
722779
740071
650755
692711
742457
641528
742555
742539
739909
578022
716279
650752
739057
690744
712128
739934
739002
690738
570579
712430
570677
651083
570424
739050
690623
553806
730390
651093
739000
742450
739911
651076
568202
730562
739045
722769
692714
730567
641505
641522
581357
651077
585324
298987
651096
740078
742455
650898
651078
631273
741077
739056
722755
590950
739028
742454
650756
738996
651094
722751
650950
641529
740073
722777
742447
627440
568035
553771
739049
740075
689838
738998
574506
739004
651097
651079
738994
571343
583023
591740
723058
589046
579266
584664
584358
571284
718687
739932
627382
650759
713455
627432
730393
739052
592493
>kn
522605
217484
533913
449278
710271
256206
648974
634612
549536
380698
595069
485104
608918
444756
253773
546636
8379
741576
117938
5345
477126
645445
381219
287379
126024
363407
194408
208206
235992
513285
211870
290551
26988
531587
451336
604066
443469
644794
446069
447851
647646
408581
521924
407482
658310
655173
654513
448884
412719
418668
462400
629177
29899
12400
658149
741194
450642
499659
98848
494538
731866
492716
632712
583545
521693
632013
462475
476989
733070
585010
128803
29403
144442
191518
517461
147816
345877
674226
643467
491104
656065
354243
149035
659824
699841
567423
21380
720472
654401
283096
585843
6764
490401
492277
408623
601562
535389
567793
50749
647078
668747
131686
685242
535011
132130
610717
443936
233240
202296
98523
491997
467306
659307
355232
386236
535896
182982
645542
131910
641532
404102
654399
631267
449687
296422
448988
268700
646318
477009
448720
497448
390171
655455
128196
486109
452865
579899
679833
648111
554599
534527
641481
471779
98947
654421
155912
32194
537068
377001
275352
591489
729280
731810
436119
21639
445377
449291
711142
632671
525977
379186
308127
729358
407918
741939
586199
59719
97594
622654
75799
512008
390285
647048
148322
734779
7247
710741
178715
478854
527565
523054
701044
632365
406395
462418
512252
459117
591318
61684
531650
553949
99414
183850
718875
176177
370927
101742
282665
652754
478158
162757
408434
28280
550547
567414
406461
552700
113871
506549
446760
40794
436197
523395
376281
396189
569831
179704
509499
282409
346947
606355
436518
448372
450804
546408
741139
212838
676102
647114
569125
204121
604441
50850
711115
288034
584842
715715
716824
369056
559459
660384
487670
136905
533289
652364
600549
380930
46894
441708
147064
462680
439154
25010
372679
647757
647968
419171
44647
14161
710246
654650
732088
589714
643864
599703
507783
591285
307835
29304
383564
277721
317243
454828
78771
732236
558704
106234
172445
741298
209954
563205
250493
689006
584936
664978
372707
449609
559067
512174
567489
249972
627177
460789
568555
87779
661055
656692
374446
507122
592194
444298
579474
129312
591997
708687
404089
113577
657058
642307
572974
130957
719553
120464
134209
534562
448229
721816
495912
463642
655258
434957
569157
517352
307962
660699
516603
516087
693248
534691
499209
412517
505605
532345
191073
125608
518767
98025
361041
741173
449445
571446
333179
285026
121188
741465
200230
591652
124136
463017
201634
518450
591387
657133
252707
128069
282121
147237
654404
646712
373914
720780
439894
520341
373606
378695
24301
539702
655160
713451
730002
367781
269127
711769
65234
527853
444449
454779
435490
436495
394578
664194
631163
407083
742234
652741
443891
653243
176658
676517
729765
179522
709611
22049
381105
456381
554182
644306
197613
104672
631770
590143
406228
258209
371576
454835
741486
202543
315
58785
731417
131035
531406
719946
368982
433791
145136
254692
362806
451294
736960
442703
878
578167
246381
570821
740360
382625
528024
96633
134602
662549
436902
474751
438385
512587
721835
559073
733945
192492
149020
387262
436527
501114
368516
150849
163629
522530
517172
440476
532446
573153
647039
520638
518490
420616
532676
720233
454905
534593
662248
585393
632765
132519
514071
659871
631829
531314
669526
32433
136778
632224
123114
511454
372924
525536
454818
2
640667
654604
592170
556063
515271
271819
466664
643560
643580
448934
572878
688380
460179
591282
585157
540107
729154
684212
37167
656696
627452
279881
640255
431045
709428
55118
712129
631553
21554
406779
162559
533782
440515
584997
380801
650695
592124
147110
517373
505141
368823
670144
741264
736491
655469
583896
653449
658215
655089
156352
594481
250182
542707
133977
648846
683662
472508
597715
655321
537329
361778
104967
268726
116244
657273
335293
578287
380225
97837
573073
370605
596261
656619
82316
435371
522334
511872
425023
486856
551705
459937
635230
466435
479066
730099
136901
368542
29706
691976
387856
116827
659158
106254
680983
145150
645273
642024
534025
192316
371746
170475
534578
656629
722775
521903
631571
655977
520120
703889
654439
657355
720473
601911
661411
433427
727141
299256
654543
370699
161229
632058
97805
68756
382790
97691
661968
368592
447869
207603
375067
732659
416925
584985
376425
660109
245146
99841
408336
469918
136241
712875
443960
569575
741930
167679
727543
160380
473927
677891
333579
158680
250002
528432
135229
26135
116724
517421
16004
125713
592086
569516
335049
529353
501632
646773
654542
356398
433615
677758
655885
439998
720870
10848
567880
279567
512467
523838
292449
98132
532654
561770
205144
27267
702849
146317
444980
732033
516450
308340
7744
632255
741379
25897
728970
435719
654447
539284
605775
279008
632706
417303
140617
512564
231861
154578
278036
451997
548197
155827
132599
719906
733239
385755
154704
343383
434604
665988
326734
509796
631957
160789
566872
516853
711898
496544
636624
571593
12332
374726
378532
731495
647056
654479
449098
733372
463613
664560
105323
570825
715986
591193
149219
640450
428209
633653
128474
508937
655267
445498
454528
647042
708945
546454
409925
375836
88181
520525
648183
595809
433879
6664
450252
677399
497987
458334
732239
695934
654500
483993
454043
444933
522350
132448
556121
585021
118474
569254
454716
532188
592260
652398
531005
252714
33368
8859
440535
656428
591689
710565
274255
454407
507676
98321
448012
627133
591971
435013
674423
567678
534679
648338
517180
709576
161276
136979
595201
201378
500419
531598
659395
435774
486520
568007
610290
466154
127026
710873
729135
402200
632791
731797
103934
444541
148988
591776
448362
120591
646184
97592
652383
102484
518125
166109
553970
713751
237017
655714
531242
407639
436854
294009
648712
532786
732409
697132
41379
647718
558967
568152
292788
713701
729945
436215
710275
19872
668654
632091
591009
144734
410889
478588
28673
28465
355357
740778
404167
357025
501928
103832
4280
730043
434447
26039
117331
132441
396201
696657
383050
649589
471162
494985
655981
719895
726367
520189
11594
83313
524800
671900
636502
689547
298038
667238
723594
535060
172130
376505
528366
13305
397836
334177
720076
440026
658249
710727
21249
208093
709171
528439
511849
516866
373787
738699
205403
647120
498740
498348
372578
131819
159538
425123
659621
722171
408676
12376
138207
513373
469630
653165
647892
130988
451618
46578
655348
645502
143880
513451
647505
381220
379548
496753
91531
505806
591013
532372
653244
564139
324341
25067
480073
535464
729645
448010
525392
120963
530943
674
301062
721293
614734
443140
488251
733192
432676
298685
480101
522360
68876
740511
161839
585189
389945
485258
465542
591867
675888
652430
737538
446962
462915
523550
403201
662488
183114
697514
375975
655234
591579
653174
654628
525572
518203
731613
658032
679623
272287
531418
170999
655255
370299
518267
2164
654705
646734
317192
659035
652825
381096
150324
736436
648086
148656
655671
656581
513096
635208
193741
442658
213087
284295
24969
283809
534597
1219
631812
199853
676792
329040
134795
319484
632851
512559
411138
474991
614080
383206
532679
694798
528454
606200
649690
484363
105633
673244
728804
600085
586264
522817
128382
631263
534834
435759
592245
152983
659256
589661
497692
679163
707374
591388
655363
125960
730607
593974
721515
385631
283851
531194
148269
534332
451638
526596
519783
730039
720672
443116
461575
651147
730643
658956
159195
227782
652371
720080
81337
112160
459114
159188
413901
99248
12723
459927
714939
390817
21816
131034
549540
438536
721209
152670
405667
514580
567524
434890
251830
106005
512597
496323
437167
87734
464876
12272
530101
509736
27373
652490
356096
109358
57806
82848
38085
26441
253193
574257
152149
98288
521178
591583
524331
531509
525251
477375
540230
72222
729640
458644
576504
660603
156784
710255
729380
465720
403934
363312
204449
532677
413111
709514
529609
129598
376634
456852
654380
672384
556014
187763
375441
401237
716719
184877
368255
657028
595053
659384
287471
449281
655449
13188
657927
585053
150013
664836
656384
159546
839
459940
581098
433336
669645
514840
254808
368429
11713
508918
672754
126825
163909
736504
482533
141308
372492
378813
444882
656999
686754
643536
122061
253050
733368
74655
730881
656192
372773
289062
437539
349758
100914
170205
220649
632022
>un
646292
712087
658992
563496
676472
514210
736105
741442
98984
645547
463838
535089
715408
589314
712862
651081
736040
736486
571767
742497
627182
740949
595878
304233
116006
591186
739534
484933
512372
571932
591494
652919
632792
650180
732885
546903
742449
461608
712688
512463
568189
525905
741456
742451
722733
502677
721183
639244
581073
626362
742190
571598
728926
638651
582960
654729
652842
721317
565076
690740
641530
649892
737171
734538
597504
721565
652491
742123
711171
570903
651085
562620
451560
730394
730047
638630
382121
732950
574425
737567
736887
728036
657278
719769
588355
567922
736639
622773
637396
581643
634724
631689
730021
710970
639607
446700
571762
720843
737820
672470
738322
742541
722893
537467
723926
721868
739042
735825
579124
404758
458315
647205
534738
438876
534812
652880
712419
570483
592455
647703
522900
143920
742081
734323
651175
490946
569753
730523
668227
673190
569611
660463
647437
733254
722810
568211
735676
659146
569947
721732
742375
647814
587774
735099
721169
567764
649891
587819
640845
646405
524283
739360
660389
721983
131482
696024
651075
722593
719815
736104
709588
640717
528395
710297
742057
521536
632175
447837
647052
733677
730231
626531
631802
665282
698626
550014
741963
661590
535208
591876
739354
730569
575728
592029
525894
737763
737023
535901
667554
730208
596401
131057
716280
676308
453600
600708
738832
662789
661260
720876
641885
188007
729787
568390
736470
739011
578306
573530
569971
729477
308321
632425
370455
711029
721985
740959
318431
740077
533020
649897
737800
540784
741360
