>id 1233|Hs|cgap|||mammary gland|neoplasia||tissue
>part
>ku
741571
>uu
612356
614563
678201
703758
678760
566737
614596
561969
721961
612355
614562
613863
543640
604659
738133
604470
534724
547710
566676
604654
624358
604462
668382
607783
562786
671867
607781
672515
542224
607784
225081
648203
672523
713093
608247
540710
608242
607782
734990
651711
608245
543884
544789
671864
671866
671865
600619
600373
663117
582934
705879
663302
564197
663090
606453
538306
663106
663118
712906
581217
144312
720995
600268
687338
600589
664324
663598
601327
87128
548128
539354
112825
663822
600069
541593
541113
534185
600352
538526
540251
602570
600041
600289
663858
167218
600276
600343
587594
730994
663304
666479
634345
663876
687553
205433
663729
133890
564643
602694
600341
663168
687217
515372
600596
600671
600317
730945
222221
663303
600283
514903
134565
733506
634962
447853
663746
634453
666611
634438
602604
600370
663595
577270
666599
8257
159918
600348
540143
483104
663174
634451
687587
130553
690281
155956
652605
666979
565380
666476
135718
663689
634428
600417
663600
729568
563990
663138
666594
734074
562301
133889
199739
649074
563177
663859
600416
512199
721023
163781
410450
668468
635293
436033
613801
544419
678157
677584
613143
677582
678158
613142
736267
677581
560529
613799
689346
677583
678154
678156
573029
600355
600356
600365
600529
603909
>kn
436500
160550
741170
18192
449278
75227
634849
669775
69747
681616
654527
249718
589862
133337
155247
585209
144309
434937
9333
292579
211463
336810
439481
552567
189780
256278
16355
525549
531587
279784
706355
484551
504877
532851
16622
12439
654513
288773
203717
238990
520182
736871
348963
95162
546287
252820
64173
447659
216653
432413
258855
374950
654370
531089
731854
158497
720221
445758
58488
465709
534334
494261
516954
65135
431279
130098
561539
75812
31856
701991
619315
631630
474935
713956
605153
741175
580300
82793
523680
133135
201858
301853
712658
740364
422986
498892
47517
619396
50749
403933
640836
131776
492121
523789
446429
527061
571148
408427
469473
522665
546419
513851
531856
253726
584905
83753
517815
8008
408324
524648
610717
148641
20716
369921
5443
7854
518355
433419
570189
740537
75243
741169
409578
687692
377155
5324
741236
53454
437145
204575
597422
409140
377830
740519
494691
33476
726537
440900
91393
33642
592145
514505
495511
534527
211282
546256
592689
471779
171057
518236
503597
499158
155912
436913
499264
13852
476093
156727
507333
434980
474053
526432
519162
57907
654744
740548
433445
546269
711490
585071
10862
514051
365116
732677
196990
434044
81170
267659
654951
144468
509414
3100
75799
315167
136947
654790
591777
584809
631814
325978
580681
731574
344151
389378
190722
497349
591456
529959
29288
530024
132359
278573
530096
344400
731513
532921
333907
731828
728799
489873
642598
598836
488624
523847
248267
741382
134296
632717
444767
409662
631535
277533
194110
363138
494173
509499
307043
435815
575357
169900
558799
270244
270621
234149
401843
655095
69293
741450
369056
531614
35947
485471
268874
433701
720388
211079
534307
497893
592225
406678
741280
134650
157427
11615
370504
419171
471441
187393
656457
448572
38512
710246
633514
82502
598850
546323
54457
495851
12692
667336
300772
155040
564188
555956
430075
472330
729440
443914
732423
70327
557550
505824
446671
533655
658046
124942
732060
407966
473152
520794
503692
516111
528634
653193
434996
145469
369670
235368
377894
731481
478125
507681
62886
460789
77793
531330
740398
58373
468442
191219
13781
655168
6874
502208
208597
355935
645792
430551
459596
506861
365286
80552
22634
181326
654952
440950
269577
434386
314543
59889
239718
655271
222510
109731
518562
71941
502917
172753
531752
514196
713579
436410
719132
515785
82548
12109
472285
477891
372378
12229
475733
11916
284292
1584
438862
516087
519568
369624
502875
81848
471452
3903
76111
500721
23650
29282
368160
104879
1908
489040
473894
524762
518767
319481
3003
497873
361041
66762
387755
15825
648744
63290
250758
534575
78089
586423
89545
389734
530402
652114
531182
591671
516933
481704
20685
398157
631661
654444
515610
282089
356285
607212
105465
31074
486401
713616
77961
311363
639609
22546
94949
199561
591805
434340
128548
580427
520341
352642
126221
373606
535239
9914
380953
433180
459106
73986
75064
222055
436803
438723
49582
626544
720061
298280
439815
35086
731537
522729
19121
224843
255230
40479
511915
355753
164960
87385
512464
446352
200668
27018
498586
82719
131903
79625
509780
644306
518921
91579
501898
183713
414579
709539
664395
112728
7910
446275
482043
439620
110571
22242
370365
293077
444818
655373
269592
202676
525084
81892
278362
119815
398989
476179
504609
381134
420272
130836
445588
74137
405479
474751
306307
495656
665686
521056
10101
486507
646346
20225
95231
512776
415342
12102
351461
516505
498160
301463
356624
127022
440049
368783
520063
534074
421340
632581
204041
741318
642618
647334
18925
5258
32018
284630
4253
136778
655123
584921
292882
698020
441047
368554
595072
255093
155342
524134
472564
660010
488240
567367
239154
331431
504115
438409
518138
524224
195080
587054
282050
191582
647399
323445
700344
546291
657312
516160
439060
277035
655020
462214
632483
445711
655613
298382
5476
409911
517586
655067
443490
13495
116622
518609
708393
656685
54925
147674
250905
55781
6449
334868
410037
369520
82071
150540
407368
283869
514535
441783
529023
515081
123450
100874
471675
606320
191539
536122
371597
112981
561815
530291
723236
44298
505231
532768
707281
121520
92236
369606
75619
465985
350899
518827
58471
30792
574822
424932
22265
370510
584760
367992
516032
516700
528803
294145
387804
555866
472221
696074
488171
173094
478275
600114
484741
82794
518055
287518
301419
521903
5301
8867
96513
524293
21899
492261
459652
98959
172613
356604
505136
647082
408843
524491
517265
145386
381058
531081
574492
654463
471200
380897
626404
403790
71040
8546
517331
431048
424484
741341
517610
37982
438336
434253
447530
479677
388170
370221
528780
729062
75189
467662
569575
926
78619
529571
151777
643544
559426
594351
368171
654965
109520
468254
153768
333579
528432
417004
3439
268326
482521
524630
117060
329502
12420
145284
389137
487046
128056
107387
374556
513856
653202
636480
656137
368610
482497
513457
47061
727072
515155
150444
515111
740427
54673
59106
460238
77269
530331
173162
489201
370895
106070
172847
170019
507348
591731
252839
467960
482144
567525
496587
147433
81328
486434
493739
323833
77254
254042
654514
520636
154073
159628
471104
520133
509765
476448
502769
174050
589427
483036
148078
239631
632273
495960
522823
140443
524518
546434
288761
61265
54403
134846
467862
28914
29444
348012
24557
446149
652183
75262
338207
659113
185597
730704
111099
553221
511605
485784
411490
12707
498028
10326
449098
288178
302738
471404
461925
5308
595983
632184
1342
1968
420024
512973
445168
467701
654634
436564
632535
646364
546239
655012
243596
193557
464779
502461
278436
3459
657370
706016
155983
449585
631728
355934
1239
414565
546250
513803
162877
334832
500674
409223
632314
405662
534560
518731
7962
435661
150087
84084
297343
65238
143736
372265
149098
371617
376617
656515
127249
288772
533717
77498
519873
477879
77810
175473
730768
5245
252457
229641
499886
80828
211594
440414
311190
91448
656905
103291
494419
516807
333786
653186
726187
497599
511801
440382
528631
524430
594434
467279
438720
316890
503178
372914
515500
213470
643498
503239
446260
9043
445356
436405
377705
278569
482660
181444
259594
110695
647421
9196
506759
465224
509264
741339
25425
622504
175955
654745
514802
143288
517419
203910
514220
192784
75798
731528
495473
412186
22347
741208
740386
514681
529631
75841
631596
632232
18946
200600
724025
729508
97616
404119
546286
656901
75514
666439
661665
19872
368376
407955
511668
497487
388297
319171
445040
421608
274263
726493
515696
470174
49658
654907
166120
654848
301394
44017
110364
523215
596014
484188
547009
656294
632199
363137
484068
533355
369422
517436
7753
262857
571841
36859
1437
66708
534221
590872
292949
378996
687688
445351
187646
433343
644610
504062
481464
592292
632166
516948
246413
192221
117715
485130
466044
478067
170622
613082
481571
369397
503368
4997
523468
403917
347614
325081
660066
647120
645344
301756
129798
70312
729258
435228
463506
5120
515469
182625
502948
53066
499833
660541
407995
435231
158529
355307
109225
555996
226390
508716
107153
720849
534360
529117
125037
546467
475392
26229
702213
295917
741160
480073
656586
111903
59236
155829
535731
530943
93574
445080
431092
437388
522928
49427
433951
706105
529901
116014
303025
534383
247478
223141
90280
108957
522114
502836
325531
115329
712555
614517
524308
275243
485246
532793
534613
406758
12084
163867
114062
555016
170673
119298
530899
29665
50868
533050
533683
470417
334
505154
655325
271135
720448
435326
435735
741310
90093
708040
463129
18166
447506
225356
159711
121676
389107
81934
432690
731863
525600
284295
524280
514819
105779
209979
461786
528691
460924
303669
102914
474069
461253
286194
368525
655909
38114
508148
10136
501280
10842
585028
2962
411138
598297
472165
741234
614080
144949
527778
3530
75307
77500
525196
425777
655210
181552
694157
151641
13351
171061
256667
76152
269988
166551
440932
585378
522817
46452
513984
433702
435759
444292
591901
535257
604001
234896
467174
473341
513316
481202
31210
510328
529551
653495
321541
592078
635084
380233
503284
30011
74564
643431
54680
249184
91586
516874
374378
370781
726215
23871
459114
522789
80741
507355
368971
712676
435136
211604
444448
9825
728802
517134
462859
176503
472831
523446
516711
512676
3254
509637
528222
655392
525626
517293
480815
269263
487648
483454
253305
274416
533336
282410
528836
106730
654968
500483
54973
76753
52788
425125
318529
721946
488189
439760
57687
732425
492599
432329
201253
146339
121025
584801
529782
156784
465744
533723
5009
159448
419463
42217
369607
645009
729356
288232
367799
528320
650174
129598
29724
102928
496487
524530
306242
438678
592859
5199
368255
444468
213424
5158
413074
523822
55028
294041
533732
387995
180062
363396
367854
654964
657750
518602
435610
280342
716128
55016
520048
389700
107125
624002
133183
657259
107911
2420
534404
492925
655285
301412
531403
118351
75360
730881
476319
124696
47062
508266
159118
533139
335614
26612
741212
157031
726290
695681
6147
279913
613729
741401
465643
518662
730693
285197
709859
446017
90790
591014
657403
487062
379466
714477
194408
126857
369762
720208
529735
190544
484500
58650
19196
484813
861
516105
75782
521924
560655
8752
187269
144073
7200
741324
27222
401388
591569
524390
181159
163113
702168
520073
586261
169047
415067
190334
730674
477144
109760
524828
688313
441072
474095
631951
416073
143250
6551
509067
546298
534450
237825
436944
59486
128065
172928
203559
486835
129227
460109
530443
535972
12956
475812
459632
500598
522401
558396
473721
330073
7946
647078
458216
8904
101014
492612
741244
571886
533934
437403
591496
512675
513296
23582
2795
531987
233240
31240
524014
425144
160562
524183
313847
501252
470907
476033
300816
732095
21145
131452
571874
467210
381099
122523
524219
356502
66196
492427
102406
513053
76090
533444
43728
472558
431850
523454
561412
429180
405913
593351
533308
532491
520943
712713
75182
532835
425427
655266
380857
25647
162989
91521
343828
530735
472270
477789
598320
193832
512235
439463
524760
554883
136348
105379
730597
473231
741172
513617
497581
485899
534350
73722
352240
378821
731454
461420
146806
534309
706766
444301
631636
137674
585011
119598
406620
352656
593995
296031
73793
369574
632401
370927
643430
287411
1274
97887
741581
536655
350927
2210
593344
368353
480042
278839
490394
592510
740529
646645
741199
647051
523370
62771
569831
446083
485233
644420
405809
473937
619840
505934
36587
525557
323363
390788
299002
396358
706674
591451
509451
75890
527412
264
486031
434232
91566
728916
272168
136905
105956
654568
480819
372208
89499
465818
647036
534465
741263
149032
116471
32417
171596
351582
397153
479756
654863
212102
50727
230601
437277
433863
700027
503251
146551
659125
731615
106212
371282
710036
128055
534540
78771
249591
515714
503709
651219
31498
81424
302435
22917
306769
522257
525629
74576
499145
106469
632865
716915
592130
167741
522057
555902
500066
632486
103147
326586
567533
397609
591588
411488
370024
432491
520026
299055
408909
1869
133397
390599
723684
461047
722052
477015
413297
194686
594157
564611
133469
591133
386567
477155
706124
433278
350194
502867
471014
98791
642946
252713
413812
505516
513043
544577
36927
491695
444845
390567
17441
600384
440599
118076
430435
399810
594338
713590
368084
696283
237658
435237
80976
194385
375217
502823
565094
741189
511703
504895
529303
654980
463105
512382
591692
647116
61812
740389
432360
130692
399800
555978
556077
632465
532803
515018
741303
534342
436023
118354
75093
78019
505104
740473
374596
648394
26899
516079
654404
659104
40966
379191
377257
600086
78354
443831
524579
113157
82222
9534
162200
523443
104576
178551
255935
58663
150406
663312
443750
91612
499000
75335
286192
514581
740456
545950
268849
292549
658566
132642
513430
644231
272822
741277
89603
655131
523744
72885
419640
13528
719890
24119
518513
288809
374485
44817
1650
527193
709327
353894
654671
525622
6396
442138
193268
73799
703306
127486
656074
520819
257900
495417
449909
208081
482526
444277
170422
516220
368982
497492
123659
468125
26268
302346
267446
237886
270525
183994
632267
653173
719958
662634
3745
145402
279902
486886
58831
461727
108332
558314
60300
479119
655643
728829
591384
86368
370410
268530
604479
463439
515704
74368
535486
559353
9754
169474
352768
591151
269836
555966
46423
370666
592053
61960
77578
234478
499960
132868
516994
335239
157160
412370
126357
443072
99141
536535
106880
181163
523145
437043
300224
74647
170107
163645
271695
130438
78518
634120
437083
487498
129895
644697
592286
7471
461086
30954
397010
486360
258551
19673
169487
513987
635072
356719
531754
443650
515154
533122
7001
189781
741361
655520
279881
306291
500775
437638
78948
531106
471403
494622
528300
527021
741152
533782
354056
71787
444472
444389
380801
522507
632586
514227
530730
609663
653654
421509
434951
431307
98594
325960
513267
235750
535378
491494
301404
654570
584242
433529
403972
301658
412842
79064
732105
337730
97199
369728
375957
82201
134885
643512
435103
347991
404183
9613
411847
592142
406861
414407
22824
437366
191356
371001
408241
8715
335293
75066
524910
493202
530463
460499
729021
304192
356460
487564
464416
503222
397978
528007
516157
76364
709878
504517
183684
719951
433750
257761
534333
504352
279915
264887
370950
438454
518250
421750
587979
631549
435535
507866
494146
514151
726012
472737
431668
257970
496843
727355
654957
406423
235390
741286
587663
334587
26232
353022
346868
604116
525163
84
591140
94300
504765
406530
258429
433427
325846
8015
356549
463421
567571
632918
512898
349096
437385
523841
477273
431400
523004
709648
515210
77274
380774
654352
523855
496622
443379
721588
524094
374588
489922
121549
655331
279652
655378
431109
95600
515329
401903
654550
179565
301613
69855
406683
654422
463375
79101
433442
405880
433300
444441
202522
382044
407983
500156
547172
588655
497520
190086
117929
45107
496684
740570
611475
733835
535769
172791
654978
422113
502745
238839
718838
195464
731438
477481
339453
655904
465849
460
200100
507433
632721
9999
588815
731827
370312
7744
603040
98910
474787
111801
356366
510172
654660
356331
146688
496572
632377
127126
696735
582627
153752
514468
656803
486542
655215
527861
533566
740684
439440
26023
507074
480597
648635
546288
519320
156346
266728
731813
72325
631865
147635
602571
182885
479384
533549
108029
522736
1407
507680
435479
659873
475896
182255
522632
741420
577202
301921
28326
293970
5710
596572
445893
730696
517216
61438
209983
135259
191842
627962
184211
165736
721234
632447
213642
432996
192132
518249
514216
155651
530823
409925
528385
522885
119591
221847
490415
365405
515487
567488
406475
283378
479099
326035
235795
315137
414332
728983
418233
410817
535192
531371
702167
122908
103106
523560
406013
534314
7644
332197
369123
187946
729762
720136
171626
701324
475382
27693
522662
518119
404423
291533
27160
8859
413123
492555
591680
417962
418175
467807
494337
125898
437779
127403
438016
34576
474018
21590
731383
485060
410970
130036
406520
150837
77100
558403
303649
207631
347535
292804
515715
337766
75348
14248
212395
631643
74615
521124
438227
125867
502773
352341
6314
334639
438838
381061
487471
167535
133916
463295
408903
476432
78466
632089
44693
164226
503594
89864
477346
472651
558180
484195
8562
656473
741331
659356
433307
475945
281564
547257
491912
436031
643951
247186
156178
147563
631921
514050
485628
473583
173001
145956
728814
592566
247700
157101
180408
132483
109752
420269
173894
283739
152774
195364
421848
289123
513266
647064
469175
409834
103183
355141
731853
473761
258798
528050
632466
535319
643683
88251
512592
445061
368433
631580
631558
520189
593679
115896
458414
500409
546407
131673
731516
605502
75139
731568
554762
506784
444118
502314
533479
515003
436568
277677
101174
460978
472101
515598
23413
597755
446689
435981
467751
323489
2556
481720
82045
352018
442782
5613
204619
128420
372541
84549
130988
118820
334603
18426
96996
429
381220
506415
551713
518795
374257
657729
50098
437594
656205
201083
534582
521151
522572
175043
653163
509791
388236
522819
720143
102696
731605
531962
109052
28149
6906
475125
436439
408073
292457
708190
2256
24054
522639
709581
279912
443081
108969
188606
514276
501289
256301
444986
4749
163451
632296
530251
387208
538286
370292
554829
481545
521809
631573
648612
272499
483494
643464
131226
535148
655277
192326
656723
466937
7626
636452
525232
512610
188746
172587
102788
82890
440475
466871
339831
234898
614136
119251
632515
380133
522500
502659
433060
518460
208124
180946
517820
390623
437599
433759
274402
533551
182698
193118
533282
471207
495138
2128
529244
156369
28249
440534
731847
432132
58992
730599
282700
292493
183428
521934
433670
540038
136247
529862
516023
76686
380350
160211
5268
412468
1211
593928
517357
181244
503831
474643
25829
1735
593382
3989
487393
406277
493709
655320
519783
720672
418198
529798
654836
131306
466945
388347
458499
466148
715556
654720
464184
169611
445999
276770
523230
410455
495755
495039
632191
514718
10649
414099
596726
732031
226755
26837
191346
720708
492859
180878
20013
418093
189772
471381
24545
15250
643813
409034
705480
515879
517262
370770
614787
254113
191334
498548
224137
388162
521800
567342
525251
654636
401218
133350
11125
655179
730771
530902
351445
444451
558296
308171
515082
631725
432914
249996
713334
476209
79088
591944
131151
19383
416755
314359
253903
413111
166924
436062
279806
388024
510078
484950
351335
527971
518773
436502
492516
502876
77978
108104
207106
240770
43812
522373
633853
707712
282067
529857
54943
12107
718492
501853
656547
461819
200022
56
284284
632177
438863
532634
172755
472566
103561
337295
732435
530597
16606
520917
355983
54277
654475
520313
20157
111024
514211
293798
441550
83636
368853
534255
647409
409230
741156
467097
408061
741289
371856
480311
297413
205627
474584
526902
503500
713123
4
516671
584916
217484
661035
85155
512599
524947
664054
515634
151706
485158
9997
67776
200051
518475
79387
445403
8379
731398
432453
5345
117938
170568
516802
567438
741291
597057
405156
24258
154654
508725
97244
663128
222802
655445
631890
158304
479766
727580
282326
332422
406557
170131
700656
591347
144447
16349
515415
494705
397638
145575
300141
727283
333823
463483
298654
654572
213198
227253
356766
128425
191734
150580
397705
487200
517461
592237
632310
505687
654865
494192
655327
558364
496068
155218
712617
435755
494406
655046
525462
202011
699841
567412
180312
534641
408018
211511
514821
143187
516543
726355
382212
26506
592087
728980
376933
432862
605445
497332
135997
524399
731416
26225
100058
372616
654610
535577
726063
512815
666511
521954
115474
180142
644153
124147
367842
411865
202354
3260
593075
439991
171342
621200
76224
436383
648806
270291
437059
288284
239500
529172
494529
489142
709182
79299
529439
389724
77768
521086
515876
596164
1197
21938
50308
590956
740463
201446
15591
459759
632237
515070
132989
631724
56145
503093
468410
434081
272259
528826
524250
509226
523761
487027
388813
77367
13024
231616
62209
561514
489190
318547
251699
401537
432560
567453
46700
741418
604915
105887
460336
533624
581320
652908
22111
9676
12013
379186
8102
236774
66915
729090
79081
159223
523442
76394
68257
126561
181300
59719
271742
603766
741681
132902
307734
23133
2853
248141
182215
274772
7101
117167
470399
333418
470996
406395
548187
121575
524138
591934
500842
625768
466714
183850
591847
436166
131851
73527
144130
1063
558495
441378
730678
612151
474705
517517
39925
740605
162757
536850
285671
592129
365207
153961
370408
482573
436446
442344
85539
194754
443258
55847
105448
411641
507584
9661
527105
212838
516707
597349
515515
384598
516522
469116
90073
187569
35052
740365
446336
523329
437422
406392
708268
557097
116459
498569
713632
46894
444279
122926
524234
516341
279929
592224
282177
85658
306791
516837
355643
26703
421907
488143
709321
504315
3416
735127
418450
515542
127432
77897
720177
533192
353013
308122
437755
99472
231850
568006
532840
172445
291196
655519
355264
250493
515369
109059
11776
458313
477128
405619
740387
22157
408312
280130
740502
655652
227777
517553
71465
632554
309763
524368
706960
741191
25691
481526
691948
730618
502989
386189
433381
631566
433068
6347
632385
534562
741181
327527
719189
285354
632403
463642
647060
494496
472667
731377
134623
269211
515840
420036
728777
339278
471873
659681
19025
650382
592051
513058
415299
483305
297389
123119
491351
644125
477028
2006
355820
406515
140903
438219
716666
185172
125213
13880
732155
437008
591797
446021
202
593973
657926
160565
18442
708061
632555
20158
376064
513242
5836
518450
460317
714231
34314
369761
118552
433668
505676
513463
522255
740488
645504
475963
477959
725151
720269
65234
433291
6891
28020
106876
528305
534052
152173
463426
434875
696253
470477
179522
719925
606838
270437
153177
730800
440219
584909
146161
643548
523360
42644
152717
741154
524216
379785
479747
446641
435290
741474
444724
409081
163893
334885
84136
270655
590908
334772
370267
180877
517670
433439
731774
523221
731375
86970
534770
522992
461113
592123
483444
50732
740360
151536
250581
708182
480694
534456
517148
408461
436102
44024
632258
740577
421245
585931
42572
100691
418192
131489
479911
432755
477325
44685
651512
130031
731729
491234
445892
657722
714400
709301
535711
597434
532968
276878
472852
164419
409368
356440
520638
484227
119889
513343
655332
368149
406050
42215
660143
511067
591992
612096
75061
516539
406534
696631
418533
516769
501293
632708
103755
459896
308074
647117
705323
73875
4900
444950
654661
144912
808
221127
513490
498727
509545
416049
371107
448753
190520
714127
514435
508720
729172
643436
517864
647371
64691
192586
148559
82961
386168
485527
29276
443031
445489
437040
279640
721586
499839
458310
486502
520967
434248
324844
654958
731966
247077
501203
821
169358
434241
362817
173724
720023
462663
467284
485139
323396
128316
108408
334370
591374
658215
529989
653135
198760
631988
657018
30345
33922
466917
632456
642715
483209
732366
731569
444314
143873
440604
515474
444673
434900
351413
708017
636359
730672
633601
527980
167700
75823
48823
594250
13349
534667
146406
655602
97837
482038
546283
647086
592289
9003
555927
370581
729029
653288
515255
522933
653013
491148
503911
8033
528574
286221
369488
330384
652468
494312
144114
591582
379754
570362
507798
523710
410026
150423
519909
592290
497788
704031
98170
135805
430646
113876
433732
128676
644906
654439
279704
515005
434993
446201
94695
279529
407991
517601
5662
513268
533437
731767
615131
170904
250899
368934
374067
7636
156367
509140
502775
517356
591768
406840
174312
153934
111577
485205
382202
653859
471975
443636
310545
478469
515517
521530
443960
503043
655105
591047
8578
474397
473819
535820
567374
446459
459790
9597
170944
656959
26135
501728
470627
203691
85195
705699
421257
525063
709447
443976
102267
436329
439152
195740
577281
720014
173878
632236
445203
466875
590982
61441
4866
523185
295563
740376
314263
105818
5741
465323
631567
472038
435952
380906
730749
740399
177576
537458
106511
517249
221497
481542
446270
517549
466039
471096
516450
502528
410406
371078
171929
417795
596982
731743
506652
193491
249441
128702
6232
506947
483136
471818
567235
75117
706662
63489
197320
153299
465521
515053
518505
238303
120
374973
591156
190622
356545
741239
495219
643120
632460
459211
741293
183706
521487
462323
464472
43670
82927
654815
120949
436186
381126
593171
87752
5086
137510
515162
666524
291212
29874
567688
514065
567501
446315
381204
415209
374650
57813
192131
604110
432984
530687
6168
155995
502842
101302
644105
508479
503315
166539
381222
703523
150136
525752
458334
531642
741230
54483
732385
353181
498187
500724
44402
502511
433203
58974
520102
549751
467192
464572
166011
21577
567261
715543
212774
407926
591757
531789
25348
439381
494614
444851
509227
705692
459265
187058
740380
302903
655369
516855
632041
160556
31387
631856
161276
436657
24587
741180
515472
182729
352962
671268
17686
714425
741183
18788
466154
195642
334713
199625
108530
103934
709066
144835
3041
129673
512636
484324
81907
656600
720286
490287
647011
476680
483239
16441
591679
530381
8986
348609
470259
531064
584784
25292
532786
497183
662922
88556
517307
741522
269944
727986
647450
485262
654609
519818
296049
502705
282901
329327
628599
546271
153850
594331
247280
634586
656799
134060
501928
171426
713636
624245
477547
133892
350265
343522
731699
514870
558601
277624
590870
720344
200063
134688
591729
134665
520070
602015
632469
468972
79335
331420
446098
440848
433722
726435
709356
643658
524571
644326
733403
371642
473087
26593
642990
373787
645427
656683
390736
465475
731890
370145
408257
514323
698060
437275
309090
79322
518244
105606
631587
741151
513726
129867
741202
584908
106185
148340
90061
741204
143600
169875
655248
500013
496139
475663
520136
502244
450230
487296
379548
546584
63128
396740
12967
532359
532626
505662
523852
713051
435655
111779
499205
2430
445574
657060
251531
227729
510402
560727
518265
309288
435369
274959
741365
377416
720030
288215
98041
289019
97013
484288
281004
518403
55682
584996
534312
205326
731888
424126
502756
370834
732085
522610
449296
26010
625725
286261
388654
481022
513055
518267
513491
508545
658676
513954
20142
522506
459858
423348
646734
635350
442180
500897
416735
177530
651905
348112
731393
491354
213389
265174
741552
418062
532399
446588
591633
187624
520494
660757
99196
424908
524464
465498
466804
300624
462316
171995
369144
654773
155396
458487
58324
517106
436181
715074
699301
435621
728857
474213
436743
173679
515550
124156
484363
733448
3426
726053
652690
530734
118003
500761
270869
529618
512843
105399
156540
520037
657067
115088
655346
520339
446852
432822
529272
432387
352839
654740
465784
159195
8739
112058
81337
224607
753
513261
171182
520898
139120
305985
316750
695185
122006
480653
48499
571177
643005
654418
429608
168950
243994
335413
595158
656
233952
405614
647023
435811
391464
741165
522109
509736
362728
474436
255973
268177
413045
643610
61430
380118
728759
25130
9383
76095
210995
22180
511899
584913
130774
65366
518299
248785
134084
433337
159057
122346
592304
15929
439474
524920
145726
516646
516297
109929
655450
435295
185489
519557
77719
509622
502328
632707
110477
34851
327631
535734
315177
529438
187763
23960
449630
632592
97997
74405
464336
651925
464595
184877
654972
368866
425091
411480
515260
433062
130759
511425
303609
440833
462983
440379
632833
302963
132257
158688
644352
406300
522684
209945
294005
444955
78065
632379
42806
437338
118666
268551
369052
644802
120844
190968
501376
463759
741177
514934
133089
710284
93675
634143
708076
298716
518530
529053
9850
647355
681002
534346
741411
740458
731836
741354
350268
162807
159556
654552
516978
476308
593159
525091
163924
381219
510635
534847
655743
368855
348921
503348
301685
647016
513285
205163
297304
529846
31053
75659
462492
376681
495349
220864
418668
658713
657673
90436
66170
3887
369438
232194
517543
355162
368282
618430
627744
131674
68714
632481
465627
241564
508835
75813
584900
591069
376675
741436
334507
380372
531111
412586
490203
191518
515122
430849
77422
386390
232165
190977
170853
288940
94234
184927
713641
729533
80343
2785
443625
720472
731388
591242
465295
471119
189716
482873
86045
6764
461117
210283
700632
489284
514920
445803
130917
388004
474185
507475
517338
523332
602900
618145
531668
275675
321231
405925
370937
62314
584851
643910
632200
503546
162032
87295
1424
518727
595553
732570
182982
278429
319247
654657
409934
167451
380291
592011
80296
5912
181046
271643
327252
371344
31439
122363
24485
14623
91283
642042
655623
15536
731413
25524
648111
371350
497741
381189
458377
414028
740377
373550
224008
32374
489355
514941
732259
165195
399984
584881
459649
15961
515417
590970
567582
603740
21639
515242
484547
440898
436034
463936
546285
555917
591502
271510
590937
11417
389457
9061
173464
744
595333
471040
104476
645317
274408
389649
444749
528703
465337
534338
347270
118725
438429
262823
403253
179986
124027
661254
75528
445775
724
279257
443330
517937
722657
416998
202097
496459
647822
298312
108112
445981
20000
446427
495554
408434
364544
356061
6686
114412
516790
406461
436585
467637
90303
2780
440525
435255
514465
584782
390443
471851
532082
521535
503749
372331
632836
503666
387671
436973
654899
301094
519445
533273
632264
466391
166556
138860
288034
477892
14745
525610
369646
525330
75639
356630
696211
532749
193745
469030
726920
55940
371720
741285
98475
54941
356654
48589
444776
446309
348350
181368
631650
456557
503787
618526
444835
274329
44070
277721
61268
15977
648439
163484
293971
438236
503357
520094
485518
449609
24379
599470
33102
369068
518200
200253
372003
466184
343380
656980
202207
374446
78183
500375
78944
162397
195471
741345
386294
288164
293653
512963
292088
190559
327736
433512
520205
50649
584807
658575
514997
163776
474914
391561
631925
514303
567968
631579
240845
510847
26704
233119
408708
654979
466828
593014
388739
715623
632144
529860
44289
598388
532315
178011
585502
62180
463928
524731
355581
90107
6651
709550
643487
513779
519313
9857
596449
14468
179718
727344
236030
499209
50252
591095
409563
631614
466929
388034
458360
277704
515032
235069
554791
292356
250429
59214
351875
469244
436636
437191
522472
498317
655057
505033
76244
524498
516155
541894
438991
400295
9527
502302
460217
581171
47382
29464
268742
728933
349283
647659
292078
488478
133379
631827
118400
520140
15476
7122
741405
557709
24301
433901
112318
435126
654688
515371
334612
524009
603930
59523
110675
532853
143818
154104
519337
109051
275775
740407
517987
646005
520973
652741
429879
484242
75864
406096
20315
434886
516632
151134
370555
731646
731396
20768
707300
153310
567268
472213
104672
303808
487360
605388
390594
303980
534384
639447
515139
729120
544932
390667
462693
469022
162233
714302
80986
502915
361323
423935
239
478407
120319
591166
9589
714774
136164
29190
506852
514527
507910
225914
356050
497575
654583
445868
28491
173311
492618
436527
100686
363492
15106
371889
715617
501200
483924
546261
135406
535903
356578
237396
471528
313
533260
654562
741193
6917
172772
80658
706716
491745
642660
647075
609336
438289
355606
644633
273397
657032
522087
534477
408236
369920
610830
524741
270428
531249
462086
369042
516777
299878
43627
460298
20521
443729
484738
517622
130293
515271
731825
643560
592045
654816
728878
152292
591715
617340
437322
273330
440829
136309
279413
432760
436093
567419
493819
149239
159161
200716
192477
500645
381123
528486
180374
467740
534373
591455
531561
160786
533030
508848
200804
463278
348419
533770
533474
400740
460355
519884
525205
718510
151761
368823
458320
445570
600547
496279
440895
462998
740412
83383
196176
274337
131570
532129
83190
410977
460807
30570
489207
111749
534293
129261
740525
373947
473296
372031
12271
429819
656466
34906
565319
523463
594923
656243
472508
190028
466693
24167
522616
476365
396644
268726
511251
476517
505652
514174
621695
188553
365706
696684
159130
198853
706793
268557
348308
171909
616962
155975
284207
118110
522351
573143
490551
24178
533514
488827
368527
520612
731817
75438
371147
570355
659158
654620
661088
799
469543
567619
444356
513632
211602
517949
301963
499953
381256
220971
592121
731675
371698
515972
654762
339735
105940
355899
440880
631742
740542
50425
519672
521212
500466
475150
654817
584845
380250
732075
412117
654543
530314
729544
660076
474010
562227
26904
475525
661968
191213
111554
740452
731668
16059
6483
584985
477866
645535
279583
22616
654502
523299
180414
304792
62661
35101
594084
592262
731414
280741
472471
2324
536663
89649
469018
126057
376206
50889
175905
515164
591495
144725
197143
730830
458596
469060
31474
77318
654465
24643
477869
732244
518525
246310
490874
408846
535293
696087
491060
650585
524690
519075
326953
524899
404568
487774
190495
201034
292575
433222
37706
280781
433422
515490
9925
11067
131555
499984
740619
496255
310645
326387
205144
128067
408528
471768
477287
372680
514495
442798
437178
517145
728908
466165
10095
560805
371674
194329
70573
24950
293660
442609
654447
119177
523309
164853
311640
731775
533040
632839
529495
460184
460693
464210
155827
23581
90286
146180
436161
242458
740526
320823
477693
530009
466987
466662
656765
731633
517168
518464
446091
440263
443861
188634
668588
124490
62275
514284
321045
129563
356377
154320
370771
143751
31743
631562
631672
647056
172550
654479
271614
105323
460468
112242
448588
211800
408355
485910
526521
99528
78888
425311
584839
511386
464419
643605
567725
505059
27239
652308
729204
504687
184233
288262
592347
76704
112432
474949
520525
519523
567779
497626
567482
269560
30141
435761
202677
207538
456507
506603
259412
268787
475353
501345
371021
88778
520348
491767
518201
654484
507087
335139
7158
369592
546292
732098
436445
270851
23248
197071
440968
533712
502872
631602
369430
159014
114286
408927
162121
517070
740467
4055
208600
142074
460923
129195
24598
188882
463456
652389
726050
9728
202672
591122
534679
165859
117853
208673
1594
444414
272062
128690
332173
369998
159430
495704
243564
741531
146312
446574
248437
73291
555910
82916
557780
396393
439309
20107
466775
741430
590971
153863
335106
467408
157527
30634
156506
662152
464333
287362
654665
246112
22393
289347
741153
478682
356572
257008
396178
180903
455493
518545
654869
594454
463041
146602
9235
410889
413133
631858
696497
478588
518805
160958
356769
42151
710370
470654
95835
378103
436646
23131
12152
596078
11355
267194
464438
632326
438641
719895
515094
654400
532755
13662
578109
494186
523811
631544
509343
534612
461647
594444
432485
468048
632161
731459
643433
351887
227457
471933
213061
374477
408054
741179
468840
252682
658436
534330
304682
534457
198072
14839
78601
40763
138207
151220
502914
76662
269128
143766
250481
655348
532610
481852
295137
12144
598862
461705
163173
534579
82116
93659
368569
618002
740420
643130
369297
43314
542050
82963
715778
446559
524812
535464
418520
528834
189445
554594
499094
446445
509447
640726
389945
731507
233160
644033
458355
521213
591867
139896
298990
492445
314437
9701
656091
567576
188456
407860
183232
731613
631844
283416
371914
241576
513867
204238
304613
655255
276252
702056
631926
632709
440776
152536
11314
4082
505412
516076
728237
480876
720167
253603
656581
469331
323308
283551
180919
520640
65735
495471
448941
740388
720197
407580
411125
335918
75694
12082
516788
462529
405590
596461
28988
595451
448664
295449
107382
461787
476270
4859
388927
301350
10499
32826
5210
654699
706116
468478
593413
489615
655259
371563
438587
502770
593974
390420
642877
367656
380933
24601
333738
130316
210367
17267
434953
310231
513633
42853
596514
369017
460960
98493
632093
506374
386470
37616
423968
516034
87539
712563
301540
75835
9194
500165
132161
148677
502883
173859
459927
713245
282113
3873
83734
524195
502100
162016
171695
647068
465885
65758
655354
501012
50002
367437
501629
320151
534385
118118
112949
594238
408233
523424
20529
420529
284208
441113
290404
105584
531509
591212
534345
119387
485081
709416
122337
524523
412103
435120
485606
709218
12677
353454
79402
14333
530904
186350
279761
514950
132660
460574
55041
731932
93338
374458
87435
660996
529609
592188
458917
654380
279819
97661
182825
741195
479808
244595
75914
519601
646775
444947
503074
370247
528763
287471
8372
591874
405144
561064
535622
515536
520740
459940
495230
275757
180909
292265
508480
512465
474667
401835
654530
511817
516090
237856
131255
424312
653262
584884
25674
210532
584927
507290
506997
523836
514496
118964
440092
484241
513315
306083
16003
709466
516746
510409
376046
>un
518326
600749
479728
600045
733310
592734
567919
663736
158951
707162
646171
713835
714430
461694
600189
70937
720637
320147
738637
657771
517008
519738
658636
679283
547695
658434
710940
596764
547465
567846
731968
718522
715779
437857
680358
509666
713582
575922
722057
712829
708449
713846
696354
444291
186291
435064
732045
596528
406191
741407
657290
597222
168677
600462
595524
724102
611057
5737
729494
463382
662733
664214
703424
732399
551832
594648
714226
741716
727767
695057
731589
197962
13291
614415
448833
53997
644782
418123
708209
508644
694796
519656
656713
705639
658186
731749
501239
592974
733457
713833
78592
708256
596432
661763
658564
523012
663301
43047
600177
485365
653798
595245
659746
499484
705959
18081
492187
22302
720227
741461
509585
643960
731992
694083
464599
713174
708120
446345
710481
593133
653586
105891
248049
664319
223678
716096
667972
710315
250616
512015
706229
568105
724874
665421
444569
730937
657232
432548
665058
730737
662770
637253
712931
699851
24684
710666
708457
522995
658368
714498
731914
594905
626478
611799
707446
715921
417472
721007
663107
733124
664215
666700
443527
658202
634157
660907
713819
303727
560315
666896
386476
646252
476706
593476
547600
633105
533977
707608
721030
732137
717110
539714
677027
103388
663585
720231
489932
600465
733971
118183
120170
548018
640464
664480
731577
593218
730861
152460
713765
633059
695067
703872
708811
603759
732081
729623
706044
535009
655631
666477
733463
668267
571742
666913
713934
471461
637057
732336
530412
129621
597604
708119
626362
648914
690161
612332
673776
663979
126714
444809
732705
598578
633049
734315
660225
547367
645643
667739
560946
116465
438623
712696
152812
708292
595343
633061
657691
129220
655887
328801
712977
657607
720350
731606
558623
740580
702139
719336
699784
600779
700642
591807
586709
594584
592114
521961
700345
713764
731744
669724
597948
713206
666890
733542
662669
603797
707304
602520
667244
700848
464753
410773
129051
632539
225784
602608
449114
597714
723432
741837
638142
667738
519520
664216
667725
654689
741186
706927
656296
741682
594424
411848
715047
598333
741664
603327
323878
706888
662114
676028
597387
718709
23033
658076
732309
708350
701243
443239
595004
713638
658216
721551
664071
662625
731671
736011
522183
560387
699535
702810
730803
448226
705738
707206
633186
664070
712767
676483
387576
162649
671161
18070
595784
660766
732158
741381
443580
710455
567702
741302
661894
449945
714993
591577
741352
586689
444595
433010
144151
723424
720876
729536
661597
728955
270570
715948
702347
572030
561500
715788
449186
663125
197922
164708
714301
635475
707396
593044
659073
708303
731742
667135
655411
708492
430755
731815
720460
634987
76277
645244
733484
659103
600375
107410
661626
130239
732568
656393
720024
552087
655579
707178
728191
435404
653315
448879
593491
655980
458609
708518
644753
709372
593435
730611
714503
600068
633996
693701
720884
531538
594580
708414
741667
649699
643780
547282
735747
715719
691740
715735
481980
713845
715062
644654
660221
600042
663929
472024
741205
720801
632997
731608
660321
591538
694013
720644
659928
672510
632537
651507
436298
708259
713072
79136
659259
701108
660734
448912
713752
721272
591571
666787
731644
29952
712903
632573
495410
740541
434374
714620
661669
659405
731943
714410
217079
592455
710162
736373
644872
658982
710441
514118
572393
658853
713753
295923
525899
664513
523194
665091
664492
712867
535075
731534
606538
705948
707223
597840
707264
514368
706976
594599
731745
293796
663120
713634
344812
708083
409726
697184
592966
600021
496631
573606
713078
713025
134470
715113
741314
631793
269909
596814
712672
712919
718686
709835
741762
657764
670361
182626
643727
720458
654621
707136
600185
727468
699389
731509
714913
658703
595572
660504
702126
635031
733955
732616
649698
568267
489045
732530
713643
321176
707012
741369
596123
719719
709767
740674
442160
714486
732159
600350
700839
606167
632112
655070
709751
713747
715039
485155
594931
663441
633449
594832
118101
597594
603090
741454
707383
380956
528615
740375
532236
523262
663725
721950
657019
666526
732854
13268
699316
695621
728357
633338
740656
716672
708041
734541
443837
715053
711117
721880
664056
713706
672162
655865
268887
624548
628728
708338
121592
492869
715270
99785
664212
567699
633241
659553
551521
127274
606068
707114
731478
666491
708447
706462
596743
156256
639513
481208
596027
706897
703388
712717
708630
632240
708126
732544
97763
506748
143408
600342
741564
730889
573744
720318
129636
133120
353163
663119
724099
665057
400432
663599
628957
570119
718690
663124
733455
460777
517207
654258
648871
351126
600282
446700
525339
741178
567917
446522
591900
602557
635037
634444
129235
741368
667746
476320
663764
741393
593793
522536
659631
714436
348319
693847
598015
657248
602568
594673
526948
643526
663724
653312
649853
714977
586984
457744
670032
449095
429581
715159
720942
520703
662920
658424
507978
721179
634685
605959
741242
720717
709942
693867
726062
231029
664213
659445
725453
713383
595738
446758
494347
710172
632626
635998
731532
644597
729519
595539
587465
730747
467411
711628
598240
592599
631534
709723
595302
594504
702164
531550
593269
708574
596081
741485
644008
707174
585419
741220
592633
660347
535901
714025
592950
129244
702470
654974
658392
708614
696702
666512
658389
657748
733406
592377
573448
715338
386793
728162
626608
732350
598410
632900
33983
664020
699340
665573
666668
593630
660318
602707
486304
709696
735777
706686
658583
715732
>part
>ku
741571
>uu
612356
614563
678201
703758
678760
566737
614596
561969
721961
612355
614562
613863
543640
604659
738133
604470
534724
547710
566676
604654
624358
604462
668382
607783
562786
671867
607781
672515
542224
607784
225081
648203
672523
713093
608247
540710
608242
607782
734990
651711
608245
543884
544789
671864
671866
671865
600619
600373
663117
582934
705879
663302
564197
663090
606453
538306
663106
663118
712906
581217
144312
720995
600268
687338
600589
664324
663598
601327
87128
548128
539354
112825
663822
600069
541593
541113
534185
600352
538526
540251
602570
600041
600289
663858
167218
600276
600343
587594
730994
663304
666479
634345
663876
687553
205433
663729
133890
564643
602694
600341
663168
687217
515372
600596
600671
600317
730945
222221
663303
600283
514903
134565
733506
634962
447853
663746
634453
666611
634438
602604
600370
663595
577270
666599
8257
159918
600348
540143
483104
663174
634451
687587
130553
690281
155956
652605
666979
565380
666476
135718
663689
634428
600417
663600
729568
563990
663138
666594
734074
562301
133889
199739
649074
563177
663859
600416
512199
721023
163781
410450
668468
635293
436033
613801
544419
678157
677584
613143
677582
678158
613142
736267
677581
560529
613799
689346
677583
678154
678156
573029
600355
600356
600365
600529
603909
>kn
160550
436500
741170
449278
18192
75227
634849
669775
69747
681616
654527
249718
589862
133337
585209
155247
144309
9333
434937
292579
211463
336810
439481
552567
189780
256278
16355
525549
531587
279784
706355
484551
504877
532851
12439
16622
654513
288773
203717
238990
520182
736871
348963
95162
546287
252820
64173
447659
216653
432413
258855
374950
654370
531089
731854
158497
720221
445758
58488
534334
465709
494261
516954
431279
65135
130098
75812
561539
701991
31856
631630
619315
474935
713956
605153
741175
580300
82793
523680
133135
201858
301853
712658
740364
422986
498892
47517
619396
50749
403933
640836
131776
492121
523789
446429
527061
571148
408427
469473
522665
546419
513851
531856
253726
584905
83753
517815
8008
408324
524648
610717
148641
20716
369921
5443
518355
7854
433419
570189
740537
75243
741169
409578
687692
53454
741236
5324
377155
437145
204575
597422
409140
377830
740519
494691
33476
726537
440900
91393
592145
33642
534527
495511
514505
546256
211282
471779
592689
518236
171057
503597
499158
436913
155912
13852
499264
476093
156727
434980
507333
474053
526432
519162
57907
654744
740548
433445
546269
711490
585071
10862
514051
365116
732677
196990
434044
81170
267659
654951
144468
509414
3100
75799
315167
136947
654790
591777
584809
631814
325978
580681
731574
344151
389378
190722
497349
591456
529959
29288
530024
132359
278573
530096
344400
731513
532921
333907
731828
728799
489873
642598
598836
488624
523847
248267
741382
134296
632717
444767
409662
631535
277533
194110
363138
494173
509499
307043
435815
575357
169900
270244
558799
234149
270621
401843
655095
69293
741450
531614
369056
485471
35947
268874
720388
433701
211079
497893
534307
406678
592225
741280
157427
134650
11615
187393
471441
419171
370504
656457
448572
710246
38512
82502
633514
598850
546323
54457
495851
667336
12692
300772
155040
564188
555956
729440
472330
430075
732423
443914
533655
446671
505824
557550
70327
124942
658046
732060
407966
473152
520794
503692
528634
516111
653193
434996
145469
369670
377894
235368
731481
478125
507681
460789
62886
531330
77793
740398
58373
468442
191219
13781
6874
655168
502208
208597
430551
645792
355935
506861
459596
365286
80552
22634
181326
654952
440950
269577
434386
314543
59889
239718
655271
222510
109731
518562
71941
502917
172753
531752
514196
713579
436410
719132
515785
82548
12109
472285
477891
372378
12229
475733
11916
284292
1584
438862
516087
519568
369624
502875
81848
471452
3903
76111
500721
23650
29282
368160
104879
1908
489040
473894
524762
518767
319481
3003
497873
361041
66762
387755
15825
648744
63290
250758
534575
78089
586423
89545
389734
530402
652114
531182
591671
516933
481704
20685
398157
631661
654444
515610
282089
356285
607212
105465
31074
486401
713616
77961
311363
639609
22546
94949
199561
591805
434340
128548
580427
520341
352642
126221
373606
535239
9914
380953
433180
459106
73986
75064
222055
436803
438723
49582
626544
720061
298280
439815
35086
731537
522729
19121
224843
255230
40479
511915
355753
164960
87385
512464
446352
200668
27018
498586
131903
79625
82719
509780
644306
518921
91579
501898
183713
709539
414579
664395
112728
446275
7910
482043
439620
110571
22242
370365
293077
444818
655373
269592
202676
525084
81892
278362
119815
398989
476179
504609
381134
420272
130836
445588
405479
74137
306307
474751
495656
665686
486507
10101
521056
646346
20225
95231
512776
415342
12102
351461
516505
498160
301463
356624
440049
127022
368783
534074
520063
421340
204041
632581
642618
741318
647334
18925
5258
32018
4253
284630
136778
655123
584921
698020
292882
441047
255093
595072
368554
155342
524134
472564
567367
488240
660010
239154
504115
331431
438409
518138
587054
195080
524224
282050
191582
647399
323445
700344
546291
516160
657312
439060
655020
277035
462214
632483
445711
655613
298382
409911
5476
655067
517586
443490
13495
116622
518609
708393
656685
54925
147674
55781
250905
6449
334868
369520
410037
82071
150540
407368
514535
283869
441783
529023
100874
123450
515081
606320
471675
191539
371597
536122
112981
561815
530291
44298
723236
505231
532768
707281
121520
369606
92236
75619
465985
350899
518827
58471
30792
574822
424932
22265
370510
584760
367992
516032
516700
528803
294145
387804
555866
472221
488171
696074
173094
478275
600114
484741
82794
518055
287518
301419
521903
5301
8867
96513
524293
21899
492261
459652
98959
172613
356604
505136
647082
408843
524491
517265
145386
381058
531081
574492
654463
471200
380897
626404
403790
71040
8546
517331
431048
424484
741341
517610
37982
438336
434253
447530
479677
388170
370221
528780
729062
75189
467662
569575
926
78619
529571
151777
643544
559426
594351
368171
654965
109520
468254
153768
333579
528432
417004
3439
268326
482521
524630
117060
329502
12420
145284
389137
487046
128056
107387
374556
513856
653202
636480
656137
368610
482497
513457
47061
727072
515155
150444
515111
740427
54673
59106
460238
77269
530331
173162
489201
370895
106070
172847
170019
507348
591731
252839
467960
482144
567525
496587
147433
81328
486434
493739
323833
77254
254042
654514
520636
154073
159628
471104
520133
509765
476448
502769
174050
589427
483036
148078
239631
632273
495960
522823
140443
524518
546434
288761
61265
54403
134846
467862
28914
29444
348012
24557
446149
652183
75262
338207
659113
185597
730704
111099
553221
511605
485784
411490
12707
498028
10326
449098
288178
302738
471404
461925
5308
595983
632184
1342
1968
420024
512973
445168
467701
654634
436564
632535
646364
546239
655012
243596
193557
464779
502461
278436
3459
657370
706016
155983
449585
631728
355934
1239
414565
546250
513803
162877
334832
500674
409223
632314
405662
534560
518731
7962
435661
150087
84084
297343
65238
143736
372265
149098
371617
376617
656515
127249
288772
533717
77498
519873
477879
77810
175473
730768
5245
252457
229641
499886
80828
211594
440414
311190
91448
656905
103291
494419
516807
333786
653186
726187
497599
511801
440382
528631
524430
594434
467279
438720
316890
503178
372914
515500
213470
643498
503239
446260
9043
445356
436405
377705
278569
482660
181444
259594
110695
647421
9196
506759
465224
509264
25425
741339
622504
175955
514802
654745
143288
517419
203910
514220
731528
75798
192784
495473
412186
22347
740386
741208
514681
529631
75841
631596
632232
18946
200600
729508
724025
404119
97616
546286
656901
75514
661665
666439
19872
407955
368376
497487
511668
319171
388297
445040
421608
726493
274263
470174
515696
49658
654907
166120
654848
301394
44017
110364
596014
523215
656294
547009
484188
632199
363137
517436
369422
533355
484068
262857
7753
571841
36859
1437
66708
534221
292949
590872
378996
687688
445351
187646
644610
433343
592292
481464
504062
632166
516948
246413
192221
117715
466044
485130
478067
613082
170622
369397
481571
503368
4997
523468
403917
325081
347614
660066
647120
645344
129798
301756
70312
435228
729258
463506
182625
515469
5120
502948
53066
499833
660541
407995
158529
435231
355307
109225
555996
226390
508716
107153
720849
534360
529117
546467
125037
475392
26229
741160
295917
702213
480073
656586
111903
535731
155829
59236
530943
445080
93574
437388
431092
49427
522928
706105
433951
116014
529901
534383
303025
247478
223141
90280
108957
522114
325531
502836
115329
614517
712555
524308
275243
485246
532793
534613
406758
163867
12084
114062
555016
170673
119298
530899
29665
50868
533683
533050
470417
334
655325
505154
720448
271135
435735
435326
741310
708040
90093
463129
18166
225356
447506
159711
121676
81934
389107
432690
731863
525600
284295
524280
514819
461786
209979
105779
528691
460924
303669
102914
461253
474069
286194
368525
38114
655909
508148
10136
501280
10842
585028
2962
411138
614080
741234
472165
598297
144949
527778
3530
75307
77500
525196
655210
425777
181552
151641
694157
13351
171061
269988
76152
256667
440932
166551
585378
522817
46452
513984
433702
435759
444292
591901
535257
604001
234896
513316
473341
467174
481202
31210
510328
653495
529551
321541
592078
635084
380233
503284
30011
74564
643431
54680
249184
91586
516874
374378
370781
726215
23871
459114
522789
80741
507355
368971
712676
9825
444448
211604
435136
728802
517134
462859
176503
472831
523446
512676
516711
3254
509637
517293
525626
655392
528222
480815
269263
483454
487648
533336
274416
253305
282410
528836
654968
106730
500483
54973
76753
52788
425125
721946
318529
488189
439760
57687
732425
432329
492599
201253
121025
146339
584801
529782
465744
156784
533723
5009
159448
419463
42217
645009
369607
729356
288232
367799
528320
650174
29724
129598
496487
102928
524530
306242
438678
5199
592859
368255
444468
213424
5158
413074
523822
55028
294041
533732
180062
387995
363396
367854
518602
657750
654964
280342
435610
55016
716128
520048
389700
133183
624002
107125
657259
2420
107911
534404
492925
118351
531403
301412
655285
730881
75360
476319
124696
508266
47062
159118
533139
335614
26612
741212
157031
726290
695681
6147
279913
613729
741401
465643
518662
730693
285197
709859
446017
90790
591014
657403
487062
379466
714477
194408
126857
369762
720208
529735
190544
484500
58650
19196
484813
861
516105
75782
521924
560655
8752
187269
144073
7200
741324
27222
401388
591569
524390
181159
163113
702168
520073
586261
169047
415067
190334
730674
477144
109760
524828
688313
441072
474095
631951
416073
143250
6551
509067
546298
534450
237825
436944
59486
128065
172928
203559
486835
129227
460109
530443
535972
12956
475812
459632
500598
522401
558396
473721
330073
7946
647078
458216
8904
101014
492612
741244
571886
533934
437403
591496
512675
513296
23582
2795
531987
233240
31240
524014
425144
160562
524183
313847
501252
470907
476033
300816
732095
21145
131452
571874
467210
381099
122523
524219
356502
66196
492427
102406
513053
76090
533444
43728
472558
431850
523454
561412
429180
405913
593351
533308
532491
520943
712713
75182
532835
425427
655266
380857
25647
162989
91521
343828
530735
472270
477789
598320
193832
512235
439463
524760
554883
136348
105379
730597
473231
741172
513617
497581
485899
534350
73722
352240
378821
731454
461420
146806
534309
706766
444301
631636
137674
585011
119598
406620
352656
593995
296031
73793
369574
632401
370927
643430
287411
1274
97887
741581
536655
350927
2210
593344
368353
480042
278839
490394
592510
740529
646645
741199
647051
523370
62771
569831
446083
485233
644420
405809
473937
619840
505934
36587
525557
323363
390788
299002
396358
706674
591451
509451
75890
527412
264
486031
434232
91566
728916
272168
136905
105956
654568
480819
372208
89499
465818
647036
534465
741263
149032
116471
32417
171596
351582
397153
479756
654863
212102
50727
230601
437277
433863
700027
503251
146551
659125
731615
106212
371282
710036
128055
534540
78771
249591
515714
503709
651219
31498
81424
302435
22917
306769
522257
525629
74576
499145
106469
632865
716915
592130
167741
522057
555902
500066
632486
103147
326586
567533
397609
591588
411488
370024
432491
520026
299055
408909
1869
133397
390599
723684
461047
722052
477015
413297
194686
594157
564611
133469
591133
386567
477155
706124
433278
350194
502867
471014
98791
642946
252713
413812
505516
513043
544577
36927
491695
444845
390567
17441
600384
440599
118076
430435
399810
594338
713590
368084
696283
237658
435237
80976
194385
375217
502823
565094
741189
511703
504895
529303
654980
463105
512382
591692
647116
61812
740389
432360
130692
399800
555978
556077
632465
532803
515018
741303
534342
436023
118354
75093
78019
505104
740473
374596
648394
26899
516079
654404
659104
40966
379191
377257
600086
78354
443831
524579
113157
82222
9534
162200
523443
104576
178551
255935
58663
150406
663312
443750
91612
499000
75335
286192
514581
740456
545950
268849
292549
658566
132642
513430
644231
272822
741277
89603
655131
523744
72885
419640
13528
719890
24119
518513
288809
374485
44817
1650
527193
709327
353894
654671
525622
6396
442138
193268
73799
703306
127486
656074
520819
257900
495417
449909
208081
482526
444277
170422
516220
368982
497492
123659
468125
26268
302346
267446
237886
270525
183994
632267
653173
719958
662634
3745
145402
279902
486886
58831
461727
108332
558314
60300
479119
655643
728829
591384
86368
370410
268530
604479
463439
515704
74368
535486
559353
9754
169474
352768
591151
269836
46423
555966
370666
592053
61960
77578
234478
499960
132868
516994
412370
157160
335239
99141
443072
126357
536535
106880
181163
523145
437043
300224
74647
271695
163645
170107
130438
78518
634120
487498
437083
129895
644697
592286
7471
461086
30954
397010
258551
486360
19673
169487
513987
635072
531754
356719
7001
533122
515154
443650
189781
741361
655520
306291
279881
500775
437638
78948
531106
471403
527021
528300
494622
741152
533782
354056
71787
380801
444389
444472
522507
514227
632586
609663
530730
653654
421509
434951
98594
431307
325960
513267
235750
535378
301404
491494
584242
654570
301658
403972
433529
79064
412842
732105
337730
82201
375957
369728
97199
134885
643512
435103
347991
404183
9613
411847
414407
406861
592142
22824
437366
191356
8715
408241
371001
75066
335293
524910
530463
493202
460499
729021
304192
356460
487564
464416
397978
503222
528007
516157
76364
504517
709878
183684
719951
433750
257761
534333
504352
279915
264887
438454
370950
518250
587979
421750
435535
631549
507866
494146
514151
472737
726012
257970
431668
727355
496843
654957
406423
235390
334587
587663
741286
26232
346868
353022
604116
84
525163
591140
406530
504765
94300
258429
433427
325846
356549
8015
567571
463421
632918
512898
349096
437385
523841
477273
431400
523004
709648
515210
380774
77274
654352
443379
496622
523855
721588
524094
374588
489922
121549
279652
655331
655378
431109
95600
515329
401903
179565
654550
301613
406683
69855
463375
654422
79101
433442
433300
405880
382044
202522
444441
407983
500156
497520
588655
547172
190086
117929
45107
496684
740570
733835
611475
535769
654978
172791
502745
422113
238839
718838
195464
477481
731438
465849
655904
339453
460
507433
200100
632721
9999
588815
731827
7744
370312
603040
98910
474787
111801
510172
356366
654660
356331
146688
127126
632377
496572
696735
153752
582627
486542
656803
514468
655215
533566
527861
740684
507074
26023
439440
480597
648635
266728
156346
519320
546288
731813
602571
147635
631865
72325
182885
479384
533549
108029
1407
522736
507680
435479
659873
475896
182255
741420
522632
577202
301921
28326
5710
293970
596572
445893
730696
517216
61438
135259
209983
191842
627962
184211
165736
721234
632447
213642
432996
518249
192132
514216
155651
530823
528385
409925
119591
522885
221847
365405
490415
567488
515487
283378
406475
326035
479099
235795
414332
315137
418233
728983
410817
531371
535192
702167
122908
103106
406013
523560
7644
534314
332197
369123
729762
187946
720136
171626
701324
475382
522662
27693
518119
404423
291533
492555
413123
8859
27160
591680
417962
494337
467807
418175
125898
437779
438016
127403
474018
34576
21590
731383
485060
406520
130036
410970
150837
77100
558403
303649
207631
347535
292804
515715
75348
337766
14248
631643
212395
74615
521124
352341
502773
125867
438227
6314
334639
438838
381061
487471
167535
133916
463295
476432
408903
78466
632089
44693
164226
89864
503594
477346
472651
558180
8562
484195
656473
659356
741331
433307
475945
281564
491912
547257
436031
643951
147563
156178
247186
631921
485628
514050
473583
728814
145956
173001
592566
247700
157101
180408
132483
109752
420269
173894
283739
152774
195364
289123
421848
513266
647064
469175
409834
103183
258798
473761
731853
355141
528050
632466
535319
88251
643683
512592
445061
368433
631580
631558
520189
593679
115896
500409
458414
546407
131673
731516
605502
75139
731568
506784
554762
502314
444118
533479
515003
436568
277677
101174
460978
472101
23413
515598
597755
446689
435981
323489
467751
2556
481720
82045
442782
352018
204619
5613
372541
128420
84549
130988
334603
118820
96996
18426
429
506415
381220
551713
374257
518795
657729
50098
437594
656205
201083
534582
521151
175043
522572
653163
388236
509791
522819
102696
720143
731605
109052
531962
6906
28149
475125
436439
292457
408073
708190
2256
24054
522639
709581
279912
108969
443081
514276
188606
501289
256301
444986
4749
163451
632296
387208
530251
370292
538286
481545
554829
521809
631573
648612
272499
483494
643464
131226
535148
655277
192326
656723
466937
636452
7626
525232
512610
188746
172587
102788
440475
82890
466871
339831
234898
119251
614136
380133
632515
522500
502659
433060
518460
517820
180946
208124
390623
433759
437599
533551
274402
182698
533282
193118
471207
495138
2128
529244
156369
28249
440534
731847
432132
730599
58992
282700
292493
183428
521934
433670
540038
136247
529862
516023
76686
380350
160211
412468
5268
1211
593928
503831
181244
517357
25829
474643
487393
3989
593382
1735
406277
655320
493709
519783
720672
418198
529798
131306
654836
466945
388347
458499
466148
654720
715556
464184
169611
445999
276770
523230
410455
495755
495039
514718
632191
10649
414099
26837
226755
732031
596726
191346
720708
492859
180878
20013
418093
189772
471381
24545
15250
705480
409034
643813
517262
515879
370770
614787
191334
254113
498548
224137
388162
567342
521800
525251
654636
133350
401218
655179
11125
730771
530902
351445
444451
308171
558296
515082
631725
249996
432914
713334
476209
79088
591944
19383
131151
416755
314359
253903
436062
166924
413111
388024
279806
510078
351335
484950
527971
518773
436502
492516
502876
77978
108104
43812
240770
207106
633853
522373
707712
282067
529857
54943
12107
501853
718492
461819
656547
56
200022
284284
632177
532634
438863
103561
472566
172755
337295
732435
530597
16606
520917
355983
654475
54277
520313
20157
514211
111024
441550
293798
83636
368853
409230
647409
534255
741156
467097
408061
741289
371856
480311
297413
526902
474584
205627
503500
4
713123
584916
516671
217484
661035
85155
512599
524947
664054
515634
151706
485158
9997
67776
200051
518475
79387
445403
8379
731398
432453
5345
117938
170568
516802
567438
741291
597057
405156
24258
154654
508725
97244
663128
222802
655445
631890
158304
479766
727580
282326
332422
406557
170131
700656
591347
144447
16349
515415
494705
397638
145575
300141
727283
333823
463483
298654
654572
213198
227253
356766
128425
191734
150580
397705
487200
517461
592237
632310
505687
654865
494192
655327
558364
496068
155218
712617
435755
494406
655046
525462
202011
699841
567412
180312
534641
408018
211511
514821
143187
516543
726355
382212
26506
592087
728980
376933
432862
605445
497332
135997
524399
731416
26225
100058
372616
654610
535577
726063
512815
666511
521954
115474
180142
644153
124147
367842
411865
202354
3260
593075
439991
171342
621200
76224
436383
648806
270291
437059
288284
239500
529172
494529
489142
709182
79299
529439
389724
77768
521086
515876
596164
1197
21938
50308
590956
740463
201446
15591
459759
632237
515070
132989
631724
56145
503093
468410
434081
272259
528826
524250
509226
523761
487027
388813
77367
13024
231616
62209
561514
489190
318547
251699
401537
432560
567453
46700
741418
604915
105887
460336
533624
581320
652908
22111
9676
12013
379186
8102
236774
66915
729090
79081
159223
523442
76394
68257
126561
181300
59719
271742
603766
741681
132902
307734
23133
2853
248141
182215
274772
7101
117167
470399
333418
470996
406395
548187
121575
524138
591934
500842
625768
466714
183850
591847
436166
131851
73527
144130
1063
558495
441378
730678
612151
474705
517517
39925
740605
162757
536850
285671
592129
365207
153961
370408
482573
436446
442344
85539
194754
443258
55847
105448
411641
507584
9661
527105
212838
516707
597349
515515
384598
516522
469116
90073
187569
35052
740365
446336
523329
437422
406392
708268
557097
116459
498569
713632
46894
444279
122926
524234
516341
279929
592224
282177
85658
306791
516837
355643
26703
421907
488143
709321
504315
3416
735127
418450
515542
127432
77897
720177
533192
353013
308122
437755
99472
231850
568006
532840
172445
291196
655519
355264
250493
515369
109059
11776
458313
477128
405619
740387
22157
408312
280130
740502
655652
227777
517553
71465
632554
309763
524368
706960
741191
25691
481526
691948
730618
502989
386189
433381
631566
433068
6347
632385
534562
741181
327527
719189
285354
632403
463642
647060
494496
472667
731377
134623
269211
515840
420036
728777
339278
471873
659681
19025
650382
592051
513058
415299
483305
297389
123119
491351
644125
477028
2006
355820
406515
140903
438219
716666
185172
125213
13880
732155
437008
591797
446021
202
593973
657926
160565
18442
708061
632555
20158
376064
513242
5836
518450
460317
714231
34314
369761
118552
433668
505676
513463
522255
740488
645504
475963
477959
725151
720269
65234
433291
6891
28020
106876
528305
534052
152173
463426
434875
696253
470477
179522
719925
606838
270437
153177
730800
440219
584909
146161
643548
523360
42644
152717
741154
524216
379785
479747
446641
435290
741474
444724
409081
163893
334885
84136
270655
590908
334772
370267
180877
517670
433439
731774
523221
731375
86970
534770
522992
461113
592123
483444
50732
740360
151536
250581
708182
480694
534456
517148
408461
436102
44024
632258
740577
421245
585931
42572
100691
418192
131489
479911
432755
477325
44685
651512
130031
731729
491234
445892
657722
714400
709301
535711
597434
532968
276878
472852
164419
409368
356440
520638
484227
119889
513343
655332
368149
406050
42215
660143
511067
591992
612096
75061
516539
406534
696631
418533
516769
501293
632708
103755
459896
308074
647117
705323
73875
4900
444950
654661
144912
808
221127
513490
498727
509545
416049
371107
448753
190520
714127
514435
508720
729172
643436
517864
647371
64691
192586
148559
82961
386168
485527
29276
443031
445489
437040
279640
721586
499839
458310
486502
520967
434248
324844
654958
731966
247077
501203
821
169358
434241
362817
173724
720023
462663
467284
485139
323396
128316
108408
334370
591374
658215
529989
653135
198760
631988
657018
30345
33922
466917
632456
642715
483209
732366
731569
444314
143873
440604
515474
444673
434900
351413
708017
636359
730672
633601
527980
167700
75823
48823
594250
13349
534667
146406
655602
97837
482038
546283
647086
592289
9003
555927
370581
729029
653288
515255
522933
653013
491148
503911
8033
528574
286221
369488
330384
652468
494312
144114
591582
379754
570362
507798
523710
410026
150423
519909
592290
497788
704031
98170
135805
430646
113876
433732
128676
644906
654439
279704
515005
434993
446201
94695
279529
407991
517601
5662
513268
533437
731767
615131
170904
250899
368934
374067
7636
156367
509140
502775
517356
591768
406840
174312
153934
111577
485205
382202
653859
471975
443636
310545
478469
515517
521530
443960
503043
655105
591047
8578
474397
473819
535820
567374
446459
459790
9597
170944
656959
26135
501728
470627
203691
85195
705699
421257
525063
709447
443976
102267
436329
439152
195740
577281
720014
173878
632236
445203
466875
590982
61441
4866
523185
295563
740376
314263
105818
5741
465323
631567
472038
435952
380906
730749
740399
177576
537458
106511
517249
221497
481542
446270
517549
466039
471096
516450
502528
410406
371078
171929
417795
596982
731743
506652
193491
249441
128702
6232
506947
483136
471818
567235
75117
706662
63489
197320
153299
465521
515053
518505
238303
120
374973
591156
190622
356545
741239
495219
643120
632460
459211
741293
183706
521487
462323
464472
43670
82927
654815
120949
436186
381126
593171
87752
5086
137510
515162
666524
291212
29874
567688
514065
567501
446315
381204
415209
374650
57813
192131
604110
432984
530687
6168
155995
502842
101302
644105
508479
503315
166539
381222
703523
150136
525752
458334
531642
741230
54483
732385
353181
498187
500724
44402
502511
433203
58974
520102
549751
467192
464572
166011
21577
567261
715543
212774
407926
591757
531789
25348
439381
494614
444851
509227
705692
459265
187058
740380
302903
655369
516855
632041
160556
31387
631856
161276
436657
24587
741180
515472
182729
352962
671268
17686
714425
741183
18788
466154
195642
334713
199625
108530
103934
709066
144835
3041
129673
512636
484324
81907
656600
720286
490287
647011
476680
483239
16441
591679
530381
8986
348609
470259
531064
584784
25292
532786
497183
662922
88556
517307
741522
269944
727986
647450
485262
654609
519818
296049
502705
282901
329327
628599
546271
153850
594331
247280
634586
656799
134060
501928
171426
713636
624245
477547
133892
350265
343522
731699
514870
558601
277624
590870
720344
200063
134688
591729
134665
520070
602015
632469
468972
79335
331420
446098
433722
440848
726435
709356
643658
524571
644326
733403
473087
371642
26593
642990
373787
645427
656683
390736
731890
465475
370145
408257
514323
698060
309090
437275
631587
105606
518244
79322
741151
129867
513726
741202
584908
106185
148340
90061
741204
169875
143600
655248
500013
496139
520136
475663
450230
502244
379548
487296
546584
396740
63128
12967
532359
532626
435655
713051
523852
505662
111779
499205
2430
445574
657060
227729
251531
510402
435369
309288
518265
560727
274959
741365
377416
98041
288215
720030
289019
97013
484288
281004
518403
55682
584996
534312
205326
424126
731888
370834
502756
732085
522610
449296
625725
26010
481022
388654
286261
513055
508545
513491
518267
513954
658676
522506
20142
459858
423348
646734
635350
442180
500897
416735
651905
177530
731393
348112
491354
213389
741552
265174
187624
591633
446588
532399
418062
660757
520494
99196
424908
524464
465498
466804
300624
462316
369144
171995
654773
155396
58324
458487
436181
517106
715074
435621
699301
728857
474213
173679
436743
484363
124156
515550
733448
3426
726053
652690
530734
118003
500761
270869
529618
512843
105399
156540
115088
657067
520037
655346
520339
446852
529272
432822
352839
432387
465784
654740
159195
8739
112058
753
224607
81337
513261
171182
520898
139120
305985
316750
480653
122006
695185
48499
571177
429608
654418
643005
243994
168950
335413
595158
233952
656
405614
647023
435811
391464
741165
522109
509736
362728
474436
413045
268177
255973
61430
643610
380118
25130
728759
9383
76095
22180
210995
511899
584913
130774
65366
518299
248785
134084
159057
433337
122346
592304
439474
15929
524920
145726
516646
516297
109929
655450
185489
435295
519557
509622
77719
502328
632707
110477
34851
535734
327631
315177
23960
187763
529438
449630
97997
632592
464336
74405
651925
464595
654972
184877
368866
425091
411480
433062
515260
511425
130759
303609
440833
462983
440379
302963
632833
158688
132257
644352
406300
522684
209945
294005
444955
78065
632379
42806
437338
118666
268551
369052
644802
120844
190968
501376
463759
741177
710284
133089
514934
93675
634143
708076
518530
298716
9850
529053
647355
534346
681002
740458
741411
731836
350268
741354
162807
159556
516978
654552
476308
593159
525091
381219
163924
510635
534847
368855
655743
503348
348921
301685
513285
647016
297304
205163
529846
31053
462492
75659
376681
495349
220864
658713
418668
657673
90436
66170
3887
369438
232194
517543
355162
618430
368282
627744
131674
68714
632481
465627
241564
508835
75813
376675
591069
584900
741436
334507
380372
531111
412586
490203
191518
515122
77422
430849
386390
190977
232165
170853
288940
184927
94234
729533
713641
80343
720472
443625
2785
731388
591242
465295
482873
189716
471119
86045
461117
6764
700632
210283
514920
489284
445803
388004
130917
474185
507475
517338
523332
618145
602900
531668
321231
275675
370937
405925
62314
643910
584851
632200
162032
503546
1424
87295
518727
595553
732570
319247
278429
182982
409934
654657
80296
592011
380291
167451
5912
271643
181046
327252
24485
122363
31439
371344
14623
91283
642042
655623
15536
25524
731413
648111
371350
381189
497741
458377
414028
740377
373550
224008
32374
489355
514941
732259
165195
399984
459649
584881
15961
515417
603740
567582
590970
515242
21639
440898
484547
436034
463936
546285
591502
555917
11417
590937
271510
9061
389457
744
173464
104476
471040
595333
645317
274408
444749
389649
528703
465337
347270
534338
118725
438429
262823
179986
403253
124027
661254
445775
75528
724
279257
517937
443330
722657
202097
416998
496459
298312
647822
445981
108112
20000
446427
495554
408434
364544
356061
516790
114412
6686
467637
436585
406461
90303
440525
2780
514465
435255
584782
390443
471851
532082
521535
503749
372331
632836
503666
387671
436973
654899
301094
533273
519445
632264
166556
466391
138860
288034
477892
14745
369646
525610
75639
525330
696211
356630
532749
469030
193745
726920
371720
55940
741285
98475
54941
356654
48589
444776
446309
348350
181368
456557
631650
618526
503787
444835
274329
44070
277721
61268
648439
15977
293971
163484
438236
520094
503357
485518
449609
599470
24379
33102
369068
518200
200253
466184
372003
343380
202207
656980
78183
374446
500375
78944
162397
195471
386294
741345
293653
288164
512963
433512
327736
190559
292088
520205
50649
584807
658575
163776
514997
474914
391561
631925
514303
567968
631579
240845
510847
26704
233119
408708
466828
654979
593014
715623
388739
632144
598388
44289
529860
178011
532315
585502
355581
524731
463928
62180
90107
709550
6651
643487
513779
519313
9857
596449
14468
179718
236030
727344
499209
591095
50252
409563
631614
466929
388034
458360
277704
515032
235069
554791
292356
250429
59214
469244
351875
436636
437191
522472
655057
498317
505033
524498
76244
516155
438991
541894
400295
502302
9527
581171
460217
47382
29464
268742
728933
349283
647659
488478
292078
133379
631827
520140
118400
7122
15476
741405
557709
433901
24301
112318
654688
435126
334612
515371
524009
603930
59523
532853
110675
143818
154104
275775
109051
519337
740407
652741
520973
646005
517987
429879
484242
75864
20315
406096
434886
516632
151134
731646
370555
731396
707300
20768
153310
567268
104672
472213
303808
487360
605388
303980
390594
534384
639447
515139
729120
390667
544932
462693
469022
162233
714302
80986
502915
361323
423935
239
478407
120319
9589
591166
714774
136164
29190
506852
507910
514527
225914
356050
497575
654583
445868
28491
173311
100686
436527
492618
363492
15106
371889
715617
483924
501200
546261
135406
535903
237396
356578
471528
654562
533260
313
6917
741193
706716
80658
172772
491745
642660
609336
647075
355606
438289
644633
273397
657032
408236
534477
522087
369920
270428
524741
610830
462086
531249
369042
516777
43627
299878
460298
20521
130293
517622
484738
443729
731825
515271
643560
592045
728878
654816
152292
591715
617340
437322
273330
136309
440829
279413
432760
436093
567419
493819
159161
149239
192477
200716
500645
381123
528486
467740
180374
534373
160786
531561
591455
533030
508848
200804
463278
348419
533770
460355
400740
533474
525205
519884
368823
151761
718510
445570
458320
600547
496279
440895
462998
83383
740412
274337
196176
532129
131570
410977
83190
460807
489207
30570
129261
534293
111749
740525
473296
373947
372031
429819
12271
34906
656466
565319
594923
523463
656243
472508
190028
466693
522616
24167
396644
476365
476517
511251
268726
505652
514174
621695
188553
365706
696684
159130
268557
706793
198853
348308
616962
171909
155975
284207
118110
522351
573143
488827
533514
24178
490551
368527
520612
731817
75438
371147
570355
659158
654620
799
661088
469543
567619
444356
517949
211602
513632
301963
381256
499953
220971
731675
592121
654762
515972
371698
105940
339735
440880
355899
740542
631742
50425
521212
519672
475150
500466
654817
584845
380250
732075
412117
654543
660076
729544
530314
474010
562227
475525
26904
191213
661968
111554
740452
731668
16059
6483
477866
584985
645535
22616
279583
654502
523299
304792
180414
62661
594084
35101
592262
731414
2324
472471
280741
89649
536663
469018
126057
175905
50889
376206
591495
515164
197143
144725
458596
730830
469060
77318
31474
24643
654465
477869
732244
246310
518525
490874
408846
535293
491060
696087
650585
519075
524690
326953
487774
404568
524899
190495
292575
201034
433222
37706
433422
280781
515490
9925
131555
11067
499984
740619
310645
496255
326387
205144
128067
408528
477287
471768
442798
514495
372680
437178
728908
517145
10095
466165
371674
560805
194329
24950
70573
293660
654447
442609
164853
523309
119177
311640
731775
533040
632839
460184
529495
460693
155827
464210
23581
90286
146180
436161
242458
740526
320823
477693
530009
656765
466662
466987
731633
517168
518464
446091
188634
443861
440263
668588
124490
514284
62275
154320
356377
129563
321045
370771
31743
143751
631562
631672
647056
172550
654479
271614
112242
460468
105323
448588
408355
211800
99528
526521
485910
78888
425311
584839
464419
511386
643605
505059
567725
652308
27239
504687
729204
184233
288262
592347
474949
112432
76704
520525
519523
567779
497626
269560
567482
202677
435761
30141
207538
506603
456507
268787
259412
501345
475353
371021
88778
491767
520348
518201
654484
507087
7158
335139
369592
546292
436445
732098
270851
23248
440968
197071
631602
502872
533712
369430
159014
408927
114286
162121
517070
740467
4055
208600
142074
460923
129195
24598
188882
9728
726050
652389
463456
202672
534679
591122
165859
117853
1594
208673
272062
444414
332173
128690
369998
159430
495704
243564
146312
741531
446574
73291
248437
555910
82916
557780
396393
439309
20107
741430
466775
590971
153863
467408
335106
157527
30634
156506
464333
662152
287362
654665
246112
289347
22393
741153
356572
478682
396178
257008
180903
455493
518545
654869
463041
594454
9235
146602
410889
631858
413133
478588
696497
518805
356769
160958
470654
710370
42151
95835
436646
378103
23131
596078
12152
11355
464438
267194
632326
438641
719895
654400
515094
13662
532755
578109
631544
523811
494186
509343
461647
534612
594444
432485
468048
731459
632161
643433
351887
471933
227457
213061
374477
408054
741179
252682
468840
534330
658436
304682
534457
198072
14839
78601
138207
40763
151220
76662
502914
269128
143766
481852
532610
655348
250481
295137
12144
598862
163173
461705
534579
93659
82116
368569
618002
740420
369297
643130
43314
542050
715778
82963
446559
535464
524812
418520
528834
189445
554594
499094
446445
509447
640726
389945
731507
233160
644033
458355
521213
139896
591867
298990
492445
314437
9701
656091
188456
567576
407860
183232
731613
283416
631844
371914
204238
513867
241576
304613
655255
276252
631926
702056
632709
440776
152536
11314
505412
4082
516076
480876
728237
720167
656581
253603
469331
323308
283551
180919
520640
65735
495471
448941
740388
720197
407580
411125
75694
335918
12082
516788
596461
405590
462529
28988
595451
448664
295449
461787
107382
476270
388927
4859
301350
10499
32826
5210
706116
654699
468478
593413
489615
371563
655259
438587
502770
593974
390420
642877
367656
380933
333738
24601
210367
130316
17267
434953
310231
513633
42853
369017
596514
98493
460960
632093
506374
37616
386470
423968
87539
516034
712563
301540
75835
500165
9194
132161
148677
502883
173859
713245
459927
282113
3873
83734
524195
502100
162016
647068
171695
465885
65758
655354
501012
50002
367437
501629
320151
534385
118118
112949
408233
594238
523424
20529
420529
284208
531509
105584
290404
441113
591212
534345
485081
119387
709416
524523
122337
412103
435120
485606
12677
709218
79402
353454
14333
186350
530904
279761
514950
132660
460574
55041
731932
374458
93338
660996
87435
529609
592188
458917
654380
279819
97661
182825
244595
479808
741195
75914
519601
646775
444947
503074
370247
528763
8372
287471
591874
561064
405144
535622
515536
520740
495230
459940
180909
275757
292265
512465
508480
474667
401835
654530
511817
516090
237856
131255
653262
424312
584884
210532
25674
506997
507290
584927
523836
118964
514496
440092
513315
484241
306083
16003
709466
516746
510409
376046
>un
518326
600749
479728
733310
600045
592734
567919
663736
158951
707162
646171
713835
714430
461694
600189
70937
720637
320147
738637
657771
517008
519738
658636
679283
547695
658434
710940
596764
547465
567846
731968
718522
715779
437857
680358
509666
713582
575922
722057
712829
708449
713846
696354
444291
186291
435064
732045
596528
406191
741407
657290
597222
168677
600462
595524
724102
611057
5737
729494
463382
662733
664214
703424
732399
551832
594648
714226
741716
727767
695057
731589
197962
13291
614415
448833
53997
644782
418123
508644
708209
694796
656713
519656
705639
658186
731749
501239
592974
733457
713833
78592
708256
596432
661763
658564
523012
663301
43047
600177
485365
653798
595245
659746
499484
705959
18081
492187
22302
720227
741461
509585
643960
731992
694083
464599
713174
708120
446345
710481
593133
653586
105891
248049
664319
223678
716096
667972
710315
512015
250616
706229
568105
724874
665421
444569
730937
657232
432548
665058
730737
662770
637253
712931
699851
24684
710666
708457
522995
658368
714498
731914
594905
626478
611799
707446
715921
417472
721007
733124
663107
664215
666700
443527
658202
634157
660907
713819
303727
560315
666896
386476
646252
476706
593476
547600
633105
707608
533977
721030
732137
717110
539714
677027
103388
720231
663585
489932
600465
733971
118183
120170
548018
640464
664480
731577
593218
730861
152460
713765
633059
695067
703872
708811
603759
732081
729623
706044
535009
655631
666477
733463
668267
571742
666913
713934
471461
637057
732336
530412
129621
597604
708119
626362
648914
690161
612332
673776
663979
126714
444809
732705
598578
633049
734315
660225
547367
645643
667739
560946
116465
438623
712696
152812
708292
595343
633061
657691
129220
655887
328801
712977
657607
720350
731606
558623
740580
702139
719336
699784
600779
700642
591807
586709
594584
592114
521961
700345
713764
731744
669724
597948
713206
666890
733542
603797
662669
707304
602520
667244
700848
464753
410773
129051
632539
602608
225784
449114
597714
723432
741837
638142
667738
664216
519520
667725
654689
741186
706927
656296
741682
594424
411848
715047
598333
741664
603327
323878
706888
676028
662114
597387
718709
23033
658076
732309
708350
701243
443239
595004
713638
658216
721551
664071
662625
731671
736011
522183
560387
699535
702810
730803
448226
705738
707206
633186
664070
712767
676483
162649
387576
671161
18070
595784
660766
732158
741381
443580
710455
567702
741302
661894
449945
714993
741352
591577
586689
444595
433010
144151
723424
720876
729536
661597
728955
270570
715948
702347
572030
561500
715788
449186
663125
197922
164708
714301
635475
707396
593044
659073
708303
731742
667135
655411
708492
430755
731815
720460
634987
76277
645244
733484
659103
600375
107410
661626
130239
732568
656393
720024
552087
655579
707178
728191
435404
653315
448879
593491
655980
458609
708518
644753
709372
593435
730611
714503
600068
633996
693701
720884
531538
594580
708414
741667
649699
643780
547282
735747
715719
691740
715735
481980
713845
715062
644654
660221
600042
663929
472024
741205
720801
632997
731608
660321
591538
694013
720644
659928
672510
632537
651507
436298
708259
713072
79136
659259
701108
660734
448912
713752
721272
591571
666787
731644
29952
712903
632573
495410
740541
434374
714620
661669
659405
731943
714410
217079
592455
710162
736373
644872
658982
710441
514118
572393
658853
713753
295923
525899
664513
523194
665091
664492
712867
535075
731534
606538
705948
707223
597840
707264
514368
706976
594599
731745
293796
663120
713634
344812
708083
409726
697184
592966
600021
496631
573606
713078
713025
134470
715113
741314
631793
269909
596814
712672
712919
718686
709835
741762
657764
670361
182626
643727
720458
654621
707136
600185
727468
699389
731509
714913
658703
595572
660504
702126
635031
733955
732616
568267
649698
489045
732530
713643
707012
321176
741369
596123
719719
709767
740674
442160
714486
732159
600350
700839
606167
632112
655070
713747
709751
715039
485155
594931
663441
633449
594832
118101
597594
603090
741454
707383
380956
528615
740375
532236
523262
663725
721950
657019
666526
732854
13268
699316
695621
728357
633338
740656
716672
708041
734541
443837
715053
711117
721880
664056
655865
672162
713706
268887
624548
628728
708338
121592
492869
715270
99785
664212
567699
633241
659553
551521
127274
606068
707114
731478
666491
708447
706462
596743
156256
639513
481208
596027
706897
703388
712717
708630
632240
732544
708126
97763
506748
143408
600342
741564
730889
573744
720318
129636
133120
353163
663119
724099
665057
400432
663599
628957
570119
718690
663124
733455
460777
517207
654258
648871
351126
600282
446700
525339
741178
567917
446522
591900
602557
635037
634444
129235
741368
667746
476320
663764
741393
593793
522536
659631
714436
348319
693847
598015
602568
657248
594673
526948
643526
663724
653312
649853
714977
586984
457744
670032
449095
429581
715159
720942
520703
662920
658424
507978
721179
634685
605959
741242
720717
709942
693867
231029
726062
664213
659445
725453
713383
595738
446758
494347
710172
632626
635998
731532
644597
729519
595539
587465
730747
467411
711628
598240
592599
631534
709723
595302
594504
702164
531550
593269
708574
596081
741485
644008
707174
585419
741220
592633
660347
535901
714025
592950
129244
702470
654974
658392
708614
696702
666512
658389
733406
657748
592377
573448
715338
386793
728162
626608
732350
598410
632900
33983
664020
699340
665573
666668
593630
660318
486304
602707
709696
735777
706686
658583
715732
