>id 1234|Hs|est|||pineal gland|normal||tissue
>part
>ku
>uu
446086
687175
541588
688051
687181
374019
687174
687179
687180
624060
193273
687176
624068
687173
624066
738063
687178
624065
493947
687182
624062
687177
624061
624064
639439
579346
624801
738451
539346
688246
624813
581377
688247
688248
735619
688252
709032
738450
688251
624802
580790
664807
677631
664649
664854
163022
660655
613186
658968
601165
613200
665240
658962
130344
652844
633455
539687
538558
660619
736138
677639
664777
35496
598111
591548
598087
601182
601108
544599
660671
664806
596589
208390
665216
535160
591059
677637
130348
596595
710502
613199
182145
613201
541072
613190
645822
634629
634715
523316
541708
677632
564534
582168
119816
279596
601104
665215
634604
543459
634627
658501
677638
634716
658403
596238
596567
601032
544471
664762
537598
601033
538783
601094
568140
677629
570170
613187
677647
664761
120128
613188
665222
539602
541779
121224
633845
545269
677624
664763
539690
736139
677640
564061
634645
664857
658954
598090
538398
652845
598097
130343
677648
575789
601172
598088
601458
601169
121231
601097
102310
601106
658966
566946
562282
613213
290516
664808
664648
542937
582724
580461
733234
601126
176654
114035
660673
660652
665214
601170
666569
601125
>kn
449278
149367
681616
249718
105105
133337
596679
36053
444915
9333
434937
336810
439481
189780
16355
594307
525549
532375
9234
308628
531587
460459
490684
706355
484551
504877
283844
165465
238990
657296
486993
412870
156738
546287
491223
743252
258855
374950
731854
158497
124126
16130
58488
595458
469723
494261
516954
550906
431279
619315
248144
418012
686171
400095
605153
298658
580300
82793
501991
726427
201858
712658
601562
528664
654437
70903
162777
6421
640836
6076
523789
446429
322430
408153
469473
99120
531856
513851
253726
83753
584905
408324
173611
148641
20716
368078
515259
75243
635313
740573
53454
5324
437145
408577
254642
567542
740494
134816
510407
99913
2719
655455
494691
104650
91393
33642
288655
534527
518236
272759
503597
436913
117545
368240
499264
13852
79411
434980
279836
592591
532286
526432
430589
519162
654744
58633
546269
711490
514051
365116
734039
144468
187376
390250
525006
643531
591777
631923
523054
719938
180933
344151
389378
190722
497349
125962
278573
344400
532921
731513
486548
595669
368254
741382
248267
632717
525518
513646
409662
631535
413416
277533
494173
732093
509499
593985
435815
333503
270244
401843
444213
729163
209249
69293
286131
48297
433701
484588
632313
406678
134650
471441
370504
468801
368639
633514
598850
54457
495851
440364
430075
472330
373498
443914
472877
557550
473152
503692
516111
41045
743241
78880
721279
145469
145442
91747
377894
731481
655033
289108
661785
728790
503878
62886
348418
740398
468442
191219
13781
524271
65750
113823
6874
502208
645792
430551
657058
461131
523702
80552
239181
22634
434494
654952
519794
153381
269577
478150
274531
66713
203965
520710
437966
211929
13640
12845
109731
172753
514196
133421
436410
662094
517352
82548
21162
12109
306000
661076
112668
29725
372378
592490
475733
655061
284292
11916
375766
591833
519568
369624
471452
81848
3903
597915
500721
368160
104879
1908
489040
522891
648744
250758
63290
78089
586423
89545
389734
652114
173135
571246
516182
481704
503047
515846
398157
119693
12333
162458
607212
356285
75069
85951
77961
439894
311363
311187
94949
199561
483296
709336
520341
677623
727584
449628
743229
380953
24889
647774
459106
8364
73986
436803
298280
439815
278277
454830
511915
512464
200668
82719
733663
644306
620391
43744
414579
7910
482043
439620
110571
370365
293077
516153
444818
134013
472475
591443
278362
433652
125056
462392
20930
504609
714076
436203
534375
74137
495656
521056
486410
634380
501114
96885
443077
20225
415342
12102
351461
54649
516505
3192
497391
301463
654826
436429
731659
440049
368783
520063
521461
437894
642618
516217
729558
42547
479396
655123
123114
584921
292882
631616
499941
743218
709914
472564
77424
567367
525105
113150
493750
466471
656274
522384
700344
152913
546291
514489
656653
277035
512856
411308
559456
655067
200227
503860
469944
741412
518609
656685
519702
250905
430425
458482
165636
729302
743237
407368
514535
473117
143929
482491
509523
62604
100874
458412
268515
521640
304362
371597
492740
640783
561815
555973
532768
203099
656619
306221
350899
735651
534598
518827
58471
177841
370510
516032
523829
516700
528803
387804
529100
100890
132513
555866
696074
488171
478275
386791
468415
655108
82794
518055
521903
301419
422676
8867
96513
492261
743287
727148
517265
76392
531081
654388
626404
370858
71040
431048
355570
647109
438336
743277
434253
528780
664786
655684
593373
529571
445387
643544
559426
725787
522493
740414
333579
634244
417004
516114
268326
524630
485365
488877
4988
65641
12420
577256
145284
107387
487046
636480
513457
596136
125474
143811
729158
465924
54673
59106
743266
498292
504641
370895
387255
295732
654591
617342
482144
159028
81328
659565
23642
37916
254042
520636
187873
520133
509765
22857
502769
602037
148078
483036
239631
127610
632273
201379
523504
204564
61265
655242
516853
633137
446149
652183
632226
467866
75262
613883
111099
743249
657347
568209
10941
511605
411490
10326
654387
288178
5308
461925
434102
718506
632184
423734
196983
84665
743297
632535
728928
546239
193557
431317
464779
729056
656643
170156
706016
449585
523696
355934
414565
334832
12865
743234
409223
500674
654495
632314
405662
440544
518731
435661
84084
143736
372265
371617
98564
633817
656515
127249
43666
81874
175473
294147
730768
531005
591996
529094
229641
499886
446079
105891
164682
211594
709461
713548
315186
656905
91448
221436
516807
333786
504096
669305
372840
497599
511801
164303
440382
194709
467279
503178
372914
213470
446260
743240
278569
178305
111632
181444
110695
499594
647421
465224
509264
15580
25425
622504
175955
514802
632471
706229
517419
260603
203910
530791
75798
439480
740386
172510
529631
442498
632232
18946
649307
724025
444569
250687
404119
546286
155085
538103
666439
368376
370102
511668
445040
421608
731811
533771
28465
654907
654848
44017
109778
15738
676266
523215
484188
585799
363137
517436
637685
534168
634632
568340
571841
172944
631657
1437
66708
459590
192374
461178
24684
445351
592292
534322
13305
720076
485130
656660
520814
170622
369397
481571
503368
4997
403917
420696
356647
70312
743330
380094
5120
502948
53066
350966
147953
517888
407995
158529
435231
109225
159376
172685
596756
662085
60339
600823
167115
31595
475392
269990
26229
295917
480073
97644
477315
170563
106432
535731
129634
446354
496646
431092
433951
529901
740511
223141
35828
440896
108957
522114
386162
191186
631730
712555
80539
275243
743362
731784
534613
523456
12084
163867
584833
1706
49853
444467
518203
119298
743478
29665
533683
533050
664380
523936
334
655325
406062
505154
271135
515642
348883
200136
389107
155090
731863
525600
284295
657083
524280
514819
460924
303669
102914
435941
461253
368525
508148
412311
355927
501280
43213
87619
10842
524081
515092
598297
472165
124503
430733
144949
3530
183958
75307
77500
525196
513313
74034
127138
76152
166551
522817
513984
433702
591901
604001
530227
473341
567828
510328
321541
389171
480938
406492
74564
133512
643431
516874
159188
254097
461988
465645
435136
9825
34114
728802
56876
176503
512676
516711
339639
517293
525626
480815
483454
274416
103527
164073
282410
158870
488051
654968
654441
478153
500483
425125
135471
439760
31532
506458
146339
446065
592182
420559
435948
529782
465744
5009
75199
546299
419463
743438
42217
645009
104320
204449
54471
46446
292524
533977
29724
496487
479634
106529
196102
595053
233363
213424
18349
277517
491734
530003
533732
180062
34871
279887
657750
280342
116877
504908
88417
618732
150557
520048
389700
436873
37558
26870
2420
372050
534404
403187
301412
75360
642817
476319
124696
79015
444600
47062
714608
701892
159118
335614
26612
643497
157031
726290
695681
729085
445036
130661
569438
643267
652312
404321
285197
657268
446017
288151
194692
232618
714477
695
721761
458747
470412
5148
290551
19196
603111
560655
463148
465144
153648
27222
593134
21754
524390
702168
75254
515477
732048
359698
730674
109760
524828
441072
591003
434289
464137
416073
6551
491232
546298
288974
237825
21380
475506
25338
59486
128065
460109
129227
475812
522401
500598
558396
21958
330073
7946
503165
101014
8904
741244
571886
437403
512675
2795
527982
474005
470907
300816
571874
246506
368944
381099
175343
524219
356502
66196
102406
656904
505905
472558
367900
431850
523454
17109
349656
429180
520943
656617
685225
732212
632762
437009
477789
534400
145605
708084
730597
473231
485899
73722
9788
731454
512934
707013
631636
90458
485871
119598
288959
352656
272299
632401
471156
600861
15299
167750
436350
446172
437060
591815
97887
263812
741157
536655
350927
268939
2210
158195
567493
13768
522752
480042
659481
307913
527919
740445
646645
515351
741199
647051
387567
210385
523370
272375
569831
125300
36587
88252
505934
31854
396358
170835
706674
435836
509451
75890
527412
434232
337040
728916
272168
136905
23172
196952
89499
570562
647036
741263
496969
436977
447458
97044
654863
212102
491172
437277
503763
433863
117835
446123
444225
1501
106212
657604
256526
709462
78771
98553
515714
503709
651219
31498
224171
81424
129452
522257
74576
499145
522057
520989
555902
500066
505326
155839
740441
397609
411488
432491
465433
534538
133397
153444
500736
277154
113577
356799
141125
517821
210891
194686
18861
564611
591133
386567
477155
593148
350194
495912
651221
250723
252713
544577
483200
513043
491695
232021
17441
118076
440599
131740
594338
368084
254406
435237
509163
445890
23876
395482
502823
719927
731317
156231
504895
356697
529303
113940
436922
732725
591692
419240
61812
12256
469820
34136
118354
643655
159492
23918
740473
374596
406134
654404
648394
659104
40966
379191
529592
524579
162852
718438
9534
162200
523443
194157
178551
255935
61472
443750
657543
416089
286192
512894
514581
268849
292549
658566
567714
654643
655131
193566
443891
419640
201921
518750
369380
527119
374485
435850
485208
495984
709327
147492
403436
6396
106510
448518
703306
511756
731417
520819
539684
257900
371609
429839
449909
732291
504003
84190
656790
170422
535297
654482
525391
533709
591177
369232
656983
426296
267446
4014
270525
183994
464391
632267
719958
3745
279902
508829
304376
108332
60300
479119
655643
431081
632254
584790
591384
101807
149185
86368
268530
707916
591945
567265
46701
463439
74368
306764
352768
194718
657320
61960
234478
516994
524085
412370
157160
287664
380081
22488
181163
523238
496512
497200
74647
24719
743464
163645
130438
78518
527989
129895
461086
486360
448979
160324
7001
533122
26745
529509
189781
171458
306291
500775
438953
437638
743244
78948
531106
527021
743231
77558
354056
71787
446357
444472
737064
522699
514227
632586
194392
489608
421509
431307
325960
513267
535378
260720
156352
529340
631741
491494
433529
732105
82201
375957
170128
435103
208854
9613
411847
269408
477887
406861
592142
662086
437366
8715
483948
408241
495728
524910
406551
119882
634882
22399
654442
304192
112195
61418
503222
516157
475387
504517
642676
524750
183684
719951
368542
504352
264887
631549
358997
726012
269059
472737
431668
464622
743236
654957
406423
100322
235390
26232
703025
137556
656865
591140
504765
406530
258429
121432
433427
632918
706952
533719
477273
368315
658169
431400
524161
523004
529517
275865
515210
523855
497816
584887
144744
129095
37883
183435
486354
445030
279652
522484
202238
655378
472854
95600
515329
84244
81131
406683
69855
654422
18631
495674
79101
132314
433442
405880
433300
433615
444441
547172
190086
117929
496684
268675
535762
655232
339453
495989
200100
507433
184492
731827
370312
603040
514179
8036
643552
492314
741213
178357
111801
458986
654660
356331
548197
127126
132599
696735
719906
580464
733239
164060
474049
582627
514468
486542
527861
54642
434604
272367
16426
109655
439440
135554
546288
436338
631957
591162
11108
389638
533549
108029
369373
507680
475896
418416
182255
522632
519385
481466
268728
596572
655198
517216
209983
489132
184211
721234
432996
518249
269665
528385
369581
2012
654611
490415
116448
515487
406475
597656
410817
531371
535192
121489
591518
467554
213534
520245
369123
118474
171626
464971
641872
486189
479214
27693
497443
462598
591680
417962
467807
418175
690871
386225
26047
125898
415117
592313
497589
438016
12513
155742
443061
21590
13885
637001
5062
406520
130036
150837
184736
303649
347535
573495
75348
337766
14248
120058
125867
438227
352341
6314
381061
732666
474978
167535
203772
463295
632089
44693
493791
204475
491988
105460
379018
183702
743328
512867
743264
156178
534516
247186
473583
527874
592566
673029
28872
489824
350848
283739
152774
195364
164070
289123
135904
647594
731853
743285
632466
604551
535319
237480
149360
162868
276315
88251
351475
643683
14511
658405
512592
462971
368433
712598
428446
75819
584940
500409
78060
743253
554762
21454
731969
181301
502314
533526
655006
46679
436568
277677
101174
528335
298863
522805
418055
597755
591405
177557
435933
467751
323489
2556
593920
82045
480506
568247
272630
352018
369168
386684
84549
501149
288741
429
551713
518795
415950
50098
437594
201083
521973
412019
94790
521151
274873
175043
522572
653163
509791
388236
435052
720143
109052
531962
179309
475125
408073
292457
435012
24054
709581
253146
108969
2057
22146
370421
524502
194148
435714
444986
523080
237506
719930
535094
632296
446146
387208
530251
462946
533644
370292
192103
270
648612
483494
655277
192326
351099
92858
514685
657131
171825
459538
82890
368359
591198
234898
119251
632515
522500
518460
213394
741316
180946
720376
433759
657569
274402
36959
182698
533282
471207
2128
591559
465374
518774
606200
292493
515427
515890
133998
183428
602528
714250
440320
433670
466296
516023
76686
258212
160211
5268
593928
181244
187694
517546
3989
180141
406277
437365
2030
529798
741598
240053
65029
12341
42400
14317
19699
374127
169611
20395
591668
445999
276770
82327
591967
495039
87194
632191
226755
26837
732031
191346
743346
492859
286145
496323
20013
269512
499925
335788
631654
493668
15250
515879
370770
499042
614787
445052
591171
567342
654636
234521
11125
741413
655179
530902
146978
444451
558296
444200
84928
546289
79088
62185
103555
408458
314359
347187
166924
279806
302742
510078
351335
527971
518773
699247
502876
108104
731923
240770
513083
522373
104925
595071
591928
435512
12107
439312
461819
200022
284284
126248
532634
172755
654475
520313
20157
171280
713535
513734
534255
536474
149991
741156
444349
741289
515848
615360
530311
474584
655143
523045
195667
524590
148970
201978
148427
85155
515634
11042
9997
532824
518475
445403
524838
170568
632252
516802
567438
597057
405156
508725
154654
733579
518060
727652
368647
727580
479766
632339
90875
355177
282326
332422
512156
731928
655387
262480
274361
397638
145575
567457
300141
333823
473370
660675
654572
213198
227253
356766
191734
212511
29403
150580
397705
63788
435039
661888
632310
743370
655327
712617
494406
525462
699841
591922
30258
534641
185674
507243
656657
408018
441664
644628
654401
382212
730734
376933
605445
280378
535389
144795
363558
100058
290758
372616
512815
33455
180142
333427
16803
66048
367842
202354
513247
159306
621200
369089
270291
594634
489142
529439
79299
513695
709182
654399
515876
521086
532164
596164
1197
514451
15591
152944
503093
221737
471783
524250
509226
487027
191987
77367
231616
56782
593339
46700
105887
460336
533624
581320
654549
654652
433728
123107
632731
8102
66915
79081
75256
61271
181300
59719
655688
108301
22587
336916
2853
110445
650365
182215
274772
117167
7101
470996
524138
500842
8059
466714
145230
370254
1063
730678
160411
502793
39925
128433
128959
88663
153961
496267
437444
370408
85539
525093
443258
106909
371249
462913
434989
55847
512607
513626
743233
6909
12409
507584
59804
517034
507260
602757
527105
486483
212838
516707
484047
11110
526665
626311
459573
384598
90073
515860
35052
187569
414418
485717
557097
443731
47668
116459
498569
115838
556296
46894
102798
444279
122926
467824
743509
31917
279929
380138
355643
421907
531251
735127
75724
127432
77897
500643
353013
533192
308122
437755
472437
291196
109059
458313
564847
477128
503297
280130
135646
4944
656112
315369
227777
221873
632554
309763
591767
691948
518346
17546
416358
340623
433068
282702
632385
35198
534562
448229
514806
463642
269211
411501
515840
283749
78989
627414
653265
339278
511138
406549
904
740394
513058
483305
415299
123119
297389
491351
503438
644125
518438
477028
631639
406515
438219
442657
125213
458657
131711
593973
301804
553497
18442
160565
356190
513242
714231
518450
34314
501778
433668
458312
369761
127535
505676
162659
472024
49367
524367
221597
522255
515412
740488
661684
707428
592944
586193
433291
632438
370140
698120
106876
213264
528305
152173
412482
7739
463426
434875
470477
719925
497353
285051
643548
42644
343873
109439
479747
740597
446641
435290
661425
410965
163893
743475
180877
517670
731774
646490
124951
433791
362806
20848
534770
142442
487635
444536
156171
517148
534456
186649
740577
202686
421245
356742
131489
375616
157659
445892
631593
396566
597434
522530
535711
276878
654653
171501
472852
356440
197043
715494
655332
743380
612096
516539
410477
418533
501293
632708
308074
30619
705323
387679
558351
25313
282376
513490
743312
516075
416049
190520
194816
643436
647371
517864
82961
379386
509165
485527
401842
650680
445489
719935
349979
656696
279640
499839
520967
655785
324844
529400
488236
462833
247077
519718
169358
434241
108080
173724
283402
472010
743224
462663
467284
485139
108408
257664
334370
371823
549877
632282
529989
534040
198760
631988
5333
743812
713623
522090
2178
193842
463300
468702
729366
483209
731569
642715
696428
655321
349470
515474
743238
434900
530653
477475
730672
633601
75823
34560
482038
546283
370605
647086
592289
555927
374503
82316
9003
499725
370581
79110
436896
515255
154023
10784
286221
133968
330384
316931
249600
494312
531713
363603
410026
519909
497788
704031
98170
570791
644056
741164
504620
433732
731539
106650
234434
644906
654439
657355
594417
195710
201340
468140
5662
615131
7277
250899
631680
368934
436068
156367
7195
422662
464733
632120
740477
502775
148685
323562
356467
524425
591768
153934
5719
111577
743251
209151
471975
12813
579928
144372
310545
232543
478469
489118
515517
435342
13034
443960
585374
481898
727543
730799
591047
632495
474397
69594
516904
477700
459790
130491
75275
85195
203691
27695
705699
421257
13645
577281
445203
442378
439200
61441
591024
523185
105818
5741
631604
202424
12248
146668
741171
131431
132753
444329
290873
517249
471096
502528
410406
417795
288936
731743
389996
83286
249441
6232
483136
471818
510324
532790
567235
167317
75117
706662
197320
63489
487536
654473
480701
704366
199593
248149
172884
479670
515053
592269
620701
586683
79276
19322
188614
120
356270
631749
591156
356545
494567
709417
459211
591923
183706
521487
462323
145519
464472
741308
605143
82927
654815
120949
621179
381126
87752
427202
137510
515162
454528
666524
247460
415209
374650
180346
591061
427284
432984
530687
644105
503315
703523
732239
743221
335551
517155
494977
145061
124776
591063
44402
527751
549751
511768
464572
467192
308418
509008
168132
439381
25348
24135
655138
705692
10846
655369
516855
125113
24030
643566
436657
743272
500419
6829
515472
81791
498313
298023
195642
199625
709066
144835
470479
129673
512636
432562
59425
514116
720286
476680
269775
487510
476402
74471
8986
531064
532786
25292
497183
59159
658612
77060
235935
720066
570274
406238
485262
597216
654609
22960
546271
628599
282901
48348
388116
125503
513871
523835
99052
43322
477547
133892
343522
514870
558601
248572
520070
134665
75318
505729
426704
21945
406135
468972
79335
507769
604588
487540
433722
500007
643658
644326
733403
436401
516866
726477
240170
655088
741427
643540
480190
498740
465475
388645
408257
309090
518244
79322
411300
438709
529059
584748
317340
90061
741204
158932
121663
591185
475663
502244
443057
379548
592134
396740
743397
98541
532359
481836
420796
111779
732877
743404
118845
227729
251531
220963
522378
510402
309288
518265
435369
378836
438872
173030
720030
533237
433540
55682
462379
586174
610137
704983
462590
591530
424126
288981
388654
481022
508545
513954
658676
438231
654630
731127
709906
523302
416735
354013
651905
177530
36761
213389
7884
265174
446588
591633
520494
660757
524464
245540
181042
300624
726270
462316
522863
503716
114246
564533
654773
155396
458487
284122
380089
474213
279580
193133
173679
515550
484363
124156
733448
61345
271876
443121
743245
647074
42194
530734
37311
465413
212046
156540
270303
446852
743230
445652
426410
348411
520898
2171
139120
656558
17719
12723
571177
169815
716464
643005
429608
440168
233952
479971
509736
362728
27373
598832
474436
38085
413045
643610
380118
728759
25130
9383
655329
703237
7486
130774
471751
719042
713742
656931
516646
514470
436650
655450
83722
507805
136102
431101
519557
656271
515688
327631
157394
529438
632592
135978
97997
26136
464336
74405
501023
184877
368866
176977
483564
511425
154495
303609
712666
132257
158688
644352
180711
406300
591294
294005
731824
477083
492407
567229
643536
444157
369052
348531
644802
120844
99819
190968
447877
515432
643030
741177
708076
518530
529053
256639
523262
534346
350268
159556
474233
445497
490224
477126
381219
510635
356216
657345
368912
534847
279061
655743
348921
110839
645295
741218
297304
205163
529846
709893
31053
462492
127897
495349
220864
633509
418668
90436
351296
704511
507948
533287
449884
134974
645028
75813
511757
531111
412586
87159
490203
191518
655284
492333
292026
430849
386390
184927
80343
200250
655921
443625
271341
591242
465295
534453
279669
471119
189716
607819
461117
700632
514920
445803
577426
130917
388004
743235
523438
23956
268942
517338
523332
373763
618145
387207
578973
132342
315230
92033
370937
6191
405610
162032
503546
713564
77876
87295
729418
518727
409965
421576
488282
409934
5912
260855
271643
153563
122363
152337
14623
654544
99821
731413
719465
310225
491577
381189
740377
732228
224008
86131
32374
17860
177861
165195
584881
15961
446271
567582
505004
558528
54957
532019
127310
546285
743319
124638
258314
147950
11417
9061
744
571835
595333
444749
389649
80919
465337
347270
118725
732358
438429
528833
179986
403253
526630
661254
75528
555731
269471
416998
98117
496459
522640
108112
445981
446427
364544
356061
114412
515867
467637
90303
657356
440525
90297
89655
584782
471851
532082
743248
372331
292451
631744
180178
533273
105269
525324
716733
14745
696211
572993
532749
469030
10056
380973
371720
372679
98475
54941
332706
731917
446309
503787
514373
462640
15200
709320
533878
15977
438236
627078
520094
655056
37288
32973
449609
198612
599470
741422
126905
369068
372003
78183
507122
78944
591395
8526
195471
522147
211475
293653
500512
512963
274135
597933
327736
664469
655782
288229
163776
309069
514303
161000
567968
470369
274422
240845
307096
517603
388739
99949
632144
355581
524731
519972
50130
9857
727344
499209
591095
458367
277704
515032
594839
645517
494875
287758
255932
282975
59214
372309
351875
154494
437191
334534
498317
524498
76244
541894
645288
400295
502302
9527
581171
643452
29464
333526
268742
413359
654824
647659
169330
488478
199743
443661
631827
713173
7122
654411
24301
433901
112318
658402
491737
368264
515371
412484
334612
524009
240
83758
83347
297967
110675
519337
275775
109051
740407
489988
520973
603732
75864
20315
535873
406096
302287
516632
151134
435302
731646
298089
3094
696146
487360
605388
303980
170986
406068
74050
397729
157035
390667
462693
469022
162233
23158
714302
80986
502915
356873
361323
478407
9589
506852
507910
356050
470233
372286
28491
48924
170479
85863
406510
363492
644000
86320
15106
371889
440955
501200
97858
546261
573153
356578
313
654562
6917
80658
713131
491745
642660
647075
609336
335079
479754
657412
438289
644633
552129
443577
273397
104315
534301
408236
632398
514107
155017
158427
124953
270428
77221
462086
177275
406917
500197
743324
299878
597035
525238
743407
484738
130293
731825
515271
654858
150651
654616
371718
437039
529044
445814
432674
530595
500645
381123
721470
467740
534373
160786
508848
710546
463278
530698
533770
460857
460355
400740
448697
743254
718510
445570
458320
600547
517962
462998
643600
410977
208680
655169
30570
515951
473296
372031
201398
429819
34906
656466
656699
523463
485557
508514
522616
513244
396644
476365
631582
511251
505652
552781
75527
36794
719847
621695
188553
365706
509258
159130
27935
706793
121233
488827
368527
569361
505735
25422
592184
398093
472497
277937
283652
263671
517949
101949
741226
508010
136235
504670
632772
22867
531818
696231
703889
521212
199343
380250
104613
412117
514016
530314
474010
525307
7921
368592
607928
111554
727669
318775
32984
740452
731668
16059
6483
477866
584852
654502
523299
591849
180414
304792
14945
62661
594084
596704
280741
472471
386989
440497
373741
77318
24643
654465
477869
16004
518525
246310
491060
432121
516578
524899
487774
190495
10848
433222
444982
740619
718516
658626
437178
517145
132760
560805
194329
24950
489309
500921
442609
654447
311640
237536
300559
132858
155827
23581
720653
146180
30280
242458
320823
477693
534365
282982
466662
20447
157401
731633
606916
518464
650650
380027
1395
446091
188634
440263
62275
368226
356377
405410
647056
37058
212172
172550
522555
460468
448588
514402
298248
438489
193516
526521
78888
375707
412587
425311
87889
464419
520287
571037
567725
445498
504687
17466
675564
592347
474949
122927
519523
515183
490510
260750
1581
413482
654922
168762
31431
456507
268787
501345
371021
4096
520348
522350
634506
431417
161008
592605
525781
546292
532815
270851
23248
75969
440968
533712
407535
631602
23862
431367
369430
77854
309641
120323
114286
162121
517070
436792
460923
24598
188882
463456
726050
9728
202672
591122
534679
463035
633762
165859
114309
515243
124246
665869
686554
458401
74563
729135
414809
78224
422181
243564
446574
555910
82916
59761
35096
20107
467338
506985
168799
467408
449076
487562
532091
254414
464333
654665
246112
743295
356572
436996
498397
396178
257008
83114
455493
514474
654869
207459
490181
463041
443852
132499
155729
518414
150122
522357
660653
29698
42151
24088
289271
27059
169982
95835
511991
133331
743243
378103
407190
632326
438641
719895
578109
523811
273621
732438
177766
509343
380403
432485
632161
741305
631946
643433
699821
227457
169333
213061
26409
654646
9822
95260
408054
369675
87016
252682
658436
534330
478930
304682
523739
198072
460078
78601
40763
259605
151220
76662
269128
602319
154433
250959
436505
143766
125036
655348
12144
598862
34492
524214
445129
93659
531550
740420
154163
743301
132225
597516
542050
601055
446559
222494
535464
404706
310456
189445
743274
446445
149387
657336
43697
94672
106601
139896
21413
463569
18573
298990
492445
9701
532855
406335
407860
183232
743351
59368
241576
513867
611911
304613
440776
529317
4082
505412
480876
591960
443134
187635
434286
180919
520640
369091
487325
495471
570065
716081
658547
407580
75694
405590
591308
632804
461787
226268
38972
388927
4859
301350
32826
56382
5210
593413
494457
463466
489615
371563
259305
119192
248153
125960
642877
633165
333738
24601
210367
468878
42853
497220
489254
596514
369017
460960
632093
437957
135270
386470
37616
423968
516034
743393
741182
501140
444360
301540
632578
132161
115242
446850
69997
127401
50123
502883
713245
459927
368281
322462
567547
501890
502100
171695
647068
465885
559412
501012
21213
369265
367437
411925
730806
740565
408233
435976
420529
11590
290404
31845
193725
505653
660543
470804
643896
455109
485606
404466
530712
511477
186350
631717
514950
434255
128199
29189
656006
418581
110702
182825
479808
75914
654351
519601
646775
443123
195403
231873
370247
8372
287471
421622
381300
591874
496501
335391
405144
520740
479451
590080
591110
180909
292265
8360
497684
401835
334684
467084
355559
32148
131255
481235
584830
584884
191887
507290
584927
506997
523836
118964
513315
16003
709466
516746
43233
461379
510409
35524
517897
376046
>un
695965
660315
740598
596573
720852
479728
732934
728912
708989
622424
656203
713835
718983
608251
649954
594695
719439
654625
594321
671020
658548
406106
729023
654882
519738
488624
567846
610373
715779
741977
509666
710551
731601
713582
574666
706015
712829
655403
713846
741390
490273
598023
718605
523470
406191
643514
708920
707636
657290
732253
707837
662092
708882
335057
611057
5737
662084
36915
713211
593071
732989
732399
732285
665066
707173
601168
610766
594648
553493
656178
731589
554408
593204
665217
718479
658186
644924
595502
561472
501239
132005
78592
304818
732026
708256
356604
732799
731514
597618
290540
120075
58617
708178
563953
712781
595245
501684
291587
711854
569006
597496
592281
22302
553998
712650
708332
269546
644649
661963
26617
349122
733982
718828
694869
608181
708120
446345
658549
609454
567352
622495
710315
585854
658167
6656
714124
735541
575689
31037
649155
602348
655550
645344
596423
720289
713973
522995
709117
677630
731091
570422
662093
654902
660610
718462
713727
449604
679503
663896
662054
662095
370762
514690
345694
731443
713989
117961
730957
436594
731834
691845
644693
743463
386042
669669
735038
437153
707608
666211
449320
706143
593028
252040
658986
730307
743219
711070
712749
548018
732516
734930
732871
715133
713080
132141
675996
351851
370475
743220
735687
633059
93780
658404
506062
572607
706044
731430
702472
743460
655266
661667
624728
599267
708558
712842
405427
605155
556743
732685
658551
658972
710539
633271
595407
718742
731504
708840
713644
658963
660050
732036
633143
645643
660651
601465
732006
593087
743429
577323
598003
549633
657747
232417
594486
653622
696462
707338
596133
720350
481342
449621
658730
156316
560776
596272
594569
732330
660616
707389
476697
596098
634601
593056
708066
644697
648717
715932
656585
712678
731736
518424
691454
55161
601941
723346
713206
731580
729457
728430
644898
736416
658662
705523
668341
653450
193784
449114
131365
148901
635099
290550
638142
519520
737318
687438
610033
547766
592843
598192
656166
729649
706888
741772
708774
488433
654990
458395
597387
578984
472651
521782
674122
714933
664862
658618
710433
559833
592777
713661
473761
655575
732411
448226
705738
569206
701440
560050
700679
126932
387576
601175
511716
660209
556027
634162
741340
511724
660766
732891
706448
567702
738449
250816
700074
707288
707188
563304
205787
601129
433010
714443
534603
401218
649903
715900
708897
709788
498479
705536
570231
710953
660672
660615
725482
714206
649818
714301
547593
707184
707396
633839
603013
196509
633825
707751
690829
733220
655411
662089
595948
714894
714318
596488
675397
660805
561402
503584
597957
596692
664803
659711
48729
612604
107410
449574
701909
720606
723475
292754
720182
619193
146343
662091
740945
655579
720252
549268
634717
592625
553043
732905
592129
448879
715073
484769
276976
662745
458609
658983
697615
706985
732580
709018
595460
715735
740809
740931
700831
741205
573667
703723
742294
615945
700350
701247
703565
591538
712586
716727
682003
590908
672510
719897
655424
718642
604104
713223
546732
732508
528668
620204
587092
708472
742151
714487
662105
725304
743620
633840
447953
721219
632573
596878
213065
721953
666842
648510
743341
706070
732220
592455
224141
730829
707043
514118
658853
658973
701265
592185
561078
655987
633316
712867
670134
443260
633838
534584
714164
659646
713414
514368
708368
655691
356479
660032
655024
551176
701775
599033
656890
595408
707755
708202
703938
600840
713025
134470
662103
575546
480452
592564
145500
720702
708270
633497
702388
643727
720458
660674
148340
714913
633900
703770
658703
669119
702126
654891
563501
682303
479053
444785
654953
720867
722249
703632
693667
716791
599827
712738
732716
731852
557644
634641
596753
485155
594832
655948
664995
380956
645450
561638
599506
668447
694262
521817
567539
176655
732439
657019
656678
598749
708165
696574
741441
701250
527515
699316
695621
731460
602811
510745
570141
269654
592561
660709
86538
667028
640434
714865
512372
654763
715053
408497
713706
721343
701723
701182
645771
554024
633128
560705
733170
706171
99785
741268
675146
195058
632435
567699
714988
706576
694927
737060
733995
731798
534430
731478
708249
707733
319477
720510
658546
741296
664787
269895
708630
525888
708887
713370
701059
585199
597376
731653
733235
738452
536551
527076
656503
658378
708510
517207
731225
511728
634714
741178
660925
715916
585620
669748
633117
713158
648873
741752
702749
593184
599274
662117
700042
491779
584939
654746
658732
50319
732481
676897
656343
603714
570979
664813
656656
714048
512542
571042
700008
662088
495056
653312
731423
673609
709913
721052
429581
714201
570995
732009
713658
167167
591413
99528
597932
708426
593173
602616
662083
716491
653492
741272
713854
660612
504876
741516
446758
713601
624063
661536
712894
662090
551984
655656
685207
711544
726418
696712
727859
661649
702164
731901
644939
168162
633517
721107
391527
664851
733150
708431
97579
525894
613202
730849
120633
664057
598152
658832
729703
654974
715190
696583
696702
595378
706294
715338
592929
386793
728162
595164
705934
555895
585812
605365
675375
586618
699340
720597
654512
493767
699795
719698
597488
447213
433026
>part
>ku
>uu
446086
687175
541588
688051
687181
374019
687174
687179
687180
624060
193273
687176
624068
687173
624066
738063
687178
624065
493947
687182
624062
687177
624061
624064
639439
664807
677631
664649
664854
163022
660655
613186
658968
601165
613200
665240
658962
130344
652844
633455
539687
538558
660619
736138
677639
664777
35496
598111
591548
598087
601182
601108
544599
660671
664806
596589
208390
665216
535160
591059
677637
130348
596595
710502
613199
182145
613201
541072
613190
645822
634629
634715
523316
541708
677632
564534
582168
119816
279596
601104
665215
634604
543459
634627
658501
677638
634716
658403
596238
596567
601032
544471
664762
537598
601033
538783
601094
568140
677629
570170
613187
677647
664761
120128
613188
665222
539602
541779
121224
633845
545269
677624
664763
539690
736139
677640
564061
634645
664857
658954
598090
538398
652845
598097
130343
677648
575789
601172
598088
601458
601169
121231
601097
102310
601106
658966
566946
562282
613213
290516
664808
664648
542937
582724
580461
733234
601126
665214
176654
601170
666569
114035
660673
660652
601125
>kn
201978
449278
148427
85155
11042
9997
532824
249718
518475
133337
445403
36053
632252
170568
516802
434937
567438
336810
405156
154654
16355
518060
733579
594307
727580
368647
532375
9234
90875
282326
512156
460459
731928
490684
706355
484551
504877
283844
655387
238990
657296
486993
412870
262480
546287
274361
491223
397638
145575
743252
333823
660675
258855
654572
213198
731854
227253
356766
158497
124126
191734
212511
29403
16130
150580
58488
397705
435039
63788
661888
516954
431279
712617
494406
619315
686171
400095
185674
656657
605153
441664
654401
580300
501991
82793
712658
376933
601562
280378
528664
144795
363558
162777
6421
640836
100058
290758
512815
446429
322430
33455
333427
469473
66048
531856
513851
83753
513247
584905
159306
408324
148641
20716
369089
368078
270291
594634
515259
75243
489142
740573
53454
709182
437145
521086
408577
254642
515876
567542
740494
596164
1197
134816
510407
99913
514451
15591
2719
655455
494691
33642
288655
221737
471783
509226
191987
487027
272759
231616
518236
56782
503597
436913
46700
13852
79411
460336
533624
581320
654652
526432
433728
519162
654744
632731
546269
8102
66915
514051
61271
144468
655688
390250
108301
22587
525006
643531
336916
2853
110445
631923
523054
650365
182215
117167
7101
180933
190722
524138
497349
500842
8059
466714
145230
278573
370254
731513
532921
1063
486548
595669
730678
502793
39925
153961
496267
437444
370408
85539
741382
248267
525093
443258
632717
371249
513646
55847
512607
631535
413416
12409
507584
507260
517034
593985
527105
486483
333503
212838
516707
444213
526665
459573
384598
729163
90073
515860
35052
187569
209249
69293
286131
48297
433701
414418
485717
557097
47668
116459
498569
632313
556296
444279
467824
279929
471441
370504
468801
633514
54457
355643
421907
495851
440364
531251
430075
472330
373498
443914
75724
472877
500643
533192
308122
472437
503692
516111
41045
78880
721279
109059
145442
91747
731481
458313
564847
477128
289108
661785
503297
728790
503878
62886
135646
4944
227777
348418
315369
740398
468442
221873
13781
632554
309763
524271
65750
113823
6874
502208
645792
17546
416358
657058
523702
239181
340623
434494
654952
269577
282702
274531
632385
66713
534562
448229
520710
514806
211929
109731
172753
514196
436410
662094
517352
82548
21162
12109
515840
112668
372378
29725
627414
339278
653265
592490
475733
655061
284292
740394
513058
375766
415299
483305
297389
369624
491351
471452
81848
518438
477028
3903
597915
500721
406515
368160
104879
489040
442657
125213
522891
458657
648744
250758
78089
586423
89545
593973
652114
173135
301804
553497
481704
160565
503047
515846
356190
398157
119693
12333
513242
162458
518450
607212
356285
34314
369761
433668
75069
85951
77961
439894
311187
162659
505676
94949
199561
483296
709336
677623
524367
522255
449628
221597
380953
515412
743229
661684
740488
24889
707428
586193
73986
592944
433291
436803
632438
698120
213264
106876
298280
439815
528305
412482
7739
434875
470477
511915
512464
497353
200668
285051
82719
733663
644306
643548
42644
620391
43744
414579
343873
109439
7910
479747
446641
740597
110571
435290
370365
410965
163893
516153
134013
591443
731774
517670
278362
180877
433652
125056
462392
20930
534770
142442
504609
714076
534456
186649
740577
534375
421245
356742
495656
375616
486410
634380
501114
631593
396566
535711
522530
20225
654653
472852
171501
356440
415342
715494
197043
351461
54649
516505
3192
497391
301463
654826
612096
731659
440049
516539
520063
521461
437894
642618
516217
729558
501293
632708
655123
30619
584921
558351
292882
25313
631616
499941
743218
513490
709914
472564
416049
525105
113150
190520
466471
194816
522384
647371
379386
700344
485527
546291
401842
514489
656653
277035
445489
719935
512856
349979
656696
279640
411308
499839
559456
520967
655067
200227
655785
324844
529400
469944
741412
247077
656685
169358
434241
519702
173724
108080
250905
430425
283402
458482
743224
165636
467284
334370
371823
729302
549877
743237
529989
407368
534040
198760
631988
5333
482491
509523
62604
100874
522090
193842
2178
458412
463300
468702
729366
483209
642715
731569
521640
696428
304362
655321
349470
515474
492740
640783
743238
434900
477475
530653
730672
633601
75823
555973
34560
532768
482038
546283
370605
647086
656619
9003
306221
82316
735651
534598
58471
79110
436896
515255
154023
10784
286221
133968
177841
370510
330384
523829
249600
494312
531713
519909
529100
100890
497788
132513
555866
704031
98170
488171
644056
741164
504620
655108
82794
731539
234434
521903
301419
654439
657355
422676
195710
743287
468140
5662
615131
7277
626404
631680
250899
436068
368934
156367
7195
71040
502775
431048
148685
524425
591768
743277
5719
153934
111577
743251
209151
471975
12813
144372
528780
310545
664786
232543
478469
515517
435342
443960
529571
643544
730799
725787
559426
522493
474397
632495
69594
740414
477700
516904
333579
459790
130491
75275
634244
417004
516114
203691
85195
27695
705699
421257
524630
488877
4988
577281
65641
145284
439200
107387
61441
636480
591024
523185
513457
596136
105818
631604
5741
12248
146668
132753
444329
729158
465924
54673
290873
59106
498292
471096
502528
410406
370895
389996
288936
731743
295732
617342
482144
659565
23642
6232
37916
483136
471818
254042
510324
520636
532790
187873
567235
75117
167317
706662
520133
63489
509765
197320
502769
487536
654473
602037
148078
483036
239631
199593
248149
127610
172884
632273
201379
515053
592269
523504
586683
79276
19322
655242
120
516853
633137
591156
446149
356545
632226
709417
111099
459211
591923
183706
568209
521487
462323
10941
411490
10326
464472
741308
288178
5308
434102
82927
632184
654815
423734
196983
621179
381126
87752
427202
137510
515162
454528
743297
728928
415209
431317
180346
432984
530687
464779
170156
706016
703523
523696
355934
334832
12865
743234
409223
632314
405662
440544
518731
435661
517155
494977
145061
143736
124776
98564
371617
633817
656515
127249
527751
81874
43666
175473
294147
549751
730768
531005
511768
467192
308418
509008
446079
105891
439381
211594
25348
709461
24135
713548
315186
655138
656905
221436
10846
516807
655369
516855
504096
372840
497599
511801
643566
164303
436657
440382
194709
467279
6829
515472
372914
213470
743240
178305
278569
195642
199625
111632
181444
709066
110695
499594
144835
647421
470479
15580
25425
514116
514802
632471
706229
269775
476680
517419
260603
487510
203910
530791
75798
74471
740386
531064
25292
172510
532786
529631
442498
658612
632232
18946
77060
649307
720066
724025
404119
570274
485262
597216
22960
370102
125503
533771
28465
513871
523835
99052
654848
44017
109778
15738
477547
514870
676266
523215
558601
585799
534168
517436
637685
248572
634632
134665
520070
75318
505729
568340
571841
172944
631657
1437
21945
406135
468972
459590
79335
24684
507769
445351
592292
534322
433722
487540
13305
500007
643658
720076
644326
485130
436401
520814
170622
369397
481571
516866
403917
240170
726477
643540
465475
498740
408257
70312
380094
309090
79322
411300
5120
502948
438709
53066
529059
350966
147953
584748
517888
741204
407995
158529
158932
121663
591185
172685
159376
502244
596756
379548
592134
662085
60339
98541
532359
475392
31595
269990
481836
26229
295917
420796
477315
106432
111779
535731
129634
732877
433951
118845
251531
227729
529901
220963
522378
740511
309288
35828
438872
440896
108957
720030
522114
712555
533237
433540
55682
80539
462379
731784
534613
523456
163867
12084
584833
1706
462590
518203
444467
424126
29665
388654
664380
658676
513954
523936
334
438231
655325
406062
271135
515642
654630
709906
731127
416735
177530
651905
389107
36761
7884
155090
731863
265174
525600
591633
446588
284295
657083
524280
514819
524464
460924
303669
102914
435941
368525
726270
412311
355927
114246
564533
501280
654773
155396
10842
284122
458487
515092
598297
430733
144949
380089
279580
474213
173679
3530
183958
75307
525196
515550
484363
513313
124156
127138
76152
522817
443121
513984
604001
530227
37311
465413
567828
510328
321541
156540
270303
480938
406492
446852
743230
445652
516874
426410
159188
348411
2171
139120
656558
461988
254097
465645
12723
34114
571177
169815
716464
440168
429608
728802
56876
233952
176503
516711
512676
339639
525626
483454
509736
274416
103527
282410
27373
598832
488051
654441
38085
478153
413045
643610
380118
425125
9383
135471
703237
7486
31532
130774
506458
146339
592182
420559
529782
435948
465744
713742
5009
75199
546299
514470
419463
743438
436650
645009
204449
655450
104320
83722
54471
136102
46446
519557
292524
656271
515688
533977
327631
157394
479634
529438
106529
97997
135978
26136
196102
464336
74405
184877
176977
233363
483564
154495
303609
277517
18349
491734
533732
530003
158688
34871
180711
279887
406300
591294
280342
294005
88417
116877
477083
618732
150557
520048
492407
389700
26870
2420
567229
403187
534404
643536
301412
75360
476319
444157
369052
348531
79015
714608
120844
190968
99819
515432
643030
741177
701892
335614
26612
708076
518530
643497
256639
157031
523262
726290
695681
445036
130661
534346
569438
643267
404321
474233
446017
381219
194692
657345
534847
279061
232618
714477
695
110839
645295
741218
458747
205163
470412
529846
31053
462492
290551
19196
603111
495349
220864
560655
463148
418668
90436
351296
465144
153648
704511
27222
21754
524390
449884
134974
702168
75254
515477
732048
75813
359698
524828
531111
441072
412586
87159
490203
191518
655284
292026
434289
464137
386390
6551
546298
491232
288974
475506
80343
21380
200250
59486
271341
460109
475812
465295
534453
279669
522401
500598
461117
514920
577426
7946
388004
743235
523438
23956
268942
503165
517338
101014
618145
741244
571886
578973
132342
315230
92033
370937
6191
405610
503546
162032
77876
713564
729418
518727
527982
474005
470907
5912
300816
260855
246506
571874
368944
271643
153563
122363
524219
356502
66196
654544
99821
505905
731413
719465
472558
367900
523454
491577
381189
349656
740377
732228
520943
224008
86131
32374
17860
656617
177861
685225
732212
165195
632762
584881
15961
477789
446271
567582
505004
54957
127310
145605
546285
743319
124638
258314
11417
147950
473231
9061
571835
595333
485899
73722
9788
731454
512934
465337
347270
631636
118725
732358
438429
528833
179986
403253
485871
119598
661254
352656
555731
272299
632401
471156
269471
496459
522640
445981
167750
436350
446172
446427
437060
364544
591815
97887
356061
263812
741157
515867
467637
268939
350927
2210
13768
90303
657356
659481
440525
90297
307913
89655
740445
515351
647051
584782
387567
272375
523370
569831
471851
743248
125300
372331
292451
36587
631744
31854
396358
170835
533273
706674
435836
75890
14745
527412
434232
337040
272168
136905
572993
23172
532749
89499
570562
10056
741263
436977
447458
97044
654863
54941
491172
437277
433863
117835
503787
444225
106212
657604
256526
514373
709462
462640
78771
709320
533878
515714
98553
15977
651219
31498
438236
81424
224171
520094
37288
129452
32973
198612
74576
599470
741422
372003
500066
555902
505326
78183
507122
591395
740441
397609
411488
8526
195471
465433
432491
522147
211475
293653
534538
274135
597933
327736
664469
153444
500736
113577
277154
655782
356799
288229
163776
18861
309069
514303
161000
274422
477155
240845
350194
388739
250723
252713
513043
544577
524731
440599
118076
131740
594338
368084
50130
9857
254406
435237
445890
509163
591095
23876
458367
502823
277704
515032
594839
645517
504895
356697
494875
287758
282975
436922
591692
351875
437191
334534
469820
498317
34136
524498
118354
76244
541894
645288
400295
23918
29464
374596
333526
740473
406134
268742
654404
659104
413359
654824
40966
647659
379191
169330
488478
529592
199743
162852
718438
7122
162200
654411
523443
178551
194157
255935
61472
24301
433901
112318
658402
491737
657543
515371
524009
512894
286192
514581
416089
268849
292549
83347
297967
110675
109051
275775
740407
489988
193566
443891
520973
603732
201921
75864
535873
406096
302287
20315
151134
374485
527119
731646
298089
3094
485208
495984
147492
696146
403436
487360
605388
6396
106510
448518
511756
731417
371609
449909
732291
406068
84190
504003
157035
390667
170422
462693
656790
162233
23158
80986
654482
525391
591177
502915
533709
356873
361323
426296
9589
267446
183994
270525
464391
632267
3745
356050
470233
304376
108332
28491
60300
655643
479119
85863
406510
632254
86320
591384
15106
371889
440955
101807
86368
97858
268530
546261
707916
573153
356578
463439
313
6917
74368
713131
306764
642660
647075
609336
335079
657412
438289
552129
104315
194718
61960
514107
234478
124953
516994
524085
462086
412370
157160
287664
380081
22488
406917
500197
743324
299878
597035
181163
523238
743407
525238
484738
130293
515271
24719
74647
130438
78518
527989
129895
371718
445814
486360
530595
533122
7001
189781
381123
306291
438953
500775
437638
467740
534373
531106
160786
527021
508848
710546
743231
463278
77558
354056
446357
71787
444472
533770
522699
460857
514227
194392
448697
743254
445570
458320
421509
462998
431307
513267
535378
643600
410977
208680
655169
156352
260720
529340
631741
491494
30570
433529
473296
372031
201398
82201
656699
656466
523463
9613
411847
269408
406861
662086
437366
508514
522616
513244
631582
396644
483948
8715
505652
524910
621695
634882
119882
188553
22399
365706
159130
27935
706793
112195
121233
61418
516157
475387
504517
488827
368527
569361
368542
25422
504352
264887
592184
631549
263671
283652
517949
741226
632772
269059
726012
472737
431668
22867
743236
531818
406423
235390
696231
703025
521212
137556
199343
591140
504765
121432
412117
514016
632918
530314
474010
533719
477273
525307
658169
7921
607928
727669
111554
318775
523004
32984
275865
515210
740452
731668
16059
523855
584852
497816
144744
129095
654502
37883
304792
180414
486354
14945
445030
279652
522484
655378
594084
472854
596704
95600
280741
515329
386989
81131
84244
406683
654422
18631
373741
495674
77318
24643
16004
132314
246310
518525
433442
405880
433615
491060
547172
432121
524899
487774
10848
433222
268675
535762
444982
495989
200100
718516
184492
437178
731827
517145
132760
560805
370312
489309
8036
654447
442609
643552
492314
311640
237536
356331
132858
155827
132599
696735
580464
719906
733239
164060
720653
474049
514468
527861
272367
477693
282982
439440
135554
466662
20447
731633
546288
436338
606916
631957
518464
380027
446091
188634
440263
389638
108029
368226
507680
369373
356377
475896
182255
522632
37058
519385
647056
481466
268728
212172
172550
522555
448588
517216
514402
209983
298248
438489
526521
375707
425311
87889
464419
504687
528385
654611
675564
474949
490415
122927
515487
515183
410817
535192
260750
490510
1581
591518
654922
168762
456507
31431
268787
501345
371021
4096
634506
213534
522350
431417
118474
161008
171626
641872
525781
546292
532815
486189
270851
440968
462598
631602
533712
369430
417962
467807
120323
418175
309641
690871
386225
26047
162121
125898
415117
592313
12513
155742
443061
13885
5062
406520
460923
24598
188882
726050
184736
463456
202672
591122
463035
534679
347535
633762
573495
124246
665869
120058
458401
438227
125867
352341
6314
381061
732666
74563
729135
474978
414809
463295
632089
78224
422181
446574
44693
555910
82916
493791
59761
20107
204475
467338
105460
467408
379018
487562
449076
512867
464333
254414
654665
473583
246112
743295
527874
436996
498397
257008
396178
455493
673029
28872
514474
654869
350848
490181
489824
463041
152774
132499
443852
164070
289123
150122
522357
660653
289271
169982
27059
95835
743243
743285
378103
162868
276315
643683
88251
14511
462971
368433
712598
428446
75819
523811
273621
732438
509343
177766
78060
500409
743253
554762
380403
432485
533526
655006
632161
46679
436568
277677
741305
699821
643433
101174
227457
169333
213061
528335
26409
9822
95260
654646
522805
408054
597755
418055
87016
177557
467751
252682
323489
82045
593920
478930
304682
523739
78601
352018
40763
386684
369168
259605
84549
501149
269128
602319
154433
143766
655348
125036
598862
34492
551713
524214
93659
437594
531550
740420
521973
154163
412019
94790
521151
132225
274873
175043
522572
597516
601055
446559
388236
535464
509791
404706
435052
720143
109052
189445
179309
475125
446445
408073
657336
24054
709581
253146
2057
108969
43697
370421
524502
94672
21413
139896
523080
463569
237506
535094
719930
632296
446146
387208
370292
462946
9701
648612
407860
183232
743351
59368
192326
241576
304613
351099
92858
171825
529317
459538
4082
480876
368359
591198
443134
187635
119251
434286
632515
522500
518460
520640
369091
213394
487325
495471
720376
274402
182698
36959
533282
658547
471207
2128
75694
405590
591308
465374
518774
632804
461787
606200
388927
292493
515427
515890
56382
32826
183428
602528
714250
433670
466296
494457
463466
516023
76686
119192
259305
248153
5268
593928
181244
187694
517546
3989
180141
406277
24601
333738
633165
437365
529798
42853
468878
489254
741598
596514
369017
240053
65029
460960
12341
42400
437957
14317
386470
37616
135270
374127
423968
19699
516034
743393
169611
301540
591668
445999
632578
132161
82327
446850
115242
127401
69997
591967
495039
502883
632191
713245
459927
368281
26837
567547
502100
501890
743346
171695
647068
465885
492859
496323
20013
559412
501012
499925
335788
21213
411925
631654
493668
740565
15250
515879
370770
499042
408233
435976
11590
290404
193725
31845
567342
234521
654636
655179
11125
505653
660543
470804
444200
643896
455109
546289
62185
103555
530712
408458
314359
186350
631717
434255
128199
279806
302742
351335
527971
699247
502876
110702
108104
182825
731923
479808
513083
75914
522373
646775
595071
231873
370247
287471
8372
591928
421622
381300
435512
591874
12107
439312
461819
496501
284284
126248
532634
520740
479451
590080
591110
180909
654475
401835
20157
334684
171280
467084
713535
513734
355559
32148
741156
444349
131255
481235
191887
741289
584927
507290
523836
118964
615360
513315
474584
655143
195667
523045
16003
709466
516746
148970
461379
35524
>un
660315
690829
655411
662089
596573
720852
595948
714894
479728
714318
596488
708989
622424
660805
561402
597957
596692
656203
664803
659711
612604
713835
718983
608251
107410
701909
720606
594321
671020
658548
292754
729023
619193
146343
662091
740945
655579
519738
549268
634717
592625
553043
732905
592129
488624
448879
715073
484769
276976
662745
458609
658983
697615
610373
706985
732580
741977
710551
713582
574666
706015
712829
655403
713846
741390
709018
598023
718605
595460
715735
523470
406191
643514
740809
708920
740931
700831
657290
732253
707837
573667
703723
742294
700350
615945
701247
662092
708882
611057
5737
703565
591538
662084
712586
716727
682003
36915
590908
713211
593071
732989
718642
604104
713223
732399
546732
707173
601168
610766
732508
594648
553493
656178
731589
528668
620204
554408
587092
708472
593204
742151
714487
662105
725304
743620
633840
447953
665217
718479
721219
632573
213065
721953
666842
658186
644924
743341
595502
561472
706070
592455
78592
304818
732026
708256
356604
732799
224141
731514
597618
290540
120075
514118
58617
658853
658973
592185
708178
563953
712781
595245
501684
655987
633316
712867
443260
597496
592281
633838
659646
553998
712650
708332
713414
269546
644649
514368
708368
655691
661963
26617
356479
349122
733982
655024
551176
708120
446345
599033
656890
595408
658549
567352
707755
708202
622495
710315
585854
6656
714124
713025
134470
575689
31037
649155
592564
655550
145500
708270
633497
645344
596423
702388
660674
713973
522995
709117
677630
714913
703770
702126
654891
662093
654902
660610
718462
713727
663896
662054
444785
654953
703632
693667
716791
662095
370762
712738
599827
732716
514690
557644
345694
634641
731443
713989
596753
730957
117961
731834
743463
386042
437153
707608
449320
593028
594832
655948
252040
380956
645450
743219
711070
712749
548018
694262
567539
732516
176655
732871
732439
657019
715133
713080
598749
132141
708165
696574
701250
699316
675996
370475
743220
731460
633059
93780
510745
658404
506062
572607
706044
660709
731430
702472
714865
743460
512372
655266
715053
408497
713706
701723
701182
624728
599267
708558
712842
554024
405427
605155
560705
733170
706171
99785
741268
632435
714988
658972
710539
633271
595407
718742
731504
708840
713644
694927
737060
733995
731798
658963
731478
708249
732036
633143
645643
660651
601465
732006
593087
658546
743429
577323
664787
269895
708630
657747
713370
701059
585199
653622
696462
707338
596133
720350
481342
658730
156316
733235
560776
527076
708510
658378
596272
732330
660616
707389
476697
596098
634601
517207
593056
708066
731225
644697
511728
634714
741178
715916
715932
660925
656585
712678
518424
585620
669748
633117
55161
713158
601941
723346
713206
648873
741752
702749
731580
593184
729457
728430
700042
491779
736416
654746
658732
50319
676897
193784
449114
131365
635099
570979
603714
290550
638142
664813
656656
512542
737318
687438
610033
547766
592843
662088
700008
598192
653312
731423
656166
709913
721052
429581
714201
570995
732009
713658
167167
591413
99528
597932
593173
741772
708774
602616
662083
458395
716491
597387
713854
660612
578984
504876
741516
472651
714933
664862
713601
624063
661536
658618
710433
559833
662090
551984
713661
655656
473761
685207
711544
732411
448226
569206
701440
727859
661649
700679
702164
126932
644939
387576
601175
633517
511716
660209
721107
664851
634162
741340
708431
97579
732891
613202
730849
706448
120633
567702
250816
598152
658832
729703
715190
700074
707288
707188
696702
563304
205787
601129
433010
714443
706294
595378
715338
534603
386793
595164
401218
705934
498479
585812
705536
605365
675375
660672
586618
660615
699340
725482
714206
720597
714301
547593
707184
707396
493767
699795
633839
719698
603013
196509
447213
597488
633825
707751
>part
>ku
>uu
579346
624801
738451
539346
688246
624813
581377
688247
688248
735619
688252
709032
738450
688251
624802
580790
>kn
85155
515634
149367
681616
518475
105105
524838
596679
444915
9333
434937
567438
597057
439481
189780
154654
508725
518060
727652
594307
525549
479766
368647
727580
632339
355177
308628
531587
332422
504877
165465
238990
156738
546287
145575
567457
743252
300141
333823
473370
374950
213198
227253
124126
191734
150580
595458
469723
494261
550906
743370
632310
655327
248144
525462
418012
699841
591922
30258
534641
507243
185674
298658
408018
644628
501991
726427
201858
382212
730734
605445
535389
654437
70903
6076
372616
523789
408153
180142
469473
99120
16803
513851
253726
367842
202354
173611
20716
621200
635313
740573
513695
79299
529439
5324
654399
532164
1197
15591
152944
494691
503093
104650
91393
33642
524250
534527
487027
77367
593339
368240
117545
499264
460336
105887
533624
279836
654549
434980
532286
592591
430589
123107
58633
8102
711490
79081
75256
365116
734039
181300
144468
59719
187376
591777
182215
274772
719938
117167
470996
344151
389378
500842
125962
344400
731513
1063
160411
368254
88663
128959
128433
85539
525093
632717
106909
525518
462913
434989
409662
513626
277533
743233
6909
494173
732093
509499
59804
435815
602757
527105
333503
270244
212838
484047
401843
11110
626311
459573
35052
69293
433701
484588
443731
115838
406678
102798
46894
444279
467824
122926
743509
134650
31917
370504
368639
633514
598850
380138
735127
430075
472330
127432
77897
557550
353013
473152
437755
291196
743241
145469
377894
564847
655033
477128
728790
280130
62886
4944
656112
468442
191219
632554
591767
691948
430551
645792
518346
17546
523702
461131
80552
22634
433068
519794
153381
478150
35198
203965
437966
13640
12845
463642
514196
133421
269211
411501
306000
661076
112668
283749
78989
372378
592490
511138
406549
11916
904
513058
375766
483305
519568
591833
123119
503438
369624
491351
81848
644125
631639
500721
1908
438219
125213
131711
63290
586423
89545
389734
571246
516182
18442
503047
356190
12333
162458
714231
501778
369761
458312
433668
127535
77961
311363
505676
94949
472024
520341
727584
49367
380953
661684
647774
459106
8364
592944
370140
632438
298280
528305
152173
463426
278277
454830
719925
285051
482043
439620
661425
293077
444818
743475
472475
180877
646490
433791
124951
362806
20848
142442
487635
444536
156171
517148
436203
740577
421245
202686
74137
131489
521056
157659
486410
501114
445892
96885
597434
443077
276878
356440
12102
655332
743380
436429
440049
368783
516539
410477
418533
516217
42547
479396
632708
308074
123114
387679
705323
282376
743218
743312
516075
472564
77424
567367
493750
656274
643436
517864
82961
509165
152913
546291
401842
650680
411308
499839
503860
324844
518609
488236
247077
462833
656685
519718
472010
462663
485139
257664
108408
632282
743237
407368
514535
473117
143929
713623
743812
2178
193842
268515
642715
304362
371597
561815
633601
34560
482038
546283
592289
203099
374503
555927
350899
499725
370581
518827
154023
10784
370510
516032
516700
316931
528803
531713
387804
363603
410026
497788
132513
570791
696074
478275
386791
468415
82794
433732
518055
106650
301419
644906
8867
96513
594417
201340
492261
5662
727148
517265
76392
531081
654388
250899
156367
370858
464733
422662
740477
632120
323562
356467
591768
355570
438336
647109
434253
209151
579928
528780
489118
655684
515517
435342
593373
13034
445387
481898
585374
727543
591047
725787
69594
740414
459790
75275
268326
705699
421257
524630
485365
13645
12420
577256
442378
445203
487046
61441
523185
202424
146668
741171
125474
131431
143811
517249
59106
743266
504641
417795
387255
654591
83286
249441
159028
81328
510324
520133
63489
197320
22857
480701
239631
704366
479670
620701
204564
61265
79276
188614
120
356270
631749
446149
652183
467866
494567
75262
613883
743249
657347
521487
511605
145519
411490
654387
464472
461925
434102
718506
5308
605143
120949
84665
454528
632535
666524
247460
546239
374650
193557
432984
591061
427284
729056
656643
644105
503315
449585
703523
414565
732239
743221
500674
654495
335551
84084
372265
591063
44402
464572
591996
529094
229641
499886
168132
164682
211594
91448
221436
705692
333786
655369
669305
125113
497599
24030
436657
194709
743272
500419
503178
515472
213470
446260
81791
498313
178305
298023
199625
111632
647421
465224
512636
129673
509264
432562
59425
622504
175955
514802
720286
476402
75798
8986
439480
740386
529631
497183
59159
649307
235935
444569
250687
406238
546286
155085
538103
666439
654609
22960
368376
546271
628599
282901
511668
48348
445040
421608
731811
388116
28465
654907
43322
15738
133892
514870
343522
484188
558601
363137
534168
571841
426704
66708
192374
461178
24684
507769
445351
487540
604588
643658
485130
733403
656660
436401
503368
4997
420696
655088
741427
480190
356647
388645
70312
743330
309090
518244
5120
350966
517888
317340
90061
158932
435231
109225
172685
475663
502244
443057
396740
600823
743397
167115
532359
475392
480073
97644
170563
446354
496646
431092
743404
510402
378836
435369
309288
518265
223141
35828
173030
108957
386162
191186
631730
55682
275243
743362
610137
586174
704983
163867
591530
49853
518203
119298
743478
288981
533683
481022
533050
388654
508545
505154
271135
523302
354013
348883
200136
213389
525600
265174
660757
520494
514819
524464
245540
461253
181042
300624
522863
462316
508148
503716
43213
87619
155396
10842
524081
472165
124503
193133
77500
484363
733448
74034
61345
166551
271876
522817
743245
433702
647074
42194
591901
530734
604001
473341
567828
212046
389171
446852
74564
133512
643431
520898
139120
17719
9825
435136
643005
512676
339639
479971
517293
480815
509736
274416
164073
362728
158870
488051
654968
474436
478153
500483
25130
728759
655329
703237
439760
130774
146339
446065
471751
719042
656931
516646
75199
419463
42217
645009
104320
83722
507805
431101
519557
656271
29724
533977
496487
479634
632592
74405
501023
368866
595053
213424
511425
712666
533732
530003
180062
132257
644352
657750
280342
504908
116877
731824
618732
150557
520048
492407
389700
436873
37558
372050
534404
301412
75360
642817
369052
644802
124696
444600
47062
99819
447877
159118
701892
256639
529053
157031
523262
729085
350268
652312
159556
445497
285197
657268
490224
288151
381219
477126
510635
356216
368912
279061
655743
695
348921
721761
458747
297304
5148
709893
127897
220864
560655
633509
533287
507948
593134
21754
524390
645028
511757
730674
109760
524828
591003
87159
490203
492333
292026
416073
430849
546298
237825
184927
25338
655921
200250
128065
443625
129227
591242
475812
534453
189716
471119
607819
461117
558396
21958
330073
700632
445803
7946
388004
130917
517338
523332
8904
373763
387207
437403
512675
2795
503546
162032
87295
409965
421576
488282
409934
470907
381099
175343
524219
356502
14623
152337
102406
656904
472558
431850
310225
381189
17109
349656
429180
740377
732212
165195
437009
534400
558528
127310
532019
708084
730597
744
485899
9788
389649
444749
512934
80919
707013
347270
438429
90458
179986
526630
119598
288959
75528
352656
600861
416998
98117
15299
108112
437060
356061
114412
467637
536655
268939
2210
158195
567493
522752
480042
527919
740445
646645
741199
210385
471851
532082
125300
88252
505934
180178
706674
105269
525324
509451
716733
14745
527412
728916
272168
696211
196952
89499
570562
469030
647036
380973
741263
496969
371720
372679
98475
212102
332706
437277
503763
731917
433863
446309
446123
503787
1501
106212
15200
533878
503709
651219
31498
627078
655056
522257
449609
499145
599470
369068
126905
522057
520989
372003
155839
78944
740441
293653
500512
512963
133397
113577
141125
163776
517821
210891
194686
564611
567968
591133
161000
386567
470369
477155
593148
307096
495912
651221
517603
388739
250723
632144
99949
483200
513043
491695
524731
232021
355581
17441
118076
440599
368084
519972
727344
499209
445890
591095
395482
502823
719927
731317
156231
645517
504895
529303
113940
255932
732725
59214
419240
351875
372309
61812
154494
12256
469820
643655
400295
9527
502302
581171
159492
643452
29464
374596
268742
648394
40966
654824
524579
443661
631827
713173
9534
255935
112318
443750
368264
334612
412484
524009
514581
83758
240
658566
567714
654643
275775
519337
655131
603732
419640
406096
535873
20315
518750
369380
516632
435302
435850
731646
298089
709327
303980
170986
703306
520819
539684
257900
429839
449909
74050
397729
170422
535297
469022
714302
80986
369232
656983
478407
426296
4014
506852
719958
507910
279902
508829
304376
108332
372286
28491
170479
48924
431081
406510
584790
363492
644000
371889
149185
501200
546261
707916
591945
567265
46701
654562
313
80658
352768
491745
642660
479754
438289
644633
273397
443577
194718
534301
657320
408236
632398
155017
158427
270428
77221
157160
177275
22488
496512
525238
497200
731825
743464
654858
163645
150651
129895
654616
529044
437039
461086
486360
432674
448979
160324
26745
529509
500645
381123
171458
721470
437638
743244
78948
160786
508848
77558
530698
533770
737064
522699
460857
632586
400740
460355
718510
743254
445570
489608
600547
517962
431307
325960
515951
433529
732105
170128
375957
429819
34906
523463
435103
485557
208854
477887
592142
437366
522616
476365
396644
408241
495728
511251
505652
552781
524910
406551
75527
719847
634882
621695
36794
365706
654442
304192
509258
503222
642676
524750
183684
719951
505735
398093
472497
631549
277937
263671
358997
283652
101949
741226
508010
504670
136235
472737
431668
464622
654957
100322
235390
26232
696231
703889
521212
656865
380250
406530
258429
104613
433427
706952
368315
431400
524161
368592
111554
529517
523855
6483
584887
477866
183435
523299
591849
180414
14945
62661
202238
594084
515329
472471
69855
440497
79101
654465
477869
518525
246310
433300
444441
547172
190086
432121
117929
516578
496684
487774
190495
433222
268675
535762
655232
339453
740619
658626
507433
437178
132760
370312
603040
514179
194329
24950
500921
654447
311640
741213
178357
111801
458986
300559
654660
356331
548197
127126
23581
582627
146180
30280
486542
242458
320823
54642
434604
16426
109655
534365
439440
157401
650650
1395
591162
11108
389638
533549
108029
62275
507680
405410
418416
475896
182255
596572
522555
655198
460468
209983
193516
526521
489132
78888
184211
721234
412587
87889
520287
571037
432996
567725
445498
518249
269665
369581
2012
17466
592347
116448
515487
406475
519523
597656
515183
531371
535192
121489
413482
467554
520348
520245
369123
161008
592605
171626
464971
546292
479214
27693
497443
23248
75969
407535
23862
431367
369430
591680
77854
418175
467807
114286
125898
162121
517070
436792
497589
438016
21590
637001
130036
150837
24598
9728
303649
165859
75348
337766
114309
515243
14248
686554
438227
352341
381061
732666
167535
203772
463295
78224
243564
82916
35096
491988
506985
168799
532091
183702
743328
512867
743264
156178
534516
247186
246112
356572
592566
83114
455493
207459
283739
195364
164070
155729
518414
150122
135904
29698
42151
24088
647594
511991
133331
731853
632466
604551
535319
237480
149360
276315
351475
643683
658405
512592
407190
632326
438641
712598
719895
578109
584940
78060
554762
21454
380403
731969
432485
181301
502314
533526
632161
436568
631946
213061
298863
95260
369675
597755
591405
435933
323489
2556
658436
534330
480506
198072
460078
78601
568247
272630
40763
369168
151220
76662
84549
288741
250959
436505
12144
429
34492
415950
518795
445129
50098
531550
201083
743301
132225
274873
542050
653163
222494
435052
310456
109052
531962
743274
475125
149387
292457
408073
435012
657336
709581
108969
22146
194148
106601
435714
444986
523080
18573
298990
492445
530251
387208
533644
462946
192103
532855
406335
270
407860
483494
655277
513867
611911
440776
657131
514685
459538
505412
82890
591960
368359
591198
234898
180919
518460
520640
180946
741316
720376
433759
570065
657569
716081
407580
2128
405590
591559
518774
226268
38972
4859
292493
301350
515890
133998
5210
433670
440320
593413
76686
489615
258212
371563
119192
160211
125960
593928
181244
642877
333738
210367
2030
497220
369017
65029
12341
632093
741182
501140
444360
20395
632578
82327
276770
50123
87194
713245
459927
322462
732031
26837
226755
191346
647068
286145
269512
501012
499925
369265
367437
411925
730806
493668
515879
614787
445052
420529
591171
654636
741413
11125
530902
146978
444451
558296
643896
84928
485606
404466
79088
530712
511477
347187
186350
514950
29189
166924
279806
510078
302742
656006
518773
418581
731923
240770
513083
75914
654351
519601
104925
443123
195403
200022
335391
405144
172755
479451
180909
292265
8360
497684
520313
20157
467084
536474
534255
149991
131255
741289
584830
584884
191887
506997
515848
530311
655143
524590
709466
516746
43233
510409
517897
376046
>un
695965
733220
740598
732934
728912
675397
503584
48729
649954
449574
594695
719439
723475
654625
406106
720182
654882
720252
592625
567846
715779
509666
731601
741390
490273
707636
741205
703723
335057
672510
719897
655424
732285
665066
714487
632573
596878
648510
501239
732220
132005
592455
730829
731514
707043
514118
701265
291587
561078
670134
711854
569006
534584
714164
22302
718828
660032
694869
608181
701775
609454
658167
703938
600840
735541
662103
575546
480452
602348
720702
643727
720289
720458
148340
633900
731091
658703
669119
570422
563501
682303
660610
479053
449604
679503
663896
720867
722249
731852
485155
436594
691845
644693
669669
735038
666211
706143
664995
658986
730307
561638
599506
668447
521817
734930
656678
741441
527515
351851
695621
743220
735687
602811
570141
269654
592561
86538
731430
667028
640434
702472
654763
721343
661667
645771
633128
556743
732685
658551
675146
195058
567699
706576
534430
660050
707733
319477
720510
658546
741296
598003
549633
525888
708887
594486
232417
597376
449621
481342
731653
738452
536551
656503
594569
476697
517207
648717
741178
712678
731736
691454
599274
662117
644898
584939
658662
732481
668341
705523
653450
656343
449114
148901
638142
714048
512542
519520
571042
495056
653312
673609
729649
708426
706888
488433
654990
653492
741272
521782
674122
446758
712894
592777
726418
655575
448226
705738
696712
727859
560050
702164
731901
168162
391527
556027
733150
511724
525894
660766
567702
738449
664057
654974
696583
592929
728162
649903
715900
708897
555895
709788
570231
710953
654512
649818
714301
699795
433026
