>id 1234|Hs|cgap|||thymus|||tissue
>part
>ku
>uu
738685
708591
608173
199614
607995
85905
672130
605986
608171
671918
606086
672168
735063
670058
671920
672119
608527
607932
606056
608158
607998
608018
607931
581987
608203
672135
581115
605987
670059
672823
195408
231974
608170
672822
607822
672132
608157
608016
608140
565368
672405
608168
608525
606084
672090
672133
608526
607964
>kn
184720
217484
461722
661035
18192
85155
524947
732945
469398
483772
304475
336810
654989
741184
154654
517939
524210
479766
727580
530477
740373
679580
532851
12439
170131
238990
234642
348963
16349
632229
67201
512461
523687
274361
48501
397638
145575
279259
743286
234572
258855
389374
213198
128425
513153
35490
29403
150580
445466
465709
494261
655327
442530
65135
130098
93002
435755
109087
494406
5930
180312
605153
943
75367
435413
279877
496710
26506
382212
740364
13366
280378
432862
144980
524399
591327
416108
527061
571148
472838
89643
16803
124147
83753
159306
593075
610717
439991
369921
433419
239500
377155
515876
585935
21938
409140
15591
296422
459759
602652
494691
512144
503093
371957
434081
272259
440900
100915
643801
662074
495511
487027
211282
471779
518236
272759
156667
585357
503597
526594
740515
662174
460336
377001
79411
731476
581320
143878
507333
474053
411312
592591
532286
649191
133475
519162
654744
197644
445377
632731
58633
379186
236774
514051
182014
159223
76394
575032
68257
81170
339024
572535
22109
267245
598441
496098
108301
136947
2853
650365
182215
274772
654868
632365
652390
591318
656902
278573
370254
511903
349094
730678
517517
162757
365207
444247
535791
743291
436446
624291
31714
134296
632717
443258
657632
513646
75643
631535
485195
507584
507260
204773
741319
602757
527105
212838
484047
234149
129955
515544
515515
728756
515860
35052
69293
446336
437126
298469
15744
24956
211079
534307
142736
73797
42896
713632
444279
275086
492212
654580
471441
370504
487143
620525
95424
732118
477114
38512
522984
516837
26703
355643
591363
516306
488143
300772
38044
270017
435044
443109
472330
7517
443914
557550
505824
124942
533192
472437
532840
520794
741298
501735
41045
743241
250493
742166
337242
109059
389277
731481
458313
633506
62886
707401
135646
468442
221873
27184
524271
176539
532683
459630
113823
193163
517582
454418
645792
386189
124015
506276
440950
643780
5327
515130
327527
599762
731683
368611
12845
222510
109731
647092
647060
472667
134623
591742
659681
475733
136829
650382
516087
369624
81848
518438
23650
567431
198365
4973
438219
461610
185172
3003
319481
497873
510327
591797
173135
80358
530402
18442
20685
743453
356190
285363
166204
513242
515610
607212
196129
118552
369761
713616
326
515266
22546
505676
49367
584858
707428
534331
252967
44278
65256
49582
105642
720061
211600
439815
412482
470477
743553
591229
313905
709271
440219
460885
79625
644306
643548
633863
601216
414579
258209
458365
128738
524216
444743
379785
633705
287714
728161
270655
444520
518123
462392
461113
504609
487635
381134
332012
708182
445588
134514
74137
495656
665686
192492
10101
130031
491234
646346
714400
709301
556986
532968
584654
276878
370360
654653
95231
171501
415342
368149
406050
301463
547964
356624
75061
520063
534074
406534
696631
204041
497967
642618
649468
460617
592080
501293
654536
308074
136778
603118
187422
372924
808
423103
289092
513490
524134
509545
410231
443417
371107
648101
587054
356554
733412
647399
379386
98367
514489
516160
348979
655020
135215
719935
6278
243987
376071
459311
437040
279640
250666
499839
405987
520967
517586
13495
518609
247077
519718
362817
108080
430425
6449
508644
472010
501794
467284
479439
419259
82071
529989
743366
100874
471675
2178
91728
521640
368421
38738
729444
272927
436617
546283
92236
647086
465985
654581
534598
370581
515255
286221
320890
415172
465529
531713
570362
619663
523710
494100
150423
356108
85258
696074
644056
741164
113876
357128
106650
131887
644906
654838
654439
480792
654438
518808
21899
74870
515005
743287
434993
517601
5662
645337
144011
647082
846
513666
531081
462348
743367
97805
374067
517331
424484
148685
591768
107845
469649
111577
570908
656060
443636
388170
515517
593373
272011
83731
926
727543
743298
522493
654965
591002
7367
9597
170944
656959
268326
470627
3439
501728
523194
516986
72451
524479
4988
389137
632236
439200
107387
636480
523185
709689
517597
314263
510521
668782
473286
631567
741171
472038
125474
481860
75640
740399
177576
408542
743266
460238
655336
173162
466039
418795
370895
308340
106070
172847
507348
389996
731743
147433
570855
713663
471818
77254
457407
654514
510324
271353
75117
63489
509765
536158
589427
148078
517717
743326
651244
333120
480356
140443
524518
204564
134846
120
4747
75636
652183
467866
632226
643120
459211
183706
521487
462323
511605
162889
447794
498028
10326
632034
464472
461925
434102
595983
25960
221889
446680
355888
118631
632176
368096
137510
436564
632535
104977
437460
374650
431317
427284
464779
502461
1310
6168
49688
657370
703523
414565
653504
525752
12865
743234
741230
632921
271270
132448
507971
521181
149098
710878
502511
433203
532188
369022
549751
21577
656492
5245
529094
252457
24135
311190
494614
592334
187058
516807
302903
726187
31387
643566
595201
440382
324746
524430
467279
438720
525607
503178
213470
352962
504597
446260
503239
195642
334713
181444
144835
647421
179838
126980
465224
512636
129673
15580
26156
120591
656600
172865
522310
490287
514220
518611
75798
513200
237017
348609
439480
1770
740386
39311
146804
25738
88556
517307
709527
18946
77060
103665
649307
724025
269944
546286
727986
75514
654609
519818
546271
511668
247280
144734
513861
2157
464912
113094
166120
654848
250632
709
109778
713636
624245
477547
133892
372719
277624
590870
134688
363137
31819
468972
632415
288798
24684
507769
179260
729372
433343
481464
1600
473420
433057
604588
726435
518247
486589
48950
8004
522771
644326
473087
436204
655195
26593
436401
478067
170622
503368
6217
420696
726477
292570
655088
658997
301756
123198
741406
514323
345849
309090
79322
389678
485915
53066
407995
591185
508524
475663
555996
487296
335084
125037
532359
729644
713051
111903
155829
535731
283743
385998
49427
529901
480101
740511
435369
309288
302145
438872
434888
440896
504048
98255
465542
484288
712555
533237
433540
485246
731784
586174
50823
406758
205326
558440
654628
119298
743478
207763
29665
533683
653349
533050
388654
465812
654545
508545
372688
522578
491626
731127
635350
11782
651905
200136
656073
265174
284295
520494
514819
524464
105779
303669
286194
368525
300624
350364
369144
50223
85950
10842
524081
515092
715074
522795
714749
75307
151641
13351
3426
513984
433702
530734
604001
592519
476306
212046
533953
743300
173438
74564
631590
8739
112058
374378
34447
102336
370036
171182
534454
479693
17719
461988
368971
93194
728802
514580
434890
472831
647023
435811
178186
120998
654697
362728
250648
651228
743318
743262
500483
643610
76753
533543
425125
546449
13543
517499
498543
488189
506481
521432
63236
376208
134084
420559
584801
524920
458272
419463
706612
75652
655450
517029
502328
102928
592102
327631
505777
655189
524530
529438
187763
449630
464336
306242
184877
5199
408515
643553
594838
182421
444468
515260
483564
1422
100299
462983
34871
367854
654964
280342
209945
88417
116877
520048
389700
107125
42806
534404
120165
476319
369052
444600
501376
515660
256639
523262
591026
534346
350268
370549
643267
516978
593159
285197
460124
504613
459095
288151
381219
591014
462829
591358
328232
368855
301685
487994
458747
470412
464422
567327
3972
376681
80305
220864
18021
90436
310511
533287
27222
369438
232194
181159
163113
645028
75254
492716
68714
465627
351474
245798
432364
75813
415067
376675
236449
530970
149261
632472
631951
77422
430849
386390
144914
380627
436944
23348
63348
443625
203559
475812
632179
279669
293842
289008
408623
266175
514920
577426
71827
662020
517338
618145
533934
571886
558537
437403
315230
275675
513296
370937
2795
643910
632200
713564
409965
368312
732570
524183
474005
524599
504998
470907
5912
269898
300816
175437
246506
327252
122523
356502
15536
731413
435022
367900
500047
523454
648111
641481
313247
497741
349656
491577
555974
520215
533308
373550
520943
224008
712713
32374
631564
380857
685225
165195
15961
515417
530735
631659
477789
193832
505004
500526
112341
77695
524760
145605
546285
743319
147950
258314
9061
173464
156527
76272
352240
534350
731454
400533
512934
449009
461420
534309
444301
631636
126497
79353
179986
526630
119598
352656
369574
443330
471156
672404
479069
515249
600861
16936
416998
370927
108112
743428
436350
292336
643430
287411
446427
30824
589924
96322
517941
743250
97887
631633
263812
741157
467637
436585
2210
75573
90303
522752
2780
646
307913
741199
584782
389438
523370
471851
15827
655552
513870
372331
252549
619840
88252
436973
31854
496666
491322
314372
533273
280951
509451
740578
597649
91566
654568
136905
732806
371720
98475
171596
397153
493919
83634
437277
586165
181368
618526
596643
463059
27788
371282
31498
594647
731384
302435
655056
522257
74576
499145
377484
24379
147434
555902
515617
220950
656980
374446
649020
326586
103147
397609
50640
24422
370024
432491
272328
515146
520026
137572
327736
731656
723684
50649
655782
461047
514997
89781
474914
413297
514303
567968
133469
308710
26704
153003
502867
514038
642874
593014
575631
517603
388739
98791
413812
493867
709179
491695
62180
355581
709550
643487
118076
464585
399810
116254
654649
14468
179718
409563
88025
80976
672131
458360
719927
731317
406788
504895
529303
723254
304249
463105
255932
469244
371723
433573
632465
515018
650575
642693
50755
505104
29464
374596
648394
514033
413359
349283
292078
465928
469171
520140
3797
654602
178551
433901
368264
435126
740456
603930
654792
292549
604950
83347
272822
740407
419640
24119
506748
7570
518513
700696
374485
527119
181391
370555
709327
495984
527193
472213
442138
534384
657656
703306
515114
257900
429839
466257
449909
84190
524815
469022
743420
368938
502915
112933
361323
231942
271044
239
591166
707906
464391
719958
514527
3745
356050
58831
461727
28491
655643
479119
436527
530749
444450
591384
371889
728838
517172
56729
501200
268530
573153
255874
515704
74368
119286
517044
609336
413678
475472
515687
644633
610830
412370
536535
202179
43627
441488
655182
20521
523145
130293
484738
591255
300224
517622
262886
74647
271695
653263
465808
150651
487498
444931
591715
129895
371718
471785
7471
397010
432674
136309
440829
432760
436093
474536
7001
159161
6799
189781
279696
721470
279881
306291
438953
437638
743244
611432
508848
743231
723693
377972
400740
533474
151761
458320
484289
533573
303676
660728
196176
235750
647067
532129
372082
491494
111749
433529
412842
168073
372031
337730
375957
82201
592796
380271
12271
656699
656466
594923
208854
445244
143792
79018
269408
414407
381214
476517
335293
369615
530463
493202
460499
621695
36794
119882
188553
89560
729021
696684
159130
643590
503222
743329
76364
118110
524750
490551
534458
12907
183684
719951
505735
433750
107812
87726
570355
150549
145150
358997
507866
494146
632772
152477
743356
406423
440880
346868
500466
475150
432729
591140
504765
325846
248815
356549
444403
522568
474010
437385
508738
475525
368592
523004
515210
334707
16059
523855
584985
446170
370503
114948
523763
523299
19385
655395
655378
533670
592262
515329
89649
179565
515164
69855
458596
7353
435730
534395
743512
77318
284297
79101
16004
34045
433442
433615
512740
555985
696087
497520
432121
120817
487774
611475
28608
502745
433422
238839
515490
195464
43619
496255
471768
9999
184492
514495
437178
29700
10095
657920
370312
98910
236828
293660
38449
492314
474787
111801
533040
21160
632839
188781
529495
460184
356331
595234
156055
464210
147381
132599
741210
527861
477693
417029
466987
648635
546288
256549
156346
409210
517168
602571
188634
533549
356377
405410
182255
631672
647018
631594
374262
434947
172550
445893
460468
595927
517216
209983
517075
526521
627962
269004
533597
632447
486285
349111
213642
445498
269665
522885
221847
658288
515487
444517
326035
135763
348935
410197
418233
567482
435761
410817
497350
122908
31431
259412
432726
326822
103106
104203
4096
355950
534314
369123
507087
171626
335139
701324
203952
497443
462598
27160
369430
28070
567598
386225
125898
437779
4055
155742
723297
142074
406520
460923
13370
188882
500067
591122
21187
347535
292804
75348
231029
458401
117853
125867
418167
530862
444414
381061
743577
446529
532699
474978
632089
920
243564
741531
164226
555910
133534
35096
740672
533738
466775
528605
467408
183702
331141
30634
247186
515479
522413
654869
55999
473204
132499
118983
289123
518805
160958
470654
469175
289271
95835
731853
258798
458485
743285
378103
632466
237480
23131
655334
632326
5509
515094
459379
236361
520189
86905
177766
461647
515064
483944
75139
743253
465511
520886
632082
656498
533526
482087
82887
743454
515003
743386
213061
473082
374477
486084
13999
323489
654614
437922
10903
125742
478930
304682
632066
534457
523739
593379
474251
594504
130988
96996
485075
125036
429
445129
524214
82116
93659
437594
91531
368569
325321
148272
517478
740420
534582
743301
521151
643130
184085
522572
274873
535464
503886
404706
234569
102696
77873
534591
408073
657336
522639
512799
501353
644033
139896
675888
714519
379972
298990
492445
538286
554829
9701
270
45719
631844
696238
192326
272838
655255
497600
514685
283374
317192
520785
591198
119251
434286
631581
632515
190477
518460
520640
65735
523875
274402
435771
471207
343571
407580
495138
335918
632729
28249
631539
596461
462529
405590
28988
448664
712722
426359
709288
461787
388927
10499
657508
258501
433670
743565
593413
136247
529862
655734
497692
76686
743431
655259
524871
438673
248153
593928
517357
642877
371594
741357
487393
3989
514036
591290
468878
489254
369017
720220
12341
466148
370854
654720
100057
423968
514132
661641
712563
731712
20395
446850
513034
410455
127401
443430
495039
333275
459927
415312
282113
322462
225995
486798
414099
282998
517641
501890
332795
720708
171695
465885
159360
65758
501012
189772
24545
370770
594238
740620
445052
21811
521178
469002
420529
525017
485081
371680
470804
631725
194698
713334
353454
19383
131151
314359
410786
29189
174134
55041
371794
24701
647118
527971
493771
518773
458917
502876
108104
731923
299567
502223
566191
503510
207106
43812
104925
444947
370247
108614
439312
284284
405144
156445
244580
337295
495230
180909
591110
632227
512465
514840
508480
743260
497684
20157
111024
654530
171280
83636
235782
368853
534255
709017
651950
591532
507290
584927
515534
118964
484241
513315
134183
16003
233552
516746
17569
534648
432574
376046
>un
170913
740598
671802
659711
720606
727882
719439
619329
703396
649685
657771
564022
448879
333388
657999
731601
694036
713582
732617
732334
712996
632802
221334
633993
595578
709604
739174
595400
663929
563560
611057
713916
603916
713089
733616
718642
735022
657362
732618
593473
731589
547608
607963
734679
741853
594910
543235
519656
597993
672406
501239
592455
603727
657303
137274
370754
593661
733380
663672
592515
606085
594343
604693
715331
596398
743434
559000
232813
660295
607996
732524
643072
596814
732855
731448
660287
596017
707744
699389
707012
637897
663086
703632
716791
442160
718695
670089
509398
740842
659898
672417
713622
732214
356721
729477
246593
128757
669696
526556
661689
568847
606361
61184
740132
596713
699316
734674
239108
731460
633059
728357
571767
593576
268887
628728
644026
708592
732267
121592
555947
648432
99785
732685
732550
716834
731478
707733
597990
36927
712705
733524
708292
732005
724034
670356
658757
724786
734531
536218
605992
731623
593318
593927
705969
569669
713970
658908
703246
708510
595066
517207
660456
732693
741178
603444
662133
551074
732902
733807
701177
522724
714506
668919
650658
643648
657308
732737
669023
734467
99528
729309
568059
669150
669468
732087
512451
655733
672188
607930
672089
659458
713067
124554
597557
707273
696712
387576
656335
669978
644008
658622
600049
726399
731076
713817
120633
283454
659150
595384
668441
562528
696702
712877
266826
720155
596527
732662
705584
658084
666279
470601
597488
>part
>ku
>uu
738685
708591
608173
199614
607995
85905
672130
605986
608171
671918
606086
672168
735063
670058
671920
672119
608527
607932
606056
608158
607998
608018
607931
581987
608203
672135
581115
605987
670059
672823
195408
231974
608170
672822
607822
672132
608157
608016
608140
565368
672405
608168
608525
606084
672090
672133
608526
607964
>kn
217484
184720
661035
461722
18192
85155
524947
732945
469398
483772
304475
336810
654989
741184
154654
517939
524210
479766
727580
530477
740373
679580
532851
12439
170131
238990
234642
348963
16349
632229
67201
512461
523687
274361
48501
397638
145575
279259
743286
234572
258855
389374
213198
128425
513153
35490
29403
150580
445466
465709
494261
655327
442530
65135
130098
93002
435755
109087
494406
5930
180312
605153
943
75367
435413
279877
496710
26506
382212
740364
13366
280378
432862
144980
524399
591327
416108
527061
571148
472838
89643
16803
124147
83753
159306
593075
610717
439991
369921
433419
239500
377155
515876
585935
21938
409140
15591
296422
459759
602652
494691
512144
503093
371957
434081
272259
440900
100915
643801
662074
495511
487027
211282
471779
518236
272759
156667
585357
503597
526594
740515
79411
377001
460336
662174
731476
143878
581320
507333
474053
411312
532286
592591
649191
133475
519162
654744
197644
445377
632731
58633
379186
236774
514051
182014
159223
76394
575032
68257
81170
339024
572535
22109
267245
598441
496098
108301
136947
2853
650365
182215
274772
654868
632365
652390
591318
656902
278573
370254
511903
349094
730678
517517
162757
365207
444247
535791
743291
436446
624291
31714
134296
632717
443258
657632
513646
75643
631535
485195
507584
507260
204773
741319
602757
527105
212838
484047
234149
129955
515544
515515
728756
515860
35052
69293
446336
437126
298469
15744
24956
211079
534307
142736
73797
42896
713632
444279
275086
492212
654580
471441
370504
487143
620525
95424
732118
477114
38512
522984
516837
26703
355643
591363
516306
488143
300772
38044
270017
435044
443109
472330
7517
443914
505824
557550
124942
533192
520794
532840
472437
741298
501735
41045
743241
250493
742166
109059
337242
389277
731481
458313
633506
62886
707401
135646
468442
27184
221873
524271
176539
459630
532683
193163
113823
517582
454418
645792
386189
124015
506276
440950
643780
5327
515130
327527
599762
731683
368611
12845
222510
109731
647092
647060
472667
134623
591742
659681
475733
136829
650382
516087
369624
81848
518438
23650
567431
198365
4973
438219
461610
185172
3003
319481
497873
510327
591797
173135
80358
530402
18442
20685
743453
356190
285363
166204
513242
515610
607212
196129
118552
369761
713616
326
515266
22546
505676
49367
584858
707428
534331
252967
44278
65256
49582
105642
720061
211600
439815
412482
470477
743553
591229
313905
709271
440219
460885
79625
644306
643548
633863
601216
414579
258209
458365
128738
524216
444743
379785
633705
287714
728161
270655
444520
518123
462392
461113
504609
487635
381134
332012
708182
445588
134514
74137
495656
665686
192492
10101
130031
491234
646346
714400
709301
556986
532968
584654
276878
370360
654653
95231
171501
415342
368149
406050
301463
547964
356624
75061
520063
534074
406534
696631
204041
497967
642618
649468
460617
592080
501293
654536
308074
136778
603118
187422
372924
808
423103
289092
513490
524134
509545
410231
443417
371107
648101
587054
356554
733412
647399
379386
98367
514489
516160
348979
655020
135215
719935
6278
243987
376071
459311
437040
279640
250666
499839
405987
520967
517586
13495
518609
247077
519718
362817
108080
430425
6449
508644
472010
501794
467284
82071
419259
479439
529989
743366
100874
471675
2178
91728
521640
38738
368421
729444
272927
436617
546283
647086
92236
465985
654581
370581
534598
515255
286221
320890
415172
465529
531713
570362
523710
619663
150423
494100
85258
356108
644056
696074
741164
113876
357128
106650
131887
644906
654838
654439
480792
654438
518808
21899
74870
515005
743287
434993
517601
5662
645337
144011
647082
846
513666
531081
462348
743367
97805
374067
517331
424484
148685
591768
107845
469649
111577
570908
656060
443636
388170
515517
593373
272011
83731
926
727543
743298
522493
654965
591002
7367
9597
170944
656959
268326
470627
3439
501728
523194
516986
72451
524479
4988
389137
632236
439200
107387
636480
523185
709689
517597
314263
510521
668782
473286
631567
741171
472038
125474
481860
75640
740399
177576
408542
743266
460238
655336
173162
466039
418795
370895
308340
106070
172847
507348
389996
731743
147433
570855
713663
471818
77254
457407
654514
510324
271353
75117
63489
509765
536158
589427
148078
517717
743326
651244
333120
480356
140443
524518
204564
134846
120
4747
75636
652183
467866
632226
643120
459211
183706
521487
462323
511605
162889
447794
498028
10326
632034
464472
461925
434102
595983
25960
221889
446680
355888
118631
632176
368096
137510
436564
632535
104977
437460
374650
431317
427284
464779
502461
1310
6168
49688
657370
703523
414565
653504
525752
12865
743234
741230
632921
271270
132448
507971
521181
149098
710878
502511
433203
532188
369022
549751
21577
656492
5245
529094
252457
24135
311190
494614
592334
187058
516807
302903
726187
31387
643566
595201
440382
324746
524430
467279
438720
525607
503178
213470
352962
504597
446260
503239
195642
334713
181444
144835
647421
179838
126980
465224
512636
129673
15580
26156
120591
656600
172865
522310
490287
514220
518611
75798
513200
237017
348609
439480
1770
740386
39311
146804
25738
88556
517307
709527
18946
77060
103665
649307
724025
269944
546286
727986
75514
654609
519818
546271
511668
247280
144734
513861
2157
464912
113094
166120
654848
250632
709
109778
713636
624245
477547
133892
372719
277624
590870
134688
363137
31819
468972
632415
288798
24684
507769
179260
729372
433343
481464
1600
473420
433057
604588
726435
518247
486589
48950
8004
522771
644326
473087
436204
655195
26593
436401
478067
170622
503368
6217
420696
726477
292570
655088
658997
301756
123198
741406
514323
345849
309090
79322
389678
485915
53066
407995
591185
508524
475663
555996
487296
335084
125037
532359
729644
713051
111903
155829
535731
283743
385998
49427
529901
480101
740511
435369
309288
302145
438872
434888
440896
504048
98255
465542
484288
712555
533237
433540
485246
731784
586174
50823
406758
205326
558440
654628
119298
743478
207763
29665
533683
653349
533050
388654
465812
654545
508545
372688
522578
491626
731127
635350
11782
651905
200136
656073
265174
284295
520494
514819
524464
105779
303669
286194
368525
300624
350364
369144
50223
85950
10842
524081
515092
715074
522795
714749
75307
151641
13351
3426
513984
433702
530734
604001
592519
476306
212046
533953
743300
173438
74564
631590
8739
112058
374378
34447
102336
370036
171182
534454
479693
17719
461988
368971
93194
728802
514580
434890
472831
647023
435811
178186
120998
654697
362728
250648
651228
743318
743262
500483
76753
643610
425125
533543
13543
546449
517499
488189
498543
506481
521432
63236
376208
134084
420559
584801
524920
458272
419463
706612
75652
655450
517029
502328
102928
592102
655189
505777
327631
524530
187763
529438
449630
464336
306242
5199
184877
643553
408515
594838
515260
444468
182421
483564
1422
100299
462983
34871
367854
654964
209945
280342
116877
88417
520048
389700
107125
42806
534404
120165
476319
369052
444600
501376
515660
256639
523262
591026
534346
350268
370549
643267
516978
593159
285197
460124
504613
459095
288151
381219
591014
462829
591358
328232
368855
301685
487994
458747
470412
464422
567327
3972
376681
80305
220864
18021
90436
310511
533287
27222
369438
232194
181159
163113
645028
75254
492716
68714
465627
351474
245798
432364
75813
415067
376675
236449
530970
149261
632472
631951
77422
430849
386390
144914
380627
436944
23348
63348
443625
203559
475812
632179
279669
293842
289008
408623
266175
514920
577426
71827
662020
517338
618145
533934
571886
558537
437403
315230
275675
513296
370937
2795
643910
632200
713564
409965
368312
732570
524183
474005
524599
504998
470907
5912
269898
300816
175437
246506
327252
122523
356502
15536
731413
435022
367900
500047
523454
648111
641481
313247
497741
349656
491577
555974
520215
533308
373550
520943
224008
712713
32374
631564
380857
685225
165195
15961
515417
530735
631659
477789
193832
505004
500526
112341
77695
524760
145605
546285
743319
147950
258314
9061
173464
156527
76272
352240
534350
731454
400533
512934
449009
461420
534309
444301
631636
126497
79353
179986
526630
119598
352656
369574
443330
471156
672404
479069
515249
600861
16936
416998
370927
108112
743428
436350
292336
643430
287411
446427
30824
589924
96322
517941
743250
97887
631633
263812
741157
467637
436585
2210
75573
90303
522752
2780
646
307913
741199
584782
389438
523370
471851
15827
655552
513870
372331
252549
619840
88252
436973
31854
496666
491322
314372
533273
280951
509451
740578
597649
91566
654568
136905
732806
371720
98475
171596
397153
493919
83634
437277
586165
181368
618526
596643
463059
27788
371282
31498
594647
731384
302435
655056
522257
74576
499145
377484
24379
147434
555902
515617
220950
656980
374446
649020
326586
103147
397609
50640
24422
370024
432491
272328
515146
520026
137572
327736
731656
723684
50649
655782
461047
514997
89781
474914
413297
514303
567968
133469
308710
26704
153003
502867
514038
642874
593014
575631
517603
388739
98791
413812
493867
709179
491695
62180
355581
709550
643487
118076
464585
399810
116254
654649
14468
179718
409563
88025
80976
672131
458360
719927
731317
406788
504895
529303
723254
304249
463105
255932
469244
371723
433573
632465
515018
650575
642693
50755
505104
29464
374596
648394
514033
413359
349283
292078
465928
469171
520140
3797
654602
178551
433901
368264
435126
740456
603930
654792
292549
604950
83347
272822
740407
419640
24119
506748
7570
518513
700696
374485
527119
181391
370555
709327
495984
527193
472213
442138
534384
657656
703306
515114
257900
429839
466257
449909
84190
524815
469022
743420
368938
502915
112933
361323
231942
271044
239
591166
707906
464391
719958
514527
3745
356050
58831
461727
28491
655643
479119
436527
530749
444450
591384
371889
728838
517172
56729
501200
268530
573153
255874
515704
74368
119286
517044
609336
413678
475472
515687
644633
610830
412370
536535
202179
43627
441488
655182
20521
523145
130293
484738
591255
300224
517622
262886
74647
271695
653263
465808
150651
487498
444931
591715
129895
371718
471785
7471
397010
432674
136309
440829
432760
436093
474536
7001
159161
6799
189781
279696
721470
279881
306291
438953
437638
743244
611432
508848
743231
723693
377972
400740
533474
151761
458320
484289
533573
303676
660728
196176
235750
647067
532129
372082
491494
111749
433529
412842
168073
372031
337730
375957
82201
592796
380271
12271
656699
656466
594923
208854
445244
143792
79018
269408
414407
381214
476517
335293
369615
530463
493202
460499
621695
36794
119882
188553
89560
729021
696684
159130
643590
503222
743329
76364
118110
524750
490551
534458
12907
183684
719951
505735
433750
107812
87726
570355
150549
145150
358997
507866
494146
632772
152477
743356
406423
440880
346868
500466
475150
432729
591140
504765
325846
248815
356549
444403
522568
474010
437385
508738
475525
368592
523004
515210
334707
16059
523855
584985
446170
370503
114948
523763
523299
19385
655395
655378
533670
592262
515329
89649
179565
515164
69855
458596
7353
435730
534395
743512
77318
284297
79101
16004
34045
433442
433615
512740
555985
696087
497520
432121
120817
487774
611475
28608
502745
433422
238839
515490
195464
43619
496255
471768
9999
184492
514495
437178
29700
10095
657920
370312
98910
236828
293660
38449
492314
474787
111801
533040
21160
632839
188781
529495
460184
356331
595234
156055
464210
147381
132599
741210
527861
477693
417029
466987
648635
546288
256549
156346
409210
517168
602571
188634
533549
356377
405410
182255
631672
647018
631594
374262
434947
172550
445893
460468
595927
517216
209983
517075
526521
627962
269004
533597
632447
486285
349111
213642
445498
269665
522885
221847
658288
515487
444517
326035
135763
348935
410197
418233
567482
435761
410817
497350
122908
31431
259412
432726
326822
103106
104203
4096
355950
534314
369123
507087
171626
335139
701324
203952
497443
462598
27160
369430
28070
567598
386225
125898
437779
4055
155742
723297
142074
406520
460923
13370
188882
500067
591122
21187
347535
292804
75348
231029
458401
117853
125867
418167
530862
444414
381061
743577
446529
532699
474978
632089
920
243564
741531
164226
555910
133534
35096
740672
533738
466775
528605
467408
183702
331141
30634
247186
515479
522413
654869
55999
473204
132499
118983
289123
518805
160958
470654
469175
289271
95835
731853
258798
458485
743285
378103
632466
237480
23131
655334
632326
5509
515094
459379
236361
520189
86905
177766
461647
515064
483944
75139
743253
465511
520886
632082
656498
533526
482087
82887
743454
515003
743386
213061
473082
374477
486084
13999
323489
654614
437922
10903
125742
478930
304682
632066
534457
523739
593379
474251
594504
130988
96996
485075
125036
429
445129
524214
82116
93659
437594
91531
368569
325321
148272
517478
740420
534582
743301
521151
643130
184085
274873
522572
535464
404706
503886
234569
102696
77873
534591
408073
657336
501353
512799
522639
644033
139896
675888
714519
379972
298990
492445
538286
554829
9701
270
45719
631844
696238
192326
272838
655255
497600
283374
514685
317192
520785
591198
119251
434286
632515
631581
190477
518460
520640
65735
523875
274402
435771
471207
407580
343571
495138
335918
632729
631539
28249
405590
462529
596461
28988
712722
448664
426359
709288
461787
388927
657508
10499
258501
433670
743565
593413
136247
529862
655734
743431
76686
497692
655259
524871
438673
248153
593928
517357
642877
741357
371594
3989
487393
514036
591290
468878
489254
720220
369017
12341
370854
466148
654720
423968
100057
514132
661641
712563
731712
20395
513034
446850
410455
127401
495039
443430
333275
459927
322462
282113
415312
225995
486798
414099
282998
517641
501890
171695
720708
332795
465885
159360
65758
501012
189772
24545
370770
594238
740620
21811
445052
469002
521178
420529
525017
485081
371680
470804
631725
194698
713334
353454
131151
19383
314359
410786
29189
174134
371794
55041
24701
647118
493771
527971
518773
458917
502876
108104
731923
299567
566191
502223
43812
207106
503510
104925
444947
370247
108614
439312
405144
284284
244580
156445
337295
495230
591110
180909
632227
508480
514840
512465
743260
497684
20157
111024
654530
171280
83636
235782
368853
534255
709017
651950
591532
515534
584927
507290
118964
513315
484241
134183
16003
233552
534648
17569
516746
432574
376046
>un
170913
740598
671802
659711
720606
727882
719439
619329
703396
649685
657771
564022
448879
333388
657999
731601
694036
713582
732617
732334
712996
632802
221334
633993
595578
709604
739174
595400
663929
563560
611057
713916
603916
713089
733616
718642
735022
657362
732618
593473
731589
547608
607963
734679
741853
594910
543235
519656
597993
672406
501239
592455
603727
657303
137274
370754
593661
733380
663672
592515
606085
594343
604693
715331
596398
743434
559000
232813
660295
607996
732524
643072
596814
732855
731448
660287
596017
707744
699389
707012
637897
663086
703632
716791
442160
718695
670089
509398
740842
659898
672417
713622
732214
356721
729477
246593
128757
669696
526556
661689
568847
606361
61184
740132
596713
699316
734674
239108
731460
633059
728357
571767
593576
268887
628728
644026
708592
732267
121592
555947
648432
99785
732685
732550
716834
731478
707733
597990
36927
712705
733524
708292
732005
724034
670356
658757
724786
734531
536218
605992
731623
593318
593927
705969
569669
713970
658908
703246
708510
595066
517207
660456
732693
741178
603444
662133
551074
732902
733807
701177
522724
714506
668919
650658
643648
657308
732737
669023
734467
99528
729309
568059
669150
669468
732087
512451
655733
672188
607930
672089
659458
713067
124554
597557
707273
696712
387576
656335
669978
644008
658622
600049
726399
731076
713817
120633
283454
659150
595384
668441
562528
696702
712877
266826
720155
596527
732662
705584
658084
666279
470601
597488
