>id 1234|Hs|cgap|||lymph node|neoplasia||tissue
>part
>ku
>uu
457224
600773
664244
664252
664266
600772
566566
552272
610573
667731
734896
651640
542262
687637
687321
610458
607043
604699
635400
610747
538224
735467
605097
611176
543517
671341
671271
671145
640532
605081
649830
560432
211136
259028
611174
517807
604711
610446
605159
668941
145320
669505
639505
671334
539273
492273
543984
671147
652671
611173
607148
563204
721366
635804
607275
671262
566350
674909
671335
211781
566309
671338
605163
605265
538747
539477
605612
604712
163341
537688
674859
529499
564862
674858
605162
671337
540465
668062
546038
674321
607232
542610
735440
170666
734562
164131
668949
165751
573521
604704
605161
671350
125720
539929
543494
605575
538389
605084
734532
607025
607660
644961
610743
604714
607149
576170
725581
715939
674324
734897
674860
674808
541038
610484
734965
574364
336224
675149
671222
213324
674809
635401
624705
667732
545883
604111
725349
741961
687285
610752
674864
636325
541739
610481
610488
539254
604700
674818
610753
610745
605098
671372
607146
636312
538446
607229
675138
669265
603761
667727
545365
565177
541499
610574
562929
542612
540209
734508
671155
734263
735338
605101
605157
668610
538934
636240
734892
607150
607230
609955
544401
671373
540564
537975
605514
671339
610755
675752
669021
636360
566282
667729
669164
610486
605472
675140
674792
671255
308615
603758
610390
675757
564324
568778
544426
734435
605517
674815
635778
541774
605287
652
543049
669467
542886
667733
413595
211163
635791
534722
545265
577041
545260
604328
553879
668272
538502
565469
668236
604133
668077
669110
669167
605289
604213
668108
605217
604135
544301
635457
604801
668235
538877
541989
605218
545257
669165
538761
669111
668143
743694
635409
603885
604297
>kn
436500
160550
460232
18192
596537
149367
681616
483772
654527
506325
249718
589862
105105
596679
578546
36053
500104
713554
434937
505874
659147
439481
654989
256278
524210
235992
594307
632238
104661
9234
530477
460459
407694
504877
532851
12439
288773
203717
293563
654827
319334
29899
95162
339918
546287
743286
153479
709406
234572
432413
646511
216653
258855
324271
270753
124126
445758
58488
65135
431279
130098
99884
75812
701991
474935
400095
713956
943
580300
82793
501991
523680
496710
201858
467898
80642
712658
13366
516859
89497
523774
496414
640836
405692
492121
416108
523789
571148
446429
322430
656782
408427
469473
531856
513851
253726
83753
408324
524648
148641
610717
20716
369921
5443
518355
433419
368078
741169
635313
377155
5324
409140
9873
521459
212680
494691
33476
371957
726537
440900
33642
592145
534527
495511
471779
463320
499264
79411
26890
741750
156727
592591
532286
430589
114033
519162
144407
57907
632671
546269
502338
365116
196990
434044
81170
654951
144468
509414
3100
496098
469615
730654
446374
584809
118394
477440
631923
631860
631814
325978
180933
153026
657869
721139
344151
389378
529959
530024
656902
32470
167641
530096
344400
731513
333907
731828
486548
368254
131704
489873
728799
743421
856
231411
743291
488307
445386
632717
91389
535276
409662
485195
413416
494173
502315
464157
286226
204773
741319
270244
234149
270621
729163
728756
584842
369056
35947
485471
433701
15744
211079
484588
720151
534307
591610
438993
97439
471441
370504
468801
743583
82502
54457
516306
155040
438994
430075
143674
443914
437256
557550
732060
501735
516111
743241
78880
434996
369670
377894
731481
660936
439548
161377
707401
77793
348418
468442
191219
13781
655606
524271
113823
502208
153504
314327
163424
645792
654585
430551
459596
743444
461131
523702
95612
269577
274531
479386
498115
416769
437966
399958
654594
109731
518562
62578
514196
133107
515785
558541
372378
475733
369624
81848
471452
23650
1908
104879
524762
510327
250758
531807
534575
586423
89545
573490
151218
652114
516182
342307
515846
12333
661238
435579
558499
607212
356285
468675
741304
75069
77961
311363
22546
147027
591805
434340
483296
128548
126221
705431
743229
380953
433180
534331
171011
459106
517066
75064
436803
593268
298280
720061
439815
731537
502759
19121
355753
87385
531701
200668
460885
498586
82719
509780
644306
381178
149500
75516
743331
43744
507452
721240
664395
486357
128258
129206
532609
370365
444818
499489
486470
472475
525084
81892
126517
462392
476179
504609
420272
436203
474751
306307
495656
665686
10101
486507
119023
491861
634380
102471
556986
370360
632637
655915
54649
356624
127022
440049
368783
520063
77542
437894
632581
369840
491805
479396
18925
5258
654536
284630
649372
292882
534261
372924
595072
519168
743218
155342
61188
567367
118166
239154
331431
312485
648101
143410
466471
587054
524224
741421
231750
183528
656274
47649
741434
323445
516160
284279
605082
389733
523009
655613
159494
409911
405987
445977
741412
518609
386324
430425
508644
729302
743237
407368
509523
513811
605692
100874
471675
606320
521640
492740
530291
723236
555973
532768
373857
92236
203099
465985
350899
518827
58471
645227
733045
177841
655393
654470
517981
516032
523829
528803
656769
387804
515317
555866
731748
696074
591868
173094
478275
435080
600114
521903
494895
8867
96513
492261
743287
645337
647082
517265
574492
656937
626404
370858
37982
107845
743277
8118
475401
388170
528780
706868
729062
267632
467662
83731
926
445387
529571
151777
643544
559426
743298
740414
109520
23363
333579
579691
634244
268326
3439
438824
732509
385493
524630
29679
488877
4988
577256
2259
487046
107387
374556
653202
636480
512627
368610
654856
482497
513457
47061
559115
729719
59106
460238
77269
406223
655336
418795
173162
39429
489201
370895
523660
518417
591731
482144
159028
81328
147433
659565
649965
37916
436142
254042
654514
520636
416994
647062
73090
520133
448468
509765
476448
174050
239631
127610
495960
333120
524518
480356
288761
505802
446149
652183
467866
656411
632226
338207
185597
654798
378532
709408
511605
24763
10326
449098
654387
658995
288178
189409
718506
5308
434102
733411
595983
1802
446680
512973
526704
467701
311100
743297
732407
153458
431317
567662
464779
112444
449585
158560
523696
355934
1239
414565
653504
513803
743234
500674
409223
655055
632314
405662
440544
534560
518731
527973
435661
372265
664080
68879
201641
519873
294147
276271
5245
529094
252457
229641
446079
105891
363572
211594
311190
26605
494419
333786
504096
497599
189329
511801
594434
438720
316890
372914
515500
213470
466539
470882
643498
503239
446260
278569
377705
111632
181444
731797
43899
646508
647421
663049
9196
465224
15580
368404
654745
22065
260603
203910
514220
75798
439480
740386
647047
732409
529631
75841
194554
200600
649307
724025
444569
97616
546286
19872
368376
602573
370102
497487
511668
388297
319171
445040
521240
421608
274263
282997
654907
166120
247362
709
15738
596014
523215
547009
656294
484188
363137
533355
517436
634632
100217
445081
524800
571841
534494
730789
192374
590872
592292
1600
534322
192221
654758
21902
466044
485130
436204
520814
170622
369397
481571
403917
325081
356647
70312
741406
502948
591084
350966
517888
469630
151573
279746
116237
706130
75859
109225
596756
720849
534360
23111
146585
106674
388188
600823
525459
167115
480073
129683
507162
535731
129634
445080
437388
431092
433951
706105
529901
35828
7089
302145
647707
434888
90280
108957
522114
191186
432397
325531
528006
231761
524308
485246
731784
411081
12084
1706
518203
517422
458346
533050
470417
664380
631642
523936
489287
647035
90093
447506
121676
389107
82919
731863
525600
1799
709521
435941
474069
368525
38114
655909
508148
355927
501280
43213
10842
838
411138
614080
430733
522795
144949
3530
77500
425777
381167
655210
694157
443875
171061
269988
20021
440932
585378
522817
433702
458276
604001
234896
473341
592519
481202
69745
567828
444229
321541
380233
720980
480938
247824
30011
74564
643431
368367
416214
726215
101150
406799
522789
534454
465645
435136
728802
12250
706346
306412
517134
434401
176503
472831
512676
21701
599039
339639
655392
14601
517293
274416
253305
282410
651228
113916
76753
591104
52788
425125
491682
135471
292925
488189
433159
492599
468099
376208
201253
124922
146339
446065
584801
529782
494901
75199
733180
303116
419463
461183
729356
46446
30868
528320
650174
420076
533977
29724
654395
496487
499758
592102
524530
664267
479634
335034
472409
306242
5199
643553
444468
336768
18349
523822
277517
724010
521168
533732
180062
443723
34871
367854
464071
280342
88417
116877
520048
49760
204947
107125
624002
67896
534404
118351
301412
655285
531403
310421
642817
722104
47062
508266
714608
96485
701892
159118
632446
732450
695681
380164
370549
6147
643267
483616
285197
446017
591014
142023
194692
487062
743267
529408
287379
695
11638
369762
420445
529735
288382
5148
472860
19196
484813
33366
27621
560655
8752
17614
144073
465144
655855
524390
163113
181159
438830
75254
516808
461074
415067
190334
25245
497579
129758
530970
236449
524828
591003
614974
578450
631951
464137
153678
143250
546298
534450
30495
288974
237825
380627
436944
743403
475506
172928
128065
731647
460109
535972
475812
498570
234355
266175
408623
503165
101014
741244
437403
514308
512675
513296
443240
2795
654698
1560
160562
524183
332382
631989
370100
300816
732095
567284
13845
131452
467210
381099
391463
122523
524219
356502
518614
513053
533444
431850
367900
586279
523454
349656
17109
429180
232721
405913
593351
520943
712713
380857
685225
522418
631659
477789
75110
512235
375684
524760
654677
145605
655165
552091
554883
708084
730597
485899
534350
73722
731454
512934
445827
706766
146806
534309
435458
707013
444301
596314
77890
189782
370480
119598
406620
352656
296031
645015
369574
351279
515249
600861
370927
446172
437060
591815
97887
263812
741157
536655
268939
350927
2210
158195
567493
522752
592510
490394
307913
740445
741199
515351
647051
387567
281707
569831
485233
644420
473937
36587
525557
491322
496666
299002
706674
533446
280951
487933
75890
486031
597649
134859
434232
713578
728916
136905
332708
89499
741263
496969
189690
405958
447458
515947
212102
86337
437277
501622
632294
26403
434133
106212
256526
371282
534540
513926
78771
369779
503709
731555
594647
651219
81424
306769
522257
655453
499145
74576
632865
161357
655201
534196
387471
632486
155839
397609
296169
440494
432491
592004
632346
299055
1869
408909
591710
356799
141125
728902
477015
520101
601274
18861
564611
386567
477155
372152
593148
654911
651221
502867
514038
471014
98791
252713
413812
493867
544577
491695
390567
657015
118076
464585
368084
594338
8786
254406
696283
509163
728813
80976
395482
502823
731317
124165
504895
529303
304249
436922
740389
511797
433573
47125
532803
34136
515018
643655
654363
554822
78019
505104
374596
406134
516079
648394
709277
377257
600086
443831
524579
595933
523443
654602
194157
178551
255935
514581
740456
268849
292549
644231
272822
655131
665244
419640
187823
558922
518513
518750
445705
740811
435850
709327
527193
654671
534398
403436
6396
106510
703306
511756
656074
520819
539684
495417
429839
449909
530436
16229
535297
469459
368938
465102
368982
468125
267446
237886
436061
183994
356626
389037
464391
476930
632267
653173
511096
662634
508829
58831
108332
558314
655643
728829
444450
435949
149185
56729
707916
268530
302977
604479
490512
741526
515704
9754
504281
478429
352768
484412
591151
413678
172979
370666
647090
720669
713729
77578
291623
499960
412370
157160
6360
234282
181163
523238
437043
208912
262886
74647
24719
495480
465808
437083
631991
592286
486360
594099
460179
513987
289063
7001
533122
26745
529509
314261
500775
438953
437638
709439
78948
531106
518084
471403
528300
743231
592283
77558
354056
446357
444472
743227
522507
632586
174103
609663
567572
421509
303676
583896
7236
368794
235750
490795
529340
491494
301404
433529
100431
337730
743361
375957
644719
435103
410596
208854
79018
269408
592142
437366
514012
8715
408241
75066
369615
740465
524910
525634
471991
634882
461655
434453
304192
464416
397978
503222
743329
516157
183684
424907
719951
143604
433750
406756
149443
709644
518250
587979
421750
358997
507866
591329
344088
115232
726012
431668
140944
727355
743236
654957
743270
368214
406423
26232
346868
493401
84
525163
562920
591140
504765
258429
121432
185675
433427
8015
356549
463421
213724
632918
512898
437385
603676
368315
524161
431400
561411
523004
120250
275865
334707
500333
14770
370503
374588
654718
374043
473254
363308
202238
95600
515329
401903
179565
301613
558536
69855
406683
656646
495674
715194
23270
521969
253197
493639
405880
433615
444441
382044
407983
500156
712543
588655
190086
191510
45107
591190
535762
268675
172791
238839
465849
655904
507433
632721
137516
184492
397891
743449
7744
435560
370312
603040
98910
706889
8036
643552
474787
510172
356366
356331
595234
156055
127126
132599
582627
153752
632685
656803
527861
54642
590975
156346
519320
546288
182885
653138
479384
636624
591162
416848
655830
389638
575869
108029
285847
369373
507680
475896
182255
522632
577202
374262
5710
445893
368402
398111
517216
209983
184211
165736
721234
632447
432996
518249
632485
741364
530823
399758
55879
221847
5111
365405
116448
490415
521456
515487
444517
107149
406475
315137
410197
414332
410817
531371
535192
575782
332197
520245
187946
485449
171626
520414
701324
641872
475382
522662
497443
203952
492555
27160
165724
591680
418175
467807
567598
386225
125898
437779
443061
155742
485060
5062
150837
77100
76917
500067
303649
347535
337766
632032
75348
401929
631643
521124
125867
502773
438227
438838
381061
591697
474978
532699
167535
133916
463295
740440
476432
408903
78466
371045
428
44693
89864
503594
520259
477346
694353
484195
648565
656473
380887
433307
743409
105460
379018
491912
436031
247186
514050
90708
473583
527874
2484
728814
592566
247700
743258
469376
177633
420269
591605
152774
164070
195364
421848
469175
7037
103183
743378
355141
103832
743285
604551
632466
534169
535319
237480
632570
643683
368433
471162
631580
712598
428446
5509
465543
75819
654566
520189
86905
458414
500409
78060
559428
546407
14611
496191
131673
731394
643565
535804
84113
185774
740521
6418
75703
181301
533526
444118
533479
436568
277677
25333
495229
421150
709171
486084
702010
591405
435933
467751
323489
2556
593920
480506
664011
712767
352018
442782
369168
743339
372541
128420
84549
130988
118820
429
506415
551713
415950
437594
148272
464652
412019
300701
274873
653163
388236
509791
525392
531785
102696
731605
6906
436439
522520
408073
654794
2057
368296
514276
250822
444986
533986
237506
523550
446146
387208
370292
554829
301478
192103
521809
270
483494
655066
696238
192326
525232
26516
171825
657131
102788
82890
440475
591198
119251
27182
522500
502659
518460
370473
213394
517820
390623
369755
437599
533551
36959
182698
193118
533282
471207
495138
445898
558476
408142
28249
558009
440534
33719
465374
518774
99488
591311
58992
743459
282700
292493
515890
508343
433670
529862
516023
183617
76686
591798
412468
181244
494549
474643
487393
593382
493709
2030
720672
418198
654836
65029
42400
199695
14317
715556
677546
19699
239388
515475
445999
57079
276770
495755
443430
10649
741408
414099
26837
517641
191346
523512
20013
592804
269512
87734
714330
189772
293818
493668
15250
655642
643813
409034
40919
517262
370770
740620
248746
75277
14555
567342
525251
654636
234521
11125
484138
444451
308171
631725
194698
713334
131151
314359
347187
253903
512686
413111
166924
279806
510078
484950
518773
5452
438683
515247
699247
502876
412304
533831
503510
513083
514242
707712
104925
368710
336681
435512
12107
654849
656547
200022
126248
632177
438863
86724
244580
522997
483538
181097
16606
355983
654475
520313
20157
111024
441550
171280
534255
741156
548088
469386
467097
741289
740475
371856
82028
515848
297413
474584
205627
43388
524590
120551
661035
85155
518475
374774
445403
79387
460974
170568
405156
508725
659360
655445
727652
287692
727580
479766
480400
632339
355177
14846
93235
722260
402752
189920
494705
145575
567457
300141
463483
473370
743377
412836
213198
356766
35490
239666
85769
150580
397705
63788
517461
655327
558446
558364
495710
155218
93002
435755
655046
522895
699841
202011
514578
507243
656657
211511
143187
514821
644628
75367
654668
382212
26506
632219
424184
376933
432862
280378
728931
467769
290758
512815
472838
115474
66048
535011
124147
3260
171342
288284
180535
510375
591054
489142
532164
1197
21938
590956
521989
646318
709967
503093
468410
87205
215766
434081
449913
272259
487027
77367
231616
62209
567453
300887
460336
368551
533624
143878
654652
649191
632731
12013
432706
8102
379186
236774
66915
729090
79081
182014
75256
76394
181300
470126
473648
59719
330463
310637
22109
121536
478868
336916
2853
709489
110445
465761
274772
505339
654868
117167
7101
333418
652390
500842
591934
503022
404741
625768
73527
144130
1063
474705
365207
128959
396447
592074
496267
153961
181297
412433
370408
501135
442344
194754
443258
657632
603629
368626
434989
512607
743233
9661
507584
489365
507260
602757
527105
212838
444319
597349
459573
384598
516522
601591
90073
187569
35052
446336
559459
708268
485717
412196
212140
498569
33962
46894
444279
122926
467824
743509
94896
462680
492212
279929
487143
209113
743242
107003
380138
26703
421907
488143
659857
531251
3416
515542
435044
307835
77897
533192
472437
532840
61469
512841
564847
241543
477128
280130
135646
656112
227777
380389
632554
309763
591767
25691
532683
691948
435001
517582
130014
591127
510958
433381
485360
431043
506276
643780
632385
149305
719189
514806
731683
463642
591257
173524
20103
134623
519842
78989
627414
339278
599798
19025
511138
406549
258326
650382
483305
415299
647071
477028
603131
597664
412517
203206
4973
198365
438219
406607
13880
732155
171189
146079
530053
632604
131711
591797
202
593973
690469
160565
356190
326805
20158
513242
5836
584957
460317
501778
446425
433668
369761
648878
291487
708153
505676
334637
210546
252828
552
48849
477959
65234
433291
30561
6891
370140
712553
106876
213264
211600
723344
424589
743256
534052
7739
491336
153177
731891
285051
643548
42644
523500
601216
440401
152717
343873
406460
118243
524216
379785
444743
410965
163893
498732
743475
334772
433439
180877
518123
646490
534770
142442
483444
246381
740360
708182
250581
186649
408461
421245
356742
477325
17200
465778
731729
445892
470588
535711
522530
276878
171501
487341
164419
472852
356440
567498
567943
715494
368149
660143
26333
75061
516539
406534
696631
184298
418533
632708
403171
373938
30619
705323
73875
387679
4900
528087
591293
282376
808
289092
513490
516075
111377
7012
714127
116419
656361
194816
591230
148559
379386
401842
348979
29276
443031
517430
719935
109672
376071
279640
567248
499839
486502
520967
140720
34012
227656
592049
529400
414795
247077
501203
519718
169358
108080
69499
743224
472010
501794
467284
309231
323396
108408
257664
632282
486063
529989
522090
193842
468702
632456
91728
597715
440604
477003
444673
351413
636359
708017
633601
527980
167700
594250
445757
534667
146406
436617
655602
482038
546283
501561
592289
82316
374503
373560
654750
473256
370581
79110
707137
13680
515255
8033
503911
491148
506655
154023
286221
369488
7736
249600
144114
519909
59757
497788
591474
25300
430646
504620
113876
433732
234434
106650
654838
644906
654439
191179
657355
311346
533291
656244
94695
131269
517601
5662
716456
513268
653258
615131
7277
437058
481927
661876
368934
156367
422662
740477
632120
323562
73037
591768
720829
517356
513578
522110
406840
5719
382202
513439
471975
12813
478469
515517
435342
710026
518099
481898
655988
730799
8878
49143
326713
75275
76480
470627
705699
632368
421257
517421
128813
523194
709447
443976
115467
529353
13645
195740
474781
173878
632236
743514
291079
6834
523185
314263
740376
483486
105818
146668
631567
131431
481860
517249
27267
502528
513520
513126
389996
506652
249441
513039
647419
55148
504237
471818
510324
532790
567235
167317
75117
711461
409602
197320
17118
63489
194333
404186
465521
515053
19322
120
743413
356270
61389
4747
591666
591156
356545
76561
643120
183706
741158
518540
521487
462323
464472
576320
654815
668611
436186
118631
632176
381126
87752
137510
519659
515162
454528
666524
446315
57813
604110
432984
508479
644105
703523
191215
709545
335551
54483
353181
44402
520102
467192
464572
21577
715543
509008
531388
25348
73809
655138
494614
705692
596543
476018
459265
655369
302903
516855
160556
631856
24030
605432
161276
595201
436657
743272
500419
741180
59138
515472
144058
504597
730686
199625
144835
43505
512636
129673
530479
289052
432562
440899
356321
656600
568229
435741
647011
146393
269775
518611
530381
74471
293130
592238
1770
584784
531064
497183
234074
88556
658612
59159
517307
77060
570274
406238
485262
597216
108002
657969
546271
282901
628599
329327
438064
48348
529677
388116
31712
2157
187884
523835
624245
530000
477547
514870
277624
134688
75318
602015
468972
7165
632415
487540
440848
726435
500007
643658
524571
26593
114198
645427
655088
656683
531788
515274
387787
480190
731890
586650
513609
698060
437275
309090
79322
518244
411300
590900
513726
529059
106185
741204
158932
36972
46578
591185
475663
508524
502244
450230
443057
518374
487296
702907
396740
505806
98541
532359
420796
523852
657163
81469
111779
194143
21907
334019
251531
510402
518265
435369
173030
643167
98041
289019
743379
433540
432976
55682
584996
50823
591033
654628
462590
424126
47367
647105
26010
388654
529451
513055
596607
513491
518267
372688
423348
731127
523302
99491
30385
651905
632293
458390
158174
655082
503048
148656
498720
7884
265174
442658
532399
446588
591633
660757
524464
245540
181042
300624
155396
615092
743239
699301
654619
728857
714749
124156
733448
524488
743245
647074
522675
270869
529618
288912
479874
10306
740413
655346
446852
700839
432822
529272
403857
317190
422336
64064
509916
8739
81337
310640
171182
520898
139120
479693
17719
655592
48499
571177
716464
643005
429608
6093
233952
656
405614
435811
391464
509736
652273
250648
743262
474436
413045
255973
513797
643610
380118
728759
498543
703237
130774
518299
200738
248785
134084
40758
36958
122346
713742
524920
656931
126667
516646
514470
109929
655450
83722
136102
507805
519557
709514
509622
368920
502328
656271
632707
515688
591463
535734
104019
187763
529438
23960
157394
510927
464336
74405
126941
562154
501023
368866
425091
411480
594838
483564
511425
130759
26613
712666
493309
158688
54697
406300
477083
492407
600789
468026
78065
110488
632379
42806
553987
658489
709245
643536
534363
74655
444157
369052
644802
8453
120844
510939
190968
741177
655257
9850
529053
191164
523262
534346
741411
567596
350268
474233
476308
593159
445497
490224
459095
508284
381219
510635
328232
534847
655743
368855
371199
301685
482269
436578
205163
529846
709893
75659
3972
426463
376681
495349
283322
652334
18021
633509
90436
351296
66170
334907
3887
533287
369438
512732
232194
469879
705517
368282
618430
68714
465627
508835
245798
654970
584900
380372
531111
412586
191518
515122
430849
386390
732284
33187
23348
443625
2785
731388
591242
425769
534453
482873
189716
266331
607819
461117
349955
210283
700632
514920
489284
445803
282678
407771
23956
517338
523332
373763
618145
578973
92033
315230
370937
62314
584851
632200
6191
713564
514297
732570
182982
319247
409934
380291
524599
16695
5912
175437
181046
271643
409989
31439
153563
14623
355348
99821
25524
435022
641481
371350
497741
381189
520215
224008
86131
474833
591975
165195
500526
557850
77695
501286
485380
202453
88297
25601
127310
546285
499429
476525
271510
484371
258314
9061
173464
645317
660130
389649
444749
80919
528703
595507
654529
347270
534338
118725
438429
532265
495240
406708
124027
75528
517948
443330
98117
496459
108112
445981
446427
589924
96322
356061
114412
436585
467637
406461
90303
2780
435255
471851
532082
743248
44766
473838
513870
352541
743223
205392
137427
533273
381079
466391
166556
138860
14745
364980
517817
525330
460645
696211
469030
554831
502127
371720
98475
252387
54941
356654
181368
456557
503787
656185
25597
514373
15200
61268
533878
293971
438236
631845
449609
24379
741422
147434
126905
372003
507122
129780
231883
24422
593923
8526
279245
195471
475688
293653
708195
500512
591968
88012
292088
433512
404089
655782
658575
433269
163776
420229
474914
352677
514303
161000
567968
274422
665456
233119
642874
593014
21398
517603
388739
178011
90107
668950
658858
519972
9857
743263
724032
14468
179718
727344
520623
591095
631614
388034
311609
515032
235069
554791
292356
250429
117825
372309
561245
154494
436636
507498
334534
200230
498317
516077
482910
505033
524498
76244
516155
434213
512670
657617
400295
271791
9527
502302
581171
195727
333526
413359
654824
349283
488478
631827
713173
118400
586313
15476
578433
433901
112318
334612
515371
603930
732769
652307
110675
513292
109051
22410
520973
477420
558422
524528
474740
506748
655657
7570
484242
75864
406096
434886
516632
151134
370555
3094
20768
696146
104672
630181
534384
149894
500340
729120
524815
644997
162233
80986
502915
271044
120319
591166
9589
644708
507910
80132
38039
356050
470233
496535
372286
28491
658099
436527
1314
406510
363492
371889
440955
728838
546261
573153
135406
718626
471528
313
654562
6917
80658
444332
469694
609336
438289
443577
659871
104315
554892
435832
369920
270428
610830
524741
7055
77221
462086
406917
743324
460298
20521
484738
130293
515271
643560
592045
643580
402773
273330
136309
432760
567419
159161
279696
381123
445534
226117
298345
431045
467740
591455
160786
508848
200804
371210
463278
530698
533770
460857
533474
460355
718510
743254
445570
458320
524574
533573
496279
118554
504035
462998
196176
593430
131570
410977
643600
83190
208680
372082
460807
30570
489207
129261
525088
12271
429819
412707
34906
656466
523463
485557
466693
508514
24167
396644
631582
476365
511251
505652
165575
75527
514174
36794
621695
284491
159130
171909
155975
284207
475538
573143
505735
87726
12393
371427
398093
592184
150549
21765
655964
567426
651436
283652
444356
211602
513632
381256
508010
220971
592121
371698
654762
515972
339735
696231
50425
521212
654817
326801
584845
444106
380250
104613
412117
21631
530314
121028
475525
26904
191213
368592
607928
727669
32984
527524
694944
435004
6483
584985
279583
523299
15535
1472
154210
180414
62661
594084
433795
596704
469018
591760
7353
284297
654465
34045
246310
518525
408846
416216
644919
696087
650585
125525
321273
487774
524899
190495
433222
496255
310645
654754
326387
128067
408528
477287
442798
372680
514495
437178
517145
466165
132760
469872
236828
38449
442609
654447
119177
311640
605775
437855
237536
731519
529495
460693
155827
464210
147381
553723
436161
242458
320823
466662
466987
157401
731633
517168
188634
473163
529178
477361
62275
154320
321045
481186
356377
405410
370771
731563
172550
522555
24583
173203
567295
460468
448588
480454
526521
78888
533597
412587
87889
486285
520287
505059
42645
12457
504687
184233
17466
375836
743343
474949
558519
122927
519523
135763
567779
515183
7099
269560
202677
207538
49105
413482
654922
731908
259412
501345
591447
104203
371021
135146
491767
135087
520348
507087
7158
546292
436445
732098
525061
23248
631602
533712
159014
120323
436792
654525
4055
142074
460923
495035
463456
202672
534679
234681
515243
114309
124246
117853
460141
482868
128690
369998
75682
495704
478095
647094
243564
741531
446574
73291
555910
82916
274407
523930
396393
35096
20107
466775
168799
467408
449076
532091
700779
246112
289347
356572
152385
498397
257008
83114
180903
455493
514474
207459
463041
132499
118983
146602
496943
522357
518805
356769
160958
470654
42151
289271
27059
434864
169982
95835
511991
734876
444632
378103
444179
653125
11355
423163
267194
497148
632326
655410
654400
236361
11594
13662
532755
578109
177766
128856
650158
591040
380403
432485
491440
531581
82887
313544
517581
643433
471933
213061
1547
95260
9822
374477
408054
87016
265018
283734
741179
468840
595133
661749
658436
10903
304682
534457
461896
31082
593379
529778
14839
40763
24553
151220
502914
591241
481852
295137
12144
598862
524214
445129
93659
82116
91531
531550
154163
591178
743301
132225
643130
591741
535464
151787
404706
310456
528834
646614
512799
619593
731507
527748
458355
632549
521213
139896
18573
298990
476415
492445
509718
188456
508021
183232
45719
731613
591097
283416
59368
513867
272838
611911
655255
170999
440776
227817
4082
496074
469331
434286
38034
283551
180919
520640
369091
435771
655405
129055
656870
335918
12082
596461
405590
439662
712722
426359
107382
476270
388927
122752
32826
5210
654699
593413
743323
494457
152983
743431
707374
371563
524871
35758
438673
438587
119192
80395
516119
513071
420757
380933
633165
210367
377090
434953
497220
730643
369017
460960
652371
423968
743393
712563
633566
632578
500165
132161
148677
115242
446850
127401
502883
515344
173859
459927
282113
3873
459391
282998
444028
171695
465885
271667
501012
50002
186756
21213
490347
591790
367437
501629
348762
16184
594238
523424
379912
264482
290404
193725
485081
119387
371680
470804
412103
485606
333297
12677
709218
238432
48384
530712
79402
116935
511477
14333
530904
186350
434255
128199
460574
741249
529609
421956
1183
182825
112895
479808
436687
75914
444947
370247
8372
287471
118651
50382
495731
405144
730689
156445
180909
743450
275757
512465
514840
497684
654530
325838
467084
647061
709017
469264
591787
131255
191887
210532
25674
127799
506997
523836
514496
467524
16003
608380
534648
516746
89575
659311
461379
376046
346736
>un
695965
607603
602373
740598
705958
706088
641196
594482
479728
728912
567919
743528
593827
609266
595298
533491
444975
712951
609963
706913
714430
702959
98445
741209
728339
696997
519738
661296
447714
702609
596764
720616
561762
567846
682362
533222
653742
658706
737258
653836
713582
702075
669594
660308
705836
714488
712829
730816
718605
568386
707086
696880
406191
707636
595578
602115
639879
595524
149950
634045
593100
356656
463382
730712
603764
669024
743247
656848
596067
668593
495227
371668
671336
49329
653860
562079
519656
600831
54751
561886
668059
605386
78592
708256
570084
666292
728969
75668
654881
653798
696766
741687
603052
592281
713997
736522
707152
645327
716502
708672
596026
662769
713774
708120
660895
560012
634469
596998
716096
659133
715084
721284
714046
643072
715129
7753
712931
713973
731735
593276
495566
664672
657245
346452
713727
707052
663896
662054
592789
732696
236726
514690
600774
644847
708263
741275
731443
595300
713336
668276
655427
659564
603251
355664
356721
702591
721030
708540
435610
743219
711070
96886
694849
712749
536898
712697
596326
652533
731577
720446
726725
370475
743220
633059
574658
713120
595349
594402
593376
593005
649599
696775
666017
706044
713850
731430
708287
702596
702472
655266
657705
598320
703132
731685
594309
530412
731567
702957
710041
603403
405427
644686
732557
663857
400256
710718
3353
664718
713644
602851
696830
743288
658540
595435
715546
645643
733880
362343
36927
724214
530089
732005
633061
732247
577053
667728
657371
594486
232417
741511
657607
600625
703194
720350
715913
731606
732079
635795
741829
721505
713021
432390
707389
657761
593056
365071
702711
604400
449880
662133
732362
374577
377961
663194
533323
599025
626461
435736
600838
710734
632539
602608
131365
710176
660257
712828
528583
709846
519520
712768
734506
713429
708615
598192
656808
193857
741682
656166
591774
610125
714856
708459
426104
673658
733555
706888
662857
238338
597387
713020
504856
664717
716776
721523
715310
735616
730745
671248
655575
668933
732411
518635
448226
705738
598641
662923
676483
387576
731536
444651
703274
724692
511149
708775
653720
567702
554323
660631
695105
669163
445500
663131
713793
433010
266826
720876
714443
741257
534603
506989
709788
726939
714451
740765
272234
605230
714301
593449
627877
707396
734518
707751
648985
594879
520714
655411
648590
708492
729699
644980
714318
599516
657592
651574
503584
715968
712750
647031
481657
664803
517731
740776
714361
605434
579401
596214
713075
703441
733720
704499
664584
696679
714992
737319
27608
674865
655579
658782
448879
607231
603806
211944
658736
659940
694036
720884
660568
732334
702955
661446
567530
131463
713845
644744
644654
700831
645304
710868
597545
585683
713916
708727
656041
591538
666894
697432
632537
654867
126962
732529
596629
702650
38218
149201
435979
734863
600843
700948
558835
545418
714487
597910
715960
495410
555279
713858
713009
696110
710825
743275
610461
512525
480743
592455
604295
710162
434075
667606
514118
601086
667843
713586
180171
730749
743458
635445
655893
668558
668106
707223
590939
172028
536537
718947
42650
740728
713634
601149
571106
661471
657368
708202
596398
592851
671905
733684
705884
713025
674322
335808
269909
519855
293184
592555
671158
719468
709835
595390
670361
658408
720702
642990
702684
643727
654621
601206
696773
731509
714913
690843
595572
671741
733955
498418
632400
413238
654680
489045
669020
707012
735339
701394
601001
703632
646884
668429
596171
446484
668079
509398
702963
632972
709751
706874
306329
731805
713622
729688
611129
246593
594832
741454
593113
676099
660781
694262
595704
713664
696758
133261
427236
527515
699316
598813
732296
740656
655185
634568
89257
705681
656292
634406
512372
597612
654763
659298
715053
702330
737856
713706
603855
268887
732633
732052
4104
628728
732267
592717
712597
492869
714988
670098
668402
713585
374124
696854
731478
707733
214218
130180
733029
590898
482549
743687
658357
675139
741683
337307
696399
702961
529555
58612
668275
555099
662793
661243
539394
712954
741178
734262
667723
709037
196034
586298
694978
699970
713920
603803
491779
14691
592737
709667
662754
643648
707284
563924
732001
594609
659931
632480
700008
121108
731423
593474
449095
669023
729026
644781
686261
674926
520703
713035
507978
410554
450979
664393
702565
650731
594046
693867
595430
658801
715765
658605
713768
714380
731532
734579
743290
368960
522158
232289
598453
707273
707561
600269
702164
632891
655101
644072
707587
715147
607204
443465
553908
661596
660733
631599
662768
655836
596742
120633
535901
444049
715063
525358
702921
594008
695103
547622
713828
599596
721286
696702
594902
72981
713921
554021
664330
741833
728162
7370
178111
713755
555895
665556
662429
699340
486304
709696
713031
715953
631554
593783
669022
708162
657183
665191
>part
>ku
>uu
457224
600773
664244
664252
664266
600772
566566
552272
610573
667731
734896
651640
542262
687637
687321
610458
607043
604699
635400
610747
538224
735467
605097
611176
543517
671341
671271
671145
640532
605081
649830
560432
211136
259028
611174
517807
604711
610446
605159
668941
145320
669505
639505
671334
539273
492273
543984
671147
652671
611173
607148
563204
721366
635804
607275
671262
566350
674909
671335
211781
566309
671338
605163
605265
538747
539477
605612
604712
163341
537688
674859
529499
564862
674858
605162
671337
540465
668062
546038
674321
607232
542610
735440
170666
734562
164131
668949
165751
573521
604704
605161
671350
125720
539929
543494
605575
538389
605084
734532
607025
607660
644961
610743
604714
607149
576170
725581
715939
674324
734897
674860
674808
541038
610484
734965
574364
336224
675149
671222
213324
674809
635401
624705
667732
545883
604111
725349
741961
687285
610752
674864
636325
541739
610481
610488
539254
604700
674818
610753
610745
605098
671372
607146
636312
538446
607229
675138
669265
603761
667727
545365
565177
541499
610574
562929
542612
540209
734508
671155
734263
735338
605101
605157
668610
538934
636240
734892
607150
607230
609955
544401
671373
540564
537975
605514
671339
610755
675752
669021
636360
566282
667729
669164
610486
605472
675140
674792
671255
308615
603758
610390
675757
564324
568778
544426
734435
605517
674815
635778
541774
605287
652
543049
669467
542886
667733
413595
211163
635791
534722
545265
577041
545260
604328
553879
668272
538502
565469
668236
604133
668077
669110
669167
605289
604213
668108
605217
604135
544301
635457
604801
668235
538877
541989
605218
545257
669165
538761
669111
668143
743694
635409
603885
604297
>kn
160550
436500
18192
460232
596537
149367
681616
483772
654527
506325
249718
589862
105105
596679
500104
36053
578546
713554
434937
505874
659147
439481
654989
256278
524210
235992
594307
632238
104661
530477
9234
460459
407694
504877
532851
12439
288773
203717
293563
654827
319334
29899
95162
339918
546287
743286
153479
709406
234572
646511
216653
432413
258855
324271
124126
270753
445758
58488
431279
65135
99884
130098
75812
701991
474935
400095
713956
943
580300
82793
501991
523680
496710
201858
467898
80642
712658
13366
516859
89497
523774
496414
640836
405692
492121
416108
523789
571148
446429
322430
656782
408427
469473
531856
513851
253726
83753
408324
524648
148641
610717
20716
369921
5443
518355
433419
368078
741169
635313
377155
5324
409140
9873
212680
521459
494691
33476
726537
371957
440900
592145
33642
495511
534527
471779
463320
499264
79411
26890
156727
741750
532286
592591
430589
114033
519162
144407
57907
632671
546269
502338
365116
196990
434044
81170
654951
144468
509414
3100
496098
469615
730654
446374
584809
118394
477440
631923
631860
631814
325978
180933
153026
657869
721139
344151
389378
529959
530024
656902
32470
167641
530096
344400
731513
333907
731828
486548
368254
131704
489873
728799
743421
856
231411
743291
488307
445386
632717
91389
535276
409662
485195
413416
494173
502315
464157
286226
204773
741319
270244
234149
270621
729163
728756
584842
369056
35947
485471
433701
15744
211079
484588
720151
534307
591610
438993
97439
471441
370504
468801
743583
82502
54457
516306
438994
155040
430075
143674
437256
443914
557550
732060
516111
501735
743241
78880
434996
369670
377894
660936
731481
439548
161377
707401
77793
348418
468442
191219
13781
655606
524271
113823
153504
502208
314327
430551
654585
645792
163424
459596
743444
523702
461131
95612
269577
274531
479386
498115
416769
437966
399958
654594
109731
518562
62578
514196
133107
515785
558541
372378
475733
369624
81848
471452
23650
1908
104879
524762
510327
250758
531807
534575
586423
89545
573490
151218
652114
516182
342307
515846
12333
661238
435579
558499
607212
356285
468675
741304
75069
77961
311363
22546
147027
591805
434340
483296
128548
126221
705431
743229
380953
433180
534331
171011
459106
517066
75064
436803
593268
298280
720061
439815
731537
502759
19121
355753
87385
531701
200668
460885
498586
82719
509780
644306
381178
149500
75516
743331
43744
507452
721240
664395
486357
128258
129206
532609
370365
444818
499489
486470
472475
525084
81892
126517
462392
476179
504609
420272
436203
474751
306307
495656
665686
10101
486507
119023
491861
634380
102471
556986
370360
632637
655915
54649
356624
127022
440049
368783
520063
77542
437894
632581
369840
491805
479396
18925
5258
654536
284630
649372
292882
534261
372924
595072
519168
743218
155342
61188
567367
118166
239154
331431
312485
648101
143410
466471
587054
524224
741421
231750
183528
656274
47649
741434
323445
516160
284279
605082
389733
523009
655613
159494
409911
405987
445977
741412
518609
386324
430425
508644
729302
743237
407368
513811
509523
605692
100874
606320
471675
521640
492740
530291
723236
555973
373857
532768
92236
203099
465985
350899
518827
733045
645227
58471
177841
655393
654470
517981
523829
516032
528803
656769
387804
515317
731748
555866
696074
591868
173094
478275
435080
600114
521903
494895
8867
96513
492261
743287
645337
647082
517265
574492
656937
626404
370858
37982
107845
743277
8118
475401
388170
528780
706868
729062
267632
467662
83731
926
445387
529571
151777
643544
559426
743298
740414
109520
23363
333579
579691
634244
268326
3439
438824
732509
385493
524630
29679
488877
4988
577256
2259
487046
107387
374556
653202
636480
512627
368610
654856
482497
513457
47061
559115
729719
59106
460238
77269
406223
655336
418795
173162
39429
489201
370895
523660
518417
591731
482144
159028
81328
147433
659565
649965
37916
436142
254042
654514
520636
416994
647062
73090
520133
448468
509765
476448
174050
239631
127610
495960
333120
524518
480356
288761
505802
446149
652183
467866
656411
632226
338207
185597
654798
378532
709408
511605
24763
10326
449098
654387
658995
288178
189409
718506
5308
434102
733411
595983
1802
446680
512973
526704
467701
311100
743297
732407
153458
431317
567662
464779
112444
449585
158560
523696
355934
1239
414565
653504
513803
743234
500674
409223
655055
632314
405662
440544
534560
518731
527973
435661
372265
664080
68879
201641
519873
294147
276271
5245
529094
252457
229641
446079
105891
363572
211594
311190
26605
494419
333786
504096
497599
189329
511801
594434
438720
316890
372914
515500
213470
466539
470882
643498
503239
446260
278569
377705
111632
181444
731797
43899
646508
647421
663049
9196
465224
15580
368404
654745
22065
260603
203910
514220
75798
439480
740386
647047
732409
529631
75841
194554
200600
649307
724025
444569
97616
546286
19872
368376
602573
370102
497487
511668
388297
319171
445040
521240
421608
274263
282997
654907
166120
247362
709
15738
596014
523215
547009
656294
484188
363137
533355
517436
634632
100217
445081
524800
571841
534494
730789
192374
590872
592292
1600
534322
192221
654758
21902
466044
485130
436204
520814
170622
369397
481571
403917
325081
356647
70312
741406
502948
591084
350966
517888
469630
151573
279746
116237
706130
75859
109225
596756
720849
534360
23111
146585
106674
388188
600823
525459
167115
480073
129683
507162
535731
129634
445080
437388
431092
433951
706105
529901
35828
7089
302145
647707
434888
90280
108957
522114
191186
432397
325531
528006
231761
524308
485246
731784
411081
12084
1706
518203
517422
458346
533050
470417
664380
631642
523936
489287
647035
90093
447506
121676
389107
82919
731863
525600
1799
709521
435941
474069
368525
38114
655909
508148
355927
501280
43213
10842
838
411138
614080
430733
522795
144949
3530
77500
425777
381167
655210
694157
443875
171061
269988
20021
440932
585378
522817
433702
458276
604001
234896
473341
592519
481202
69745
567828
444229
321541
380233
720980
480938
247824
30011
74564
643431
368367
416214
726215
101150
406799
522789
534454
465645
435136
728802
12250
306412
706346
517134
434401
176503
472831
512676
599039
21701
339639
517293
14601
655392
253305
274416
282410
651228
113916
591104
76753
52788
425125
135471
491682
292925
488189
433159
468099
492599
124922
201253
376208
446065
146339
584801
494901
529782
75199
303116
733180
419463
461183
729356
46446
30868
528320
650174
420076
29724
533977
496487
654395
499758
592102
524530
664267
335034
479634
472409
306242
5199
643553
444468
336768
277517
523822
18349
724010
521168
533732
180062
34871
443723
367854
464071
280342
116877
88417
520048
49760
624002
107125
204947
67896
534404
310421
531403
655285
301412
118351
642817
722104
714608
508266
47062
96485
159118
701892
632446
732450
695681
380164
370549
6147
643267
483616
285197
446017
591014
142023
194692
487062
743267
529408
287379
695
11638
369762
420445
529735
288382
5148
472860
19196
484813
33366
27621
560655
8752
17614
144073
465144
655855
524390
163113
181159
438830
75254
516808
461074
415067
190334
25245
497579
129758
530970
236449
524828
591003
614974
578450
631951
464137
153678
143250
546298
534450
30495
288974
237825
380627
436944
743403
475506
172928
128065
731647
460109
535972
475812
498570
234355
266175
408623
503165
101014
741244
437403
514308
512675
513296
443240
2795
654698
1560
160562
524183
332382
631989
370100
300816
732095
567284
13845
131452
467210
381099
391463
122523
524219
356502
518614
513053
533444
431850
367900
586279
523454
349656
17109
429180
232721
405913
593351
520943
712713
380857
685225
522418
631659
477789
75110
512235
375684
524760
654677
145605
655165
552091
554883
708084
730597
485899
534350
73722
731454
512934
445827
706766
146806
534309
435458
707013
444301
596314
77890
189782
370480
119598
406620
352656
296031
645015
369574
351279
515249
600861
370927
446172
437060
591815
97887
263812
741157
536655
268939
350927
2210
158195
567493
522752
592510
490394
307913
740445
741199
515351
647051
387567
281707
569831
485233
644420
473937
36587
525557
491322
496666
299002
706674
533446
280951
487933
75890
486031
597649
134859
434232
713578
728916
136905
332708
89499
741263
496969
189690
405958
447458
515947
212102
86337
437277
501622
632294
26403
434133
106212
256526
371282
534540
513926
78771
369779
503709
731555
594647
651219
81424
306769
522257
655453
499145
74576
632865
161357
655201
534196
387471
632486
155839
397609
296169
440494
432491
592004
632346
299055
1869
408909
591710
356799
141125
728902
477015
520101
601274
18861
564611
386567
477155
372152
593148
654911
651221
502867
514038
471014
98791
252713
413812
493867
544577
491695
390567
657015
118076
464585
368084
594338
8786
254406
696283
509163
728813
80976
395482
502823
731317
124165
504895
529303
304249
436922
740389
511797
433573
47125
532803
34136
515018
643655
654363
554822
78019
505104
374596
406134
516079
648394
709277
377257
600086
443831
524579
595933
523443
654602
194157
178551
255935
514581
740456
268849
292549
644231
272822
655131
665244
419640
187823
558922
518513
518750
445705
740811
435850
709327
527193
654671
534398
403436
6396
106510
703306
511756
656074
520819
539684
495417
429839
449909
530436
16229
535297
469459
368938
465102
368982
468125
267446
237886
436061
183994
356626
389037
464391
476930
632267
653173
511096
662634
508829
58831
108332
558314
655643
728829
444450
435949
149185
56729
707916
268530
302977
604479
490512
741526
515704
9754
504281
478429
352768
484412
591151
413678
172979
370666
647090
720669
713729
77578
291623
499960
412370
157160
6360
234282
181163
523238
437043
208912
262886
74647
24719
495480
465808
437083
631991
592286
486360
594099
460179
513987
289063
7001
533122
26745
529509
314261
500775
438953
437638
709439
78948
531106
518084
471403
528300
743231
592283
77558
354056
446357
444472
743227
522507
632586
174103
609663
567572
421509
303676
583896
7236
368794
235750
490795
529340
491494
301404
433529
100431
337730
743361
375957
644719
435103
410596
208854
79018
269408
592142
437366
514012
8715
408241
75066
369615
740465
524910
525634
471991
634882
461655
434453
304192
464416
397978
503222
743329
516157
183684
424907
719951
143604
433750
406756
149443
709644
518250
587979
421750
358997
507866
591329
344088
115232
726012
431668
140944
727355
743236
654957
743270
368214
406423
26232
346868
493401
84
525163
562920
591140
504765
258429
121432
185675
433427
8015
356549
463421
213724
632918
512898
437385
603676
368315
524161
431400
561411
523004
120250
275865
334707
500333
14770
370503
374588
654718
374043
473254
363308
202238
95600
515329
401903
179565
301613
558536
69855
406683
656646
495674
715194
23270
521969
253197
493639
405880
433615
444441
382044
407983
500156
712543
588655
190086
191510
45107
591190
535762
268675
172791
238839
465849
655904
507433
632721
137516
184492
397891
743449
7744
435560
370312
603040
98910
706889
8036
643552
474787
510172
356366
356331
595234
156055
127126
132599
582627
153752
632685
656803
527861
54642
590975
156346
519320
546288
182885
653138
479384
636624
591162
416848
655830
389638
575869
108029
285847
369373
507680
475896
182255
522632
577202
374262
5710
445893
368402
398111
517216
209983
184211
165736
721234
632447
432996
518249
632485
741364
530823
399758
55879
221847
5111
365405
116448
490415
521456
515487
444517
107149
406475
315137
410197
414332
410817
531371
535192
575782
332197
520245
187946
485449
171626
520414
701324
641872
475382
522662
497443
203952
492555
27160
165724
591680
418175
467807
567598
386225
125898
437779
443061
155742
485060
5062
150837
77100
76917
500067
303649
347535
337766
632032
75348
401929
631643
521124
125867
502773
438227
438838
381061
591697
474978
532699
167535
133916
463295
740440
476432
408903
78466
371045
428
44693
89864
503594
520259
477346
694353
484195
648565
656473
380887
433307
743409
105460
379018
491912
436031
247186
514050
90708
473583
527874
2484
728814
592566
247700
743258
469376
177633
420269
591605
152774
164070
195364
421848
469175
7037
103183
743378
355141
103832
743285
604551
632466
534169
535319
237480
632570
643683
368433
712598
631580
471162
428446
5509
465543
75819
520189
654566
86905
78060
500409
458414
546407
559428
14611
496191
731394
131673
643565
535804
84113
185774
740521
6418
75703
181301
444118
533526
533479
436568
25333
277677
495229
421150
709171
702010
486084
591405
435933
323489
467751
2556
593920
480506
712767
664011
442782
352018
369168
743339
128420
372541
84549
130988
118820
429
506415
551713
415950
437594
148272
464652
412019
300701
274873
653163
509791
388236
525392
531785
102696
731605
6906
436439
522520
408073
654794
368296
2057
514276
250822
444986
533986
237506
523550
446146
387208
370292
192103
301478
554829
521809
270
483494
655066
696238
192326
525232
26516
657131
171825
102788
440475
82890
591198
119251
27182
522500
502659
518460
370473
213394
517820
390623
437599
369755
533551
182698
36959
533282
193118
471207
495138
445898
558476
408142
28249
558009
440534
33719
465374
518774
99488
591311
58992
743459
282700
292493
515890
508343
433670
529862
183617
516023
76686
412468
591798
181244
494549
474643
593382
487393
493709
2030
720672
418198
654836
65029
42400
715556
14317
199695
677546
19699
239388
445999
515475
57079
276770
495755
443430
10649
741408
414099
26837
191346
517641
523512
592804
20013
87734
269512
714330
189772
293818
493668
655642
15250
409034
643813
517262
40919
370770
740620
248746
75277
14555
567342
525251
234521
654636
484138
11125
444451
308171
631725
194698
713334
131151
314359
347187
253903
512686
166924
413111
279806
510078
484950
515247
438683
5452
518773
699247
502876
412304
503510
533831
514242
513083
707712
104925
368710
435512
336681
12107
654849
656547
200022
632177
126248
438863
86724
244580
483538
522997
181097
16606
355983
654475
520313
20157
111024
441550
171280
534255
741156
548088
469386
467097
741289
371856
740475
82028
515848
297413
205627
474584
43388
524590
120551
661035
85155
518475
374774
445403
79387
460974
170568
405156
508725
659360
655445
727652
287692
727580
479766
480400
632339
355177
14846
93235
722260
402752
189920
494705
145575
567457
300141
463483
473370
743377
412836
213198
356766
35490
239666
85769
150580
397705
63788
517461
655327
558446
558364
495710
155218
93002
435755
655046
522895
699841
202011
514578
507243
656657
211511
143187
514821
644628
75367
654668
382212
26506
632219
424184
376933
432862
280378
728931
467769
290758
512815
472838
115474
66048
535011
124147
3260
171342
288284
180535
510375
591054
489142
532164
1197
21938
590956
521989
646318
709967
503093
468410
87205
215766
434081
449913
272259
487027
77367
231616
62209
567453
300887
460336
368551
533624
143878
654652
649191
632731
12013
432706
8102
379186
236774
66915
729090
79081
182014
75256
76394
181300
470126
473648
59719
330463
310637
22109
121536
478868
336916
2853
709489
110445
465761
274772
505339
654868
117167
7101
333418
652390
500842
591934
503022
404741
625768
73527
144130
1063
474705
365207
128959
396447
592074
496267
153961
181297
412433
370408
501135
442344
194754
443258
657632
603629
368626
434989
512607
743233
9661
507584
489365
507260
602757
527105
212838
444319
597349
459573
384598
516522
601591
90073
187569
35052
446336
559459
708268
485717
412196
212140
498569
33962
46894
444279
122926
467824
743509
94896
462680
492212
279929
487143
209113
743242
107003
380138
26703
421907
488143
659857
531251
3416
515542
435044
307835
77897
533192
472437
532840
61469
512841
564847
241543
477128
280130
135646
656112
227777
380389
632554
309763
591767
25691
532683
691948
435001
517582
130014
591127
510958
433381
485360
431043
506276
643780
632385
149305
719189
514806
731683
463642
591257
173524
20103
134623
519842
78989
627414
339278
599798
19025
511138
406549
258326
650382
483305
415299
647071
477028
603131
597664
412517
203206
4973
198365
438219
406607
13880
732155
171189
146079
530053
632604
131711
591797
202
593973
690469
160565
356190
326805
20158
513242
5836
584957
460317
501778
446425
433668
369761
648878
291487
708153
505676
334637
210546
252828
552
48849
477959
65234
433291
30561
6891
370140
712553
106876
213264
211600
723344
424589
743256
534052
7739
491336
153177
731891
285051
643548
42644
523500
601216
440401
152717
343873
406460
118243
524216
379785
444743
410965
163893
498732
743475
334772
433439
180877
518123
646490
534770
142442
483444
246381
740360
708182
250581
186649
408461
421245
356742
477325
17200
465778
731729
445892
470588
535711
522530
276878
171501
487341
164419
472852
356440
567498
567943
715494
368149
660143
26333
75061
516539
406534
696631
184298
418533
632708
403171
373938
30619
705323
73875
387679
4900
528087
591293
282376
808
289092
513490
516075
111377
7012
714127
116419
656361
194816
591230
148559
379386
401842
348979
29276
443031
517430
719935
109672
376071
279640
567248
499839
486502
520967
140720
34012
227656
592049
529400
414795
247077
501203
519718
169358
108080
69499
743224
472010
501794
467284
309231
323396
108408
257664
632282
486063
529989
522090
193842
468702
632456
91728
597715
440604
477003
444673
351413
636359
708017
633601
527980
167700
594250
445757
534667
146406
436617
655602
482038
546283
501561
592289
82316
374503
373560
654750
473256
370581
79110
707137
13680
515255
8033
503911
491148
506655
154023
286221
369488
7736
249600
144114
519909
59757
497788
591474
25300
430646
504620
113876
433732
234434
106650
654838
644906
654439
191179
657355
311346
533291
656244
94695
131269
517601
5662
716456
513268
653258
615131
7277
437058
481927
661876
368934
156367
422662
740477
632120
323562
73037
591768
720829
517356
513578
522110
406840
5719
382202
513439
471975
12813
478469
515517
435342
710026
518099
481898
655988
730799
8878
49143
326713
75275
76480
470627
705699
632368
421257
517421
128813
523194
709447
443976
115467
529353
13645
195740
474781
173878
632236
743514
291079
6834
523185
314263
740376
483486
105818
146668
631567
131431
481860
517249
27267
502528
513520
513126
389996
506652
249441
513039
647419
55148
504237
471818
510324
532790
567235
167317
75117
711461
409602
197320
17118
63489
194333
404186
465521
515053
19322
120
743413
356270
61389
4747
591666
591156
356545
76561
643120
183706
741158
518540
521487
462323
464472
576320
654815
668611
436186
118631
632176
381126
87752
137510
519659
515162
454528
666524
446315
57813
604110
432984
508479
644105
703523
191215
709545
335551
54483
353181
44402
520102
467192
464572
21577
715543
509008
531388
25348
73809
655138
494614
705692
596543
476018
459265
655369
302903
516855
160556
631856
24030
605432
161276
595201
436657
743272
500419
741180
59138
515472
144058
504597
730686
199625
144835
43505
512636
129673
530479
289052
432562
440899
356321
656600
568229
435741
647011
146393
269775
518611
530381
74471
293130
592238
1770
584784
531064
497183
234074
88556
658612
59159
517307
77060
570274
406238
485262
597216
108002
657969
546271
282901
628599
329327
438064
48348
529677
388116
31712
2157
187884
523835
624245
530000
477547
514870
277624
134688
75318
602015
468972
7165
632415
487540
440848
726435
500007
643658
524571
26593
114198
645427
655088
656683
531788
515274
387787
480190
731890
586650
513609
698060
437275
309090
79322
518244
411300
590900
513726
529059
106185
741204
158932
36972
46578
591185
475663
508524
502244
450230
443057
518374
487296
702907
396740
505806
98541
532359
420796
523852
657163
81469
111779
194143
21907
334019
251531
510402
518265
435369
173030
643167
98041
289019
743379
433540
432976
55682
584996
50823
591033
654628
462590
424126
47367
647105
26010
388654
529451
513055
596607
513491
518267
372688
423348
731127
523302
99491
30385
651905
632293
458390
158174
655082
503048
148656
498720
7884
265174
442658
532399
446588
591633
660757
524464
245540
181042
300624
155396
615092
743239
699301
654619
728857
714749
124156
733448
524488
743245
647074
522675
270869
529618
288912
479874
10306
740413
655346
446852
700839
432822
529272
403857
317190
422336
64064
509916
8739
81337
310640
171182
520898
139120
479693
17719
655592
48499
571177
716464
643005
429608
6093
233952
656
405614
435811
391464
509736
652273
250648
743262
474436
413045
255973
513797
643610
380118
728759
498543
703237
130774
518299
200738
248785
134084
40758
36958
122346
713742
524920
656931
126667
516646
514470
109929
655450
83722
136102
507805
519557
709514
509622
368920
502328
656271
632707
515688
591463
535734
104019
187763
529438
23960
157394
510927
464336
74405
126941
562154
501023
368866
425091
411480
594838
483564
511425
130759
26613
712666
493309
158688
54697
406300
477083
492407
600789
468026
78065
110488
632379
42806
553987
658489
709245
643536
534363
74655
444157
369052
644802
8453
120844
510939
190968
741177
655257
9850
529053
191164
523262
534346
741411
567596
350268
474233
476308
593159
445497
490224
459095
508284
381219
510635
328232
534847
655743
368855
371199
301685
482269
436578
205163
529846
709893
75659
3972
426463
376681
495349
283322
652334
18021
633509
90436
351296
66170
334907
3887
533287
369438
512732
232194
469879
705517
368282
618430
68714
465627
508835
245798
654970
584900
380372
531111
412586
191518
515122
430849
386390
732284
33187
23348
443625
2785
731388
591242
425769
534453
482873
189716
266331
607819
461117
349955
210283
700632
514920
489284
445803
282678
407771
23956
517338
523332
373763
618145
578973
92033
315230
370937
62314
584851
632200
6191
713564
514297
732570
182982
319247
409934
380291
524599
16695
5912
175437
181046
271643
409989
31439
153563
14623
355348
99821
25524
435022
641481
371350
497741
381189
520215
224008
86131
474833
591975
165195
500526
557850
77695
501286
485380
202453
88297
25601
127310
546285
499429
476525
271510
484371
258314
9061
173464
645317
660130
389649
444749
80919
528703
595507
654529
347270
534338
118725
438429
532265
495240
406708
124027
75528
517948
443330
98117
496459
108112
445981
446427
589924
96322
356061
114412
436585
467637
406461
90303
2780
435255
471851
532082
743248
44766
473838
513870
352541
743223
205392
137427
533273
381079
466391
166556
138860
14745
364980
517817
525330
460645
696211
469030
554831
502127
371720
98475
252387
54941
356654
181368
456557
503787
656185
25597
514373
15200
61268
533878
293971
438236
631845
449609
24379
741422
147434
126905
372003
507122
129780
231883
24422
593923
8526
279245
195471
475688
293653
708195
500512
591968
88012
292088
433512
404089
655782
658575
433269
163776
420229
474914
352677
514303
161000
567968
274422
665456
233119
642874
593014
21398
517603
388739
178011
90107
668950
658858
519972
9857
743263
724032
14468
179718
727344
520623
591095
631614
388034
311609
515032
235069
554791
292356
250429
117825
372309
561245
154494
436636
507498
334534
200230
498317
516077
482910
505033
524498
76244
516155
434213
512670
657617
400295
271791
9527
502302
581171
195727
333526
413359
654824
349283
488478
631827
713173
118400
586313
15476
578433
433901
112318
334612
515371
603930
732769
652307
110675
513292
109051
22410
520973
477420
558422
524528
474740
506748
655657
7570
484242
75864
406096
434886
516632
151134
370555
3094
20768
696146
104672
630181
534384
149894
500340
729120
524815
644997
162233
80986
502915
271044
120319
591166
9589
644708
507910
80132
38039
356050
470233
496535
372286
28491
658099
436527
1314
406510
363492
371889
440955
728838
546261
573153
135406
718626
471528
313
654562
6917
80658
444332
469694
609336
438289
443577
659871
104315
554892
435832
369920
270428
610830
524741
7055
77221
462086
406917
743324
460298
20521
484738
130293
515271
643560
592045
643580
402773
273330
136309
432760
567419
159161
279696
381123
445534
226117
298345
431045
467740
591455
160786
508848
200804
371210
463278
530698
533770
460857
533474
460355
718510
743254
445570
458320
524574
533573
496279
118554
504035
462998
196176
593430
131570
410977
643600
83190
208680
372082
460807
30570
489207
129261
525088
12271
429819
412707
34906
656466
523463
485557
466693
508514
24167
396644
631582
476365
511251
505652
165575
75527
514174
36794
621695
284491
159130
171909
155975
284207
475538
573143
505735
87726
371427
12393
592184
398093
655964
21765
150549
651436
567426
444356
283652
513632
211602
381256
508010
220971
592121
515972
654762
371698
339735
50425
696231
521212
326801
654817
444106
584845
380250
104613
412117
21631
530314
121028
26904
475525
191213
368592
607928
727669
32984
527524
435004
694944
6483
584985
279583
523299
1472
15535
180414
154210
62661
594084
433795
596704
469018
591760
7353
284297
654465
34045
518525
246310
408846
696087
644919
416216
650585
125525
321273
524899
487774
190495
433222
310645
496255
654754
326387
128067
408528
477287
514495
372680
442798
437178
517145
466165
132760
469872
236828
38449
654447
442609
119177
605775
311640
437855
237536
731519
529495
460693
464210
155827
147381
553723
436161
242458
320823
466987
466662
157401
731633
517168
473163
188634
529178
477361
62275
356377
481186
321045
154320
731563
370771
405410
172550
522555
24583
173203
567295
460468
448588
480454
526521
78888
533597
412587
486285
87889
520287
505059
42645
12457
504687
184233
17466
743343
375836
558519
474949
122927
519523
135763
567779
515183
7099
269560
202677
207538
49105
413482
731908
654922
259412
501345
591447
371021
104203
520348
135087
491767
135146
507087
7158
546292
732098
436445
525061
23248
533712
631602
159014
120323
436792
654525
4055
142074
460923
495035
463456
202672
534679
234681
114309
515243
124246
117853
460141
482868
128690
369998
75682
495704
478095
647094
243564
741531
446574
73291
555910
274407
82916
396393
523930
35096
20107
466775
168799
467408
532091
449076
700779
246112
289347
356572
498397
152385
257008
180903
83114
455493
514474
207459
463041
132499
118983
146602
496943
522357
518805
160958
356769
42151
470654
289271
169982
434864
27059
511991
95835
734876
378103
444632
653125
444179
11355
267194
423163
497148
632326
655410
654400
236361
11594
532755
13662
578109
177766
128856
650158
591040
380403
432485
491440
531581
82887
517581
313544
643433
471933
213061
1547
9822
95260
374477
408054
87016
283734
265018
741179
595133
468840
661749
10903
658436
304682
461896
534457
31082
529778
593379
14839
24553
40763
151220
502914
591241
481852
295137
12144
598862
445129
524214
82116
93659
531550
91531
154163
743301
591178
643130
132225
591741
535464
404706
151787
310456
528834
646614
619593
512799
731507
527748
458355
632549
521213
139896
18573
298990
476415
492445
509718
188456
508021
183232
45719
731613
283416
591097
59368
272838
513867
611911
170999
655255
440776
227817
4082
496074
434286
469331
38034
283551
180919
369091
520640
435771
655405
129055
656870
335918
12082
405590
596461
439662
712722
426359
107382
476270
388927
122752
32826
5210
654699
593413
743323
494457
152983
743431
707374
371563
35758
524871
438587
438673
119192
80395
516119
513071
420757
380933
633165
210367
377090
434953
497220
730643
369017
460960
652371
423968
743393
712563
633566
632578
500165
132161
148677
446850
115242
127401
515344
502883
173859
459927
282113
3873
459391
282998
444028
171695
465885
271667
501012
186756
50002
21213
490347
591790
367437
501629
348762
16184
594238
523424
379912
264482
290404
193725
119387
485081
371680
470804
412103
333297
485606
709218
12677
238432
48384
79402
530712
116935
511477
14333
186350
530904
434255
128199
460574
741249
529609
421956
1183
182825
479808
112895
436687
75914
444947
370247
287471
8372
118651
50382
495731
405144
730689
156445
275757
743450
180909
514840
512465
497684
654530
325838
467084
647061
709017
469264
591787
131255
191887
25674
210532
506997
127799
523836
514496
467524
16003
608380
659311
89575
516746
534648
461379
346736
376046
>un
695965
607603
602373
740598
705958
706088
641196
594482
479728
728912
567919
743528
593827
609266
595298
533491
444975
712951
609963
706913
714430
702959
98445
741209
728339
696997
519738
661296
447714
702609
596764
720616
561762
567846
682362
533222
653742
658706
653836
737258
713582
702075
669594
660308
705836
714488
712829
730816
718605
568386
707086
696880
406191
707636
595578
602115
639879
595524
149950
634045
593100
356656
463382
730712
603764
669024
743247
656848
596067
668593
495227
371668
671336
49329
653860
562079
519656
54751
600831
668059
561886
605386
78592
708256
570084
666292
728969
75668
654881
653798
696766
741687
603052
592281
713997
736522
707152
645327
716502
708672
596026
662769
713774
708120
660895
560012
634469
596998
716096
659133
715084
721284
714046
643072
715129
7753
712931
713973
731735
593276
495566
664672
657245
346452
713727
707052
663896
662054
592789
732696
236726
514690
600774
644847
708263
741275
731443
595300
713336
668276
655427
659564
603251
355664
356721
702591
721030
708540
435610
743219
711070
96886
694849
712749
536898
712697
596326
652533
731577
720446
726725
370475
743220
633059
574658
713120
595349
594402
593376
593005
649599
696775
666017
706044
713850
731430
708287
702596
702472
655266
657705
598320
703132
731685
594309
530412
731567
702957
710041
603403
405427
644686
732557
663857
400256
710718
3353
664718
713644
602851
696830
743288
658540
595435
715546
645643
733880
362343
36927
724214
530089
732005
633061
732247
577053
667728
657371
594486
232417
741511
657607
600625
703194
720350
715913
731606
732079
635795
741829
721505
713021
432390
707389
657761
593056
365071
702711
604400
449880
662133
732362
374577
377961
663194
533323
599025
626461
435736
600838
710734
632539
602608
131365
710176
660257
712828
528583
709846
519520
712768
734506
713429
708615
598192
656808
193857
741682
656166
591774
610125
714856
708459
426104
673658
733555
706888
662857
238338
597387
713020
504856
664717
716776
721523
715310
735616
730745
671248
655575
668933
732411
518635
448226
705738
598641
662923
676483
387576
731536
444651
703274
724692
511149
708775
653720
567702
554323
660631
695105
669163
445500
663131
713793
433010
266826
720876
714443
741257
534603
506989
709788
726939
740765
714451
272234
605230
714301
593449
627877
707396
734518
707751
648985
594879
520714
655411
648590
708492
729699
644980
714318
599516
657592
651574
503584
715968
712750
647031
481657
664803
517731
740776
714361
605434
579401
596214
713075
703441
733720
704499
664584
696679
714992
737319
27608
674865
655579
658782
448879
607231
603806
211944
658736
659940
694036
720884
660568
732334
702955
661446
567530
131463
713845
644744
644654
700831
645304
710868
597545
585683
713916
708727
656041
591538
666894
697432
632537
654867
126962
732529
596629
702650
38218
149201
435979
734863
600843
700948
558835
545418
714487
597910
715960
495410
555279
713858
713009
696110
710825
743275
610461
512525
480743
592455
604295
710162
434075
667606
514118
601086
667843
713586
180171
730749
743458
635445
655893
668558
668106
707223
590939
172028
536537
718947
42650
740728
713634
601149
571106
661471
657368
708202
596398
592851
671905
733684
705884
713025
674322
335808
269909
519855
293184
592555
671158
719468
709835
595390
670361
658408
720702
642990
702684
643727
654621
601206
696773
731509
714913
690843
595572
671741
733955
498418
632400
413238
654680
489045
669020
707012
735339
701394
601001
703632
646884
668429
596171
446484
668079
509398
702963
632972
709751
706874
306329
731805
713622
729688
611129
246593
594832
741454
593113
676099
660781
694262
595704
713664
696758
133261
427236
527515
699316
598813
732296
740656
655185
634568
89257
705681
656292
634406
512372
597612
654763
659298
715053
702330
737856
713706
603855
268887
732633
732052
4104
628728
732267
592717
712597
492869
714988
670098
668402
713585
374124
696854
731478
707733
214218
130180
733029
590898
482549
743687
658357
675139
741683
337307
696399
702961
529555
58612
668275
555099
662793
661243
539394
712954
741178
734262
667723
709037
196034
586298
694978
699970
713920
603803
491779
14691
592737
709667
662754
707284
643648
563924
732001
594609
659931
632480
700008
121108
731423
593474
449095
669023
729026
644781
686261
674926
520703
713035
507978
410554
450979
664393
702565
650731
594046
693867
595430
658801
715765
658605
713768
714380
731532
734579
743290
368960
522158
232289
598453
707273
707561
600269
702164
632891
655101
644072
707587
715147
607204
443465
553908
661596
660733
631599
662768
655836
120633
596742
535901
444049
715063
525358
702921
594008
695103
547622
713828
599596
721286
696702
594902
72981
713921
554021
664330
741833
728162
7370
178111
713755
555895
665556
662429
699340
486304
709696
713031
715953
631554
593783
669022
657183
708162
665191
