>id 1234|Hs|cgap|||cervix|neoplasia||tissue
>part
>ku
>uu
608880
673191
574343
610466
674895
608923
673192
608877
608922
542537
610470
673233
636100
610467
>kn
654762
533913
368214
406423
521903
346868
654439
467759
524293
475150
326801
654527
515005
504765
531176
248815
21631
144011
632918
468908
632317
510635
437058
31869
459174
695
508725
75056
71040
659360
155597
517610
149504
525549
523004
77274
709893
298573
654352
8118
116651
3972
471917
584985
721588
524094
179608
279583
528780
22616
75189
515517
234642
710026
13967
110757
167679
743298
439524
591002
274361
49143
743286
137007
654550
515164
417004
653168
3439
534395
284297
732244
529353
490874
29403
597091
150580
433615
145284
490203
513856
636480
523185
535769
47061
699841
519035
473286
36473
2785
43619
132753
82793
563344
477287
460238
659517
439363
517145
376933
370895
135997
7946
26225
293660
558355
119177
527061
659565
111801
737206
370937
531856
2795
709297
439991
621200
464210
20716
197320
467306
502769
515259
409934
474005
437241
743326
470907
77768
417029
596164
260855
181046
148845
78582
123464
61265
409140
153563
2719
100878
515070
271249
632226
514284
440900
182255
521487
471779
10326
520215
593351
494997
499158
434102
5308
432560
86131
595983
46700
476093
460336
221889
533624
380857
156727
507333
381126
474053
522418
515417
477789
270074
526975
454528
654744
632380
632535
8102
592347
513617
729056
743372
502842
598441
3100
73722
269560
449585
9788
490510
497350
332878
414565
168762
465337
493164
326822
743234
409223
302051
405662
179986
495240
507087
500724
194061
389378
532188
29288
519873
183850
369574
632401
474737
269471
278573
567261
1063
445981
467807
386225
612151
6686
150837
726050
632717
726187
497599
511801
643566
337766
75348
523370
525607
471851
212395
372914
502773
125867
117853
252549
278569
293884
445586
234149
299002
110695
533273
384598
466391
530479
69293
345818
82609
133534
298469
369646
131180
134859
211079
497893
47668
225641
506985
203910
731528
647036
339646
462680
740386
371720
443301
654665
12970
171596
493919
654863
656668
306791
437277
356572
77060
26670
546286
555956
435044
485262
26403
465087
519818
628599
591605
32981
353013
289123
9235
533771
520794
356744
291196
15977
81424
469175
78880
306769
449609
535319
74576
599470
523215
147434
369068
643683
632199
647620
464438
522057
407190
435381
707401
448342
348418
517553
125133
1437
632469
71465
632554
593923
248290
459630
386189
506713
113577
591352
80552
587558
153381
352677
1547
514303
111732
327527
485278
6217
726477
13999
502867
82045
513609
21398
517603
528816
345849
5120
513726
591084
413812
544577
444845
741204
76662
17936
399810
713590
519972
632767
321653
450230
438862
381220
483305
374257
93659
76111
325321
283610
409563
388188
201083
311609
458360
406788
356187
227948
480073
501574
129634
111779
732155
149957
499205
239600
433951
515689
436636
433573
408073
512799
108969
498317
513915
502
250822
444202
644033
201671
516155
434213
518450
400295
521213
463569
118552
516079
632296
584996
485246
77961
108973
530251
439894
554829
521809
459366
205326
462590
735157
631995
433180
655160
515371
512894
252967
406062
525232
73986
433291
75064
523302
109051
593268
18166
298280
177530
466871
424589
523744
472856
520785
35086
520973
656073
368157
419640
432690
491354
442658
352622
1799
511915
16230
435302
520640
1695
495984
643548
303669
525401
525622
628831
472213
286194
413493
594708
300624
484222
462529
446641
741474
515139
287714
410965
732485
514590
12646
712722
743239
449909
84136
290154
517106
461787
699301
144949
504003
474213
419859
390667
476270
644997
75307
525084
180877
743420
425777
415762
423935
522817
707906
513984
246381
381134
464391
497692
632267
535257
500761
356050
631954
591798
226499
131489
642877
10101
652519
474643
714400
24601
731505
501200
3352
74564
87539
224607
726215
112160
436429
356624
171182
75835
241551
17719
370666
443577
481551
9825
486798
171844
741408
32433
728802
226755
596726
4900
741282
524741
194694
808
743218
391464
181163
525238
498727
121072
465808
487498
488051
40919
29203
191334
76753
733412
71377
488293
728759
425125
661708
273330
105584
279413
210995
446438
531754
7001
540696
485081
226117
499839
153022
618713
584801
713334
106019
200804
476209
743231
524625
103555
523718
419463
522507
519718
400740
525205
29189
430425
298713
446466
510078
501794
87435
467284
128499
128316
592188
5452
532129
496487
654380
653135
104019
491494
731923
8705
403972
513811
473296
262858
375957
184877
429819
444947
642715
655321
444468
483564
444673
50382
331555
511251
532768
515536
244580
520740
86859
460499
180062
180909
180711
512465
350899
465213
534598
743268
732788
743329
707137
55016
118110
286221
24178
534255
433750
226483
233220
591532
740475
379754
523836
524804
484241
592290
507866
517949
519632
632772
339809
570791
591148
>un
546527
731987
567539
728969
598939
596713
740665
743528
586830
653858
594600
429581
514368
665682
512372
661478
731685
519738
23033
721551
598498
665958
712894
720884
712829
31037
143610
126938
387576
668681
730919
442160
632964
727631
732957
666310
707820
593473
741178
707535
49329
661958
>part
>ku
>uu
608880
673191
574343
610466
674895
608923
673192
608877
608922
542537
610470
673233
636100
610467
>kn
533913
654762
368214
406423
521903
346868
654439
467759
524293
475150
326801
654527
515005
504765
531176
21631
248815
144011
632918
468908
510635
632317
437058
31869
459174
695
508725
75056
71040
659360
517610
155597
525549
149504
523004
709893
77274
654352
298573
8118
116651
471917
3972
721588
584985
524094
179608
22616
528780
279583
75189
515517
234642
710026
13967
110757
167679
743298
439524
591002
274361
743286
49143
654550
137007
515164
417004
3439
653168
534395
284297
732244
529353
490874
29403
150580
597091
433615
490203
145284
636480
513856
523185
47061
535769
699841
519035
473286
36473
2785
43619
132753
82793
563344
477287
460238
659517
439363
517145
376933
370895
135997
7946
26225
293660
558355
119177
527061
659565
111801
737206
370937
531856
2795
709297
439991
20716
464210
621200
467306
197320
502769
515259
409934
474005
437241
743326
470907
77768
417029
260855
596164
181046
78582
148845
123464
61265
153563
409140
2719
100878
271249
515070
632226
514284
440900
521487
182255
471779
10326
520215
593351
499158
494997
5308
434102
86131
432560
595983
46700
476093
221889
460336
533624
380857
156727
507333
474053
381126
522418
515417
477789
270074
526975
454528
654744
632380
632535
8102
592347
513617
729056
743372
502842
598441
3100
73722
269560
449585
9788
490510
497350
332878
414565
168762
465337
493164
326822
743234
409223
302051
405662
179986
495240
507087
500724
194061
389378
532188
29288
519873
183850
369574
632401
474737
269471
278573
567261
1063
445981
467807
386225
612151
6686
150837
726050
632717
726187
497599
511801
643566
337766
75348
523370
525607
471851
212395
372914
117853
125867
502773
252549
278569
445586
293884
234149
299002
110695
533273
384598
466391
530479
345818
69293
82609
133534
298469
134859
131180
369646
211079
497893
47668
203910
506985
225641
731528
339646
647036
462680
740386
371720
443301
654665
171596
12970
493919
656668
654863
306791
356572
437277
77060
546286
26670
555956
26403
485262
435044
465087
519818
628599
591605
353013
32981
289123
9235
533771
520794
356744
291196
15977
469175
81424
78880
306769
449609
74576
535319
599470
147434
523215
643683
369068
632199
464438
647620
407190
522057
435381
707401
348418
448342
125133
517553
1437
71465
632469
593923
632554
459630
248290
386189
506713
113577
591352
80552
587558
153381
352677
1547
514303
111732
327527
485278
6217
726477
13999
502867
82045
513609
21398
517603
528816
345849
5120
513726
591084
413812
544577
444845
741204
76662
17936
399810
713590
519972
632767
321653
450230
438862
381220
483305
374257
93659
76111
325321
283610
409563
388188
201083
311609
458360
406788
356187
227948
480073
501574
129634
111779
732155
149957
499205
239600
433951
515689
436636
433573
408073
512799
108969
498317
513915
502
250822
444202
644033
201671
516155
434213
518450
400295
521213
463569
118552
516079
632296
584996
485246
77961
108973
530251
439894
554829
521809
459366
205326
462590
735157
631995
433180
655160
515371
512894
252967
406062
525232
73986
433291
75064
523302
109051
593268
18166
298280
177530
466871
424589
523744
472856
520785
35086
520973
656073
368157
419640
432690
491354
442658
352622
1799
511915
16230
435302
520640
1695
495984
643548
303669
525401
525622
628831
472213
286194
413493
594708
300624
484222
462529
446641
515139
741474
287714
410965
732485
514590
449909
743239
712722
12646
84136
517106
290154
699301
461787
504003
144949
474213
419859
644997
476270
390667
75307
525084
425777
743420
180877
415762
423935
522817
513984
707906
246381
381134
497692
464391
632267
535257
500761
356050
631954
226499
591798
131489
642877
10101
652519
474643
24601
714400
731505
501200
3352
74564
87539
726215
224607
112160
436429
356624
75835
171182
241551
370666
17719
443577
481551
9825
486798
741408
171844
32433
596726
226755
728802
741282
4900
524741
808
194694
743218
391464
181163
525238
498727
121072
465808
487498
40919
488051
29203
76753
191334
71377
733412
425125
728759
488293
661708
273330
105584
279413
210995
531754
446438
7001
540696
485081
226117
499839
618713
153022
584801
713334
476209
200804
106019
743231
524625
103555
523718
419463
522507
519718
400740
525205
430425
29189
298713
446466
501794
510078
467284
87435
128499
592188
128316
532129
5452
496487
654380
653135
491494
104019
8705
731923
403972
473296
513811
262858
375957
184877
444947
429819
642715
444468
655321
483564
444673
50382
331555
511251
515536
532768
244580
520740
180062
460499
86859
180909
180711
512465
350899
465213
534598
743268
55016
707137
743329
732788
118110
286221
534255
24178
433750
226483
233220
591532
740475
379754
523836
524804
484241
592290
507866
517949
519632
632772
570791
339809
591148
>un
546527
731987
567539
728969
598939
596713
740665
743528
586830
653858
594600
429581
514368
665682
512372
661478
731685
519738
23033
721551
598498
665958
712894
720884
712829
31037
143610
126938
387576
668681
730919
442160
632964
727631
732957
666310
707820
593473
741178
707535
49329
661958
