>id 1234|Hs|cgap|||liver|neoplasia||tissue
>part
>ku
>uu
543352
545744
673809
537693
636406
609185
564486
543437
539075
609193
673526
675258
602161
564120
543575
675256
675257
539473
610788
673527
610857
538431
557827
735644
545147
555501
542621
544551
>kn
461722
159509
728829
743297
707491
59889
591133
76394
122927
172613
518562
440934
144468
330463
466828
410817
514196
531081
535192
513711
79322
101150
516617
626404
405156
531642
82327
655055
275865
10734
655645
93194
168718
5258
373938
237658
721588
437594
77498
171695
279257
631602
75189
492859
351593
203717
731317
532626
521530
647822
154210
434914
522891
69771
653163
445030
42586
4055
419240
531807
527078
652114
719203
714127
476453
463456
223141
647707
425125
642938
324746
459187
554822
356719
503178
10458
1872
418167
464137
496068
525557
387208
212838
499839
474978
9701
567412
94949
121260
626311
195799
36473
506759
443625
424126
475074
432562
117183
380953
186350
433701
75335
370671
149252
211079
484588
508644
376933
731127
512610
462998
467824
533977
410977
644231
18160
464469
531064
534052
182825
429879
510927
523789
464336
436687
469331
2257
388918
466917
265174
54457
513851
520640
356331
143873
190028
300774
709582
336768
23581
274402
524183
284244
26613
591054
524599
524910
515714
596261
743241
271643
465985
546288
654848
518602
378103
106469
78065
533444
719951
370771
405410
728984
370995
433670
369284
571841
740645
509343
463613
592379
655363
631549
75139
604001
418497
113823
491440
741226
643030
356742
644863
381126
113577
>un
732717
670344
174330
725507
708256
464753
504422
713706
479728
22689
599767
660907
530412
386793
662793
632400
714487
667972
741178
716921
741381
706927
737452
295626
741007
461694
590908
655561
683607
98445
707878
>part
>ku
>uu
543352
545744
673809
537693
636406
609185
564486
543437
539075
609193
673526
675258
602161
564120
543575
675256
675257
539473
610788
673527
610857
538431
557827
735644
545147
555501
542621
544551
>kn
461722
159509
728829
743297
707491
59889
591133
76394
122927
172613
518562
440934
144468
330463
466828
514196
410817
535192
531081
513711
79322
101150
516617
626404
405156
82327
531642
655055
275865
10734
93194
655645
373938
5258
168718
237658
721588
77498
437594
279257
171695
631602
75189
492859
351593
203717
731317
532626
521530
647822
154210
69771
653163
522891
434914
42586
445030
4055
419240
531807
652114
527078
714127
719203
463456
476453
223141
647707
425125
642938
324746
554822
459187
503178
356719
1872
10458
418167
464137
496068
499839
212838
387208
525557
474978
9701
567412
121260
94949
626311
195799
36473
506759
443625
424126
475074
432562
117183
380953
186350
433701
75335
370671
149252
211079
484588
508644
376933
512610
731127
462998
467824
533977
644231
410977
18160
531064
464469
534052
510927
429879
182825
523789
464336
2257
469331
436687
388918
265174
466917
54457
513851
520640
356331
143873
300774
190028
709582
336768
274402
23581
524183
591054
26613
284244
524599
524910
515714
596261
271643
743241
465985
654848
546288
518602
378103
106469
533444
78065
405410
370771
719951
728984
433670
370995
369284
740645
571841
509343
463613
592379
655363
604001
75139
631549
418497
113823
491440
741226
643030
381126
644863
356742
113577
>un
732717
670344
174330
725507
708256
464753
504422
713706
479728
22689
599767
660907
530412
386793
662793
632400
714487
741178
667972
716921
741381
706927
737452
295626
741007
461694
590908
683607
655561
98445
707878
