>id 2193|Mm|cgap|||salivary gland|normal||tissue
>part
>ku
155750
304161
200411
>uu
386037
385179
462847
469100
410158
410157
385552
482494
386264
488031
484058
410967
438593
155746
410363
410172
410166
410974
450064
233874
488045
428664
270074
478199
450063
385932
410968
462844
488032
449723
484059
246813
384689
449471
>kn
28689
263913
469937
257404
3074
306954
46176
283926
210447
234502
38911
256670
77697
489630
490323
10374
46418
329858
439782
125288
23684
220912
17156
41261
378924
482104
3957
34641
263847
5831
439927
389329
293120
329272
294951
240473
46547
157091
319719
45044
4537
274811
200497
35345
275489
41355
275831
32648
33360
44202
348326
443378
31274
282092
37371
200307
235132
379351
143817
1259
272870
215110
29812
29998
41998
146194
439987
440772
288726
349943
20873
245976
4261
246412
400129
88793
486
440403
479526
289795
275563
131074
28873
333406
12787
271703
29842
218444
262056
482359
277857
281896
111326
426356
274433
273102
247126
195916
198803
237064
252139
42855
29187
358668
18026
390807
2654
288897
275036
288477
238973
3200
25719
209349
489665
386752
44231
336045
213582
243926
44249
218637
126404
138913
20911
29644
87417
249280
29424
29627
4676
236928
200916
45201
274466
250504
16716
86453
38888
392484
460938
485489
196558
927
8369
44226
320317
29140
158320
214953
326167
3180
245867
282560
277680
58836
90218
290906
100113
341021
347899
280125
273053
329353
271809
41367
192375
339676
33192
259191
386808
335252
4139
33881
288696
157119
258927
180013
7247
335875
24547
228799
38832
45436
37210
30010
206642
230249
35754
339542
378990
245724
348004
38450
31267
258262
290086
45101
290857
1664
46449
311972
273375
28212
367159
398119
262
277533
239675
337038
89515
305816
41463
28468
206250
334581
415699
343110
202715
29703
333388
358705
11112
273706
16974
171378
3217
266831
21549
26908
258923
181767
439931
291569
288098
426936
2608
27063
291235
243234
232636
30234
464982
283565
209329
222206
12949
486418
384027
39723
173953
474527
371552
252009
38868
206764
333849
1155
196295
352239
788
27582
151436
347643
254267
70666
308452
222517
188544
272444
288510
330819
27747
3451
48638
34266
280103
56769
440884
120298
236553
311395
271178
389248
196382
131150
279805
271222
490273
325827
474575
290182
28101
258670
10193
294126
475712
277735
276092
482096
449806
283879
10229
10026
34319
95452
7982
125770
390287
3960
200608
28193
37581
295284
29821
275524
41680
362054
268475
274120
305108
490304
486881
290421
263177
268710
200516
28227
9593
272569
431965
46354
830
29293
3935
21500
295630
17708
333118
431589
271770
296382
260089
297096
388924
363404
36557
329299
206934
16898
42047
132246
298892
389435
122466
21981
21912
316473
206218
4742
3969
29114
204656
266264
287837
473726
279977
216321
256765
474486
405834
180124
25157
2137
247566
226860
2121
205601
27210
250866
248334
21814
261201
275710
249364
3248
483310
260193
386807
30156
36534
23492
277498
132238
44207
20948
22379
186185
44442
290786
271711
22665
222
29714
24877
428905
45233
27035
12654
330731
23235
296902
241365
154570
45151
28839
330119
331784
307103
1418
358691
276362
273997
1791
197486
40370
2180
45755
31374
26548
402151
246003
8684
402550
439940
741
271674
291048
331389
273049
1838
386776
442015
291777
133625
260288
425101
257952
276391
28297
31239
3974
423040
191749
198414
272801
262106
290079
28804
28733
24829
12309
38802
367714
290912
28393
462098
196933
100399
246875
247764
136604
18517
2103
10709
346733
272414
41475
233117
419479
276325
41191
380934
248042
27227
32926
321047
28244
277687
485441
348374
248960
29590
266885
349667
467752
410189
303231
334918
458000
289929
45047
43778
275228
439875
265125
159651
486164
259072
371597
266611
31567
399042
365
29254
83277
489718
29044
5193
274950
24145
38330
378890
196666
402679
6667
336563
5236
284246
1070
441351
33167
14138
249645
39095
379159
34256
29192
490399
422943
398371
17537
268000
292040
210334
180622
272258
389247
44213
41209
29628
383472
295013
4618
28349
6458
291831
45127
28521
29236
28659
12468
44227
476519
74982
18556
273170
86413
46508
33207
78312
130504
968
421558
68998
341434
342177
4729
489612
3863
31979
229110
317331
259929
277327
258955
22473
44201
3444
20945
233889
482470
291274
217116
38165
4259
425280
5856
291015
35650
386885
233879
261818
99996
482417
260635
390865
281895
1972
397471
123697
267353
18845
29324
212469
152987
234965
275554
3303
21501
157904
24621
10702
323595
172847
297905
40681
33729
270382
246881
431334
1056
157313
10433
490574
41744
273152
278597
29515
10530
298622
293628
299425
248517
289819
250605
474453
256131
38016
428996
142722
483098
1258
286309
276859
333798
261676
250425
21864
440037
30041
329243
425284
219389
247676
482360
29816
381662
490307
28874
323997
3360
288374
273662
391794
32997
4065
295306
257236
117037
274794
1355
5904
18626
200783
261620
27789
293753
98333
165401
45987
378263
174372
374865
19039
3459
4234
258785
4578
246304
28328
234876
6306
335385
98775
24332
263138
250631
265716
274089
180734
248606
41891
28891
276271
439648
271724
371964
4735
9684
490358
69
21439
248049
174044
490322
23633
154358
181290
323393
316890
299312
427576
185453
86406
9043
257052
363960
279
359991
253578
38527
196595
258633
486340
292672
21855
103382
290022
2080
294138
439947
484819
247564
218940
255246
489604
28668
157105
440206
14796
22240
16781
273538
285076
3746
458152
196532
18946
27553
291135
290810
289306
172720
185209
4219
326263
272025
311655
29430
439964
440802
272582
475640
379082
225898
29702
390685
313321
289583
287173
221769
259976
290353
232523
191892
238343
239141
290414
2044
8038
261004
289915
383219
20355
28955
757
89048
12834
427321
243950
206206
254917
142455
260770
28774
436517
439727
426373
228046
458106
274146
44195
28883
27114
386076
19931
167900
6217
154511
4480
260539
439769
5120
218749
23067
16340
18516
298132
358700
203943
310642
427014
296303
24738
486244
28392
393247
43745
268389
330524
246069
360398
256925
27218
22479
118617
263068
400294
10137
250438
279998
4177
28989
247478
341586
35828
181880
16773
30085
422997
205125
24021
21492
274770
15701
268341
148877
4665
6949
18213
34109
219639
261443
86572
211535
286407
23298
27711
389709
425201
227506
379375
23963
215641
116721
284792
2454
167537
340083
490545
347360
426204
275683
30837
259996
28228
7271
38378
41450
41
30068
146283
329063
22633
253403
482239
29652
3532
26237
38474
88078
153372
426558
641
28813
428480
44183
182350
41152
296221
481953
328851
259673
251716
20230
294664
196630
34587
260703
247956
224935
24433
38912
293266
288369
340818
302758
25504
3941
332317
28403
480556
25848
301827
196328
379342
38390
391592
41803
262252
250419
18539
1393
1167
390983
29891
138740
249555
14501
485045
5567
7709
28840
372235
194450
41540
329022
726
246803
278560
2509
282499
59997
22130
443292
249016
38816
307455
317701
68933
143810
32900
31227
30013
8856
6967
279256
292415
246869
204831
236454
213010
38087
206371
386857
285454
34867
329322
24045
208919
323892
171335
45092
20216
466670
100290
286892
347545
439760
5286
254784
28420
449716
28200
253
379269
29043
194127
258545
33765
154136
391577
7919
341204
479223
30496
21399
200971
262547
34869
1620
229291
290975
374877
449722
2241
31941
6433
331926
485702
30145
16373
28052
31395
383401
28844
291192
206505
244319
439977
10987
215860
14638
390756
218198
122725
293605
473963
27131
291776
439737
284059
79466
241134
246440
209059
371656
77381
401670
34871
6479
249349
12829
358797
193632
332986
33183
221609
393497
29683
234368
386758
290116
43760
229342
389700
196239
7446
259026
7066
216227
452636
482191
263319
489705
318
46367
27098
270003
289630
157711
260144
215745
389983
235296
272139
288630
21848
222584
74689
5130
289716
2632
141864
41440
9998
560
246466
1273
451
2969
185413
287163
34242
104491
181959
29290
285797
475694
4418
236438
180546
196045
486543
485669
42126
18892
490278
30144
290450
37623
298433
34441
312170
27621
277779
222867
2718
982
423205
330095
180191
214976
218284
31590
316306
227583
263862
117365
38976
295791
24880
329718
282284
288719
482129
257762
4550
390634
195635
276736
291595
34598
27499
206949
4580
439933
276255
260997
180182
309053
239583
41083
136973
46636
235960
288974
41449
179091
22144
295230
3955
300594
218717
235175
59167
472722
190984
441613
35089
322738
29689
102591
214755
262113
252255
86557
342551
1022
192699
95398
953
784
323505
22778
1144
41467
21145
490339
295246
24642
29655
6118
244820
440405
187554
35253
28140
906
259516
23790
21520
30110
23672
215069
271898
331185
335713
383185
270999
3072
156919
195625
4345
294457
3213
275121
440886
27900
41892
1260
33721
388127
457980
196484
292082
252145
209800
193451
431426
3544
186066
400
218891
102496
209419
285969
245931
284710
4387
284688
207460
221271
245938
35098
200792
205625
278643
22239
36560
3757
298908
60400
247761
9394
13705
28507
332522
29467
132634
22596
234700
17
31018
110
30049
2210
276193
172064
288728
34131
130902
646
103545
249142
29743
334856
295533
393018
277024
12665
482117
4263
440480
26690
486225
29778
24624
227
806
38155
391027
231395
275973
2817
476828
7838
178818
208477
235007
387293
273584
402190
41637
87628
180763
274864
50109
114362
9075
387719
422827
29524
549
260084
8681
175989
35605
255539
258939
34588
459653
196173
254027
254181
247261
196290
20913
371631
22521
42019
275788
282359
184752
301626
86833
24028
490310
24174
485810
296169
455474
252063
370024
290908
28484
154581
289387
245577
23095
248478
301585
268003
29182
216590
104789
482335
315789
182053
24042
22506
246682
45179
261182
329078
6743
259
370270
30506
153911
390755
148748
163
274058
194486
27404
2731
273930
112977
260139
213403
258530
413275
210343
386456
272427
473739
118076
19133
439916
319175
20914
24495
38241
28127
246674
34002
302013
383426
266341
260527
23876
29080
392655
43212
246241
143795
149954
260768
294173
334300
413106
36726
38014
10724
265990
267377
20755
30214
16769
193099
24313
322502
246432
277916
29581
345385
29807
295031
291854
3091
275691
35105
141197
343951
335802
46746
272312
328086
294478
317557
261842
25549
275436
258204
2310
392177
472719
275191
197555
458138
490280
2050
142856
196399
22796
15409
24442
27578
5110
395650
21118
23085
86446
1650
237966
274853
258910
307620
23686
21109
285906
391885
19298
277864
10763
10314
245715
133851
404412
1775
738
1415
276277
251255
277897
458184
240421
104744
259260
337232
4502
274492
280083
340211
294753
4462
286317
379154
628
330692
402393
205169
330536
38231
34459
5001
270866
5731
23458
295105
28585
29608
297192
347009
386767
288733
15125
482154
196581
21158
291979
422886
392667
412319
4364
289516
28050
436677
299062
158231
439695
121285
103568
280230
329596
168257
427969
3285
35389
276116
333679
269248
37290
277792
36699
473702
117541
279782
21876
157770
29924
26940
371546
229287
29230
208723
261681
338476
268547
273418
12895
21652
9239
441702
46932
379251
318841
41760
21772
259467
22270
239355
34199
174998
3981
34126
29087
22453
390859
25366
333375
282679
6478
246990
29484
196605
23780
313619
105218
274894
403318
117874
43331
359982
489608
20615
239470
218851
155696
7236
358710
30035
174191
28853
275841
298274
29830
94560
390957
364956
296142
276405
391967
276881
26553
11186
490291
241056
101198
29150
422979
2261
328806
249391
205707
440140
294441
239183
489589
402409
101034
237103
148425
485422
35627
27606
297883
23811
99776
4745
209933
256422
249809
131038
17185
240434
212703
4068
271071
237095
140380
259716
272443
288785
188157
20866
159915
464284
117709
248188
468228
425090
245357
29795
34744
3986
323901
303534
268347
392646
28298
311026
1999
490262
280825
301020
1357
102407
28300
28639
435488
490253
28893
391013
144089
330525
28234
4860
30250
20805
260360
24214
1845
289669
207047
227110
4375
2478
12966
24593
218624
3555
37214
4627
20827
32801
439750
328673
480076
22478
127692
214932
296202
27660
289643
274376
367887
12758
57249
45374
482231
28498
280484
300795
200898
426736
426706
181624
52809
379100
897
439749
276337
218889
390461
2519
89673
2923
284592
205266
439654
4407
412922
300
116418
30005
34404
14022
245522
425599
378965
271249
486218
332398
42956
2987
439986
28326
389590
402384
424974
20764
263539
40667
1103
166485
301740
21950
137991
30200
288860
44219
3999
25556
246436
194811
30133
239117
154312
329605
288898
276739
274335
288894
332950
341248
184163
34268
29094
241073
437031
286458
29735
21299
23685
273765
271868
3689
219139
490317
234608
202665
203952
100936
29194
259671
335481
259321
294882
8538
222825
274581
37984
28456
358633
296985
130036
276063
213000
81144
278467
22592
150373
21187
132535
28278
240839
279923
23168
20396
334793
263396
34562
24163
28100
28385
20818
445900
28357
222310
28541
482119
390986
214950
289653
259632
28347
22522
332320
34330
2305
40298
3758
325746
220982
379129
178947
285400
203556
30435
20852
86986
426052
425076
280038
274366
171357
132237
378235
5068
423621
233470
277661
389540
5903
29974
262327
32368
274650
20188
2197
398949
27539
154994
441868
435441
33091
12559
645
254515
267359
31192
389224
290925
236443
32408
687
29159
260921
271620
155687
250731
826
249934
439954
3990
347707
239412
312650
34775
333237
249342
473239
235346
25874
291461
283370
21454
379292
25568
339755
207683
479293
156895
397307
5356
208946
196464
3400
323322
472101
10504
42249
22252
203921
43415
212812
260162
5002
29329
28131
351485
148781
29923
289800
289402
134072
271956
272357
305318
318736
246552
335460
329667
29264
475060
288741
21596
107180
150701
282158
116713
297976
439711
304088
35483
5353
270643
490373
9745
389995
474432
256858
274846
273804
41735
391872
6200
2381
45580
217764
9699
1658
149776
167232
21198
289131
324550
309336
229141
276058
18759
395005
46493
17910
179267
482148
29317
482127
22266
338425
254838
295009
26321
489761
19091
22845
21048
291928
871
490263
196544
153625
27182
39053
276135
45688
275583
335477
490299
688
157778
439665
38009
260760
75259
295534
173119
27291
330113
153008
34191
2570
173271
250359
311912
22708
299254
475573
209175
26852
416781
22183
25351
40321
295908
33240
260737
34819
1051
268933
220821
292803
235182
31539
29473
38244
240325
401332
294975
86541
166858
29357
371816
360108
15312
324762
44153
24254
236139
28622
298256
286285
242896
779
289646
330674
196721
20387
183297
297078
276770
271648
15801
28057
23528
185735
252405
202782
35134
247303
101368
432524
324371
30357
482296
28683
123714
335427
71682
213025
203962
39330
250004
482102
41773
93266
29824
427309
17949
282985
19893
486234
254663
292517
18814
3317
281124
274285
30003
29203
218846
425295
277921
486936
389020
28327
29151
38344
21974
80509
271854
2945
279195
20420
1137
486251
328846
292100
66056
379371
328872
643
12945
4341
280231
387587
20888
22948
249966
299955
379345
462438
236211
268173
147232
170508
24867
186778
196580
142827
41665
360232
313687
149403
302602
192580
482074
23217
27917
288442
307488
250604
347369
153963
209207
143738
12917
29889
296240
4352
273062
360389
278805
252210
11350
203747
287187
250936
276305
421486
439694
275839
330055
427078
483143
329396
220038
252316
1100
289900
29028
244118
274266
358677
360392
397932
265917
332472
89845
2266
423037
87312
37368
439890
341747
291826
310973
133919
297906
23566
512
385462
246654
142822
283968
339792
141936
282863
389103
1109
244748
436548
31869
158902
390821
337476
347976
1597
171615
320978
2154
244719
14814
86860
292447
58
279736
131328
465902
241931
271891
482459
268797
333640
3906
313977
161119
425762
20047
262480
392123
384726
22768
252391
208286
150270
373043
27955
390134
230301
24251
26700
276503
246563
285
17932
121721
313076
34431
3879
225289
439709
248778
262096
490308
251356
24096
314923
158317
448614
28919
4269
219449
293233
249311
46484
153272
243014
13445
226576
169673
274432
41596
205830
28540
332590
248640
272336
28219
213408
246240
214514
22661
275878
297992
335520
333026
137327
156718
123240
319697
2958
1458
444
257989
274943
390381
220945
277626
6221
22626
19172
7405
10211
290853
21938
294759
328859
272847
3485
227325
7142
21623
77396
279361
133037
19111
393140
392203
25775
73608
329277
27546
138471
41108
297199
300397
86595
466882
295441
210323
280994
206919
415417
101524
44101
142607
332268
246551
248388
297782
244078
393311
274961
292957
42829
332735
210845
2108
22109
1011
4515
329776
180189
28650
425495
3406
458081
296158
373750
123110
46614
137
286600
485799
313876
393239
25506
481841
28204
33902
248358
482072
154457
1776
2565
177551
143768
489669
28771
458911
244216
240490
71514
374815
29118
116675
42150
276145
38436
22554
274346
131098
467207
28908
391252
254495
2326
489698
295438
27706
191459
274318
256509
6390
260714
33910
8392
404074
231091
421791
163766
273915
100117
197493
196528
18590
266627
103522
439811
6813
268903
4067
25220
329655
441306
271814
102235
383737
385009
272998
119479
18353
334206
333050
286593
291014
458125
27135
384353
272197
18803
358931
272548
311337
3160
273403
29058
29135
4595
449
219662
29873
259045
1574
313345
486893
30021
2409
348025
489806
310434
19944
99961
18962
34694
7906
22701
29890
203866
206159
216257
28910
69751
334994
222303
256342
290690
28146
283914
227361
21199
427103
272321
233843
7580
22990
388973
210305
178246
485070
2847
127731
249586
21185
289698
26783
40120
287854
389243
156914
3820
159956
279308
27199
41113
4714
272972
124373
220853
200422
259234
34550
9052
290960
297482
210018
10353
285785
9244
227738
277634
209503
253648
930
153218
264889
281885
292111
648
477028
28643
20181
458003
425690
479285
30246
45141
315872
251621
24115
28632
277668
29694
272616
361
290044
201455
276087
157591
292492
387093
103351
453372
9648
24186
260623
10305
29666
89201
130260
322945
270091
66264
254067
338718
140158
266716
18628
158289
18888
27259
329668
485037
30205
29845
272881
26594
390497
7373
220955
28308
22670
187326
478321
41265
28020
485793
293466
317280
344095
309975
2815
88831
279898
445911
274816
291482
308134
64579
275266
248019
103413
240543
30162
395598
19187
389787
222266
22682
27681
318250
391267
22233
270487
36291
392098
490372
27842
273142
121878
4479
172346
441486
279752
259301
286202
6839
28265
41496
11535
205569
490270
182145
294159
311439
285619
229108
283293
268863
5241
24196
333349
28474
333124
129840
4222
379344
253061
12194
28947
22776
213873
278701
24882
60590
253819
391142
27183
2580
329123
30219
21094
210352
341677
378993
210745
390403
87616
58882
259614
331491
126984
28172
1249
216511
256718
261140
65316
260256
261199
123366
19834
26680
17918
384023
321840
6105
425574
277705
277699
1715
182931
260157
1104
41639
244912
30039
436553
29163
24734
29802
282719
275106
371557
357953
289329
251115
486637
26625
46764
475658
441627
239041
29564
29852
7997
276414
248827
356778
53259
12819
289441
184589
38037
29856
23705
234923
347770
25613
20325
110829
195898
250214
27348
311696
46754
285322
482285
196005
3196
273571
214765
271967
5305
398543
341776
245746
4465
290774
4283
28896
440169
30016
3110
139418
401747
294625
173826
36715
395281
260890
279542
48757
144114
86844
288508
249225
307846
386762
205263
1514
65906
85083
4793
289667
103539
247143
136511
443
214344
205422
276137
305152
252213
280075
235625
11337
299952
439693
227260
276856
28184
474449
235020
478475
287475
379050
3484
257837
360391
17807
235663
480590
265610
358618
282242
185026
490290
30051
37642
295682
291291
280842
294271
29631
149438
489596
209236
6522
339760
292027
235730
127378
17461
37516
260036
405761
73276
244406
146984
141276
392436
41421
442201
26135
1131
4651
27947
2032
8256
358731
653
128512
337820
232232
177991
46749
6919
240076
4866
155896
28584
202747
6834
281642
32047
28888
237296
425467
441262
427762
141230
27359
41867
154144
41438
83840
262300
34316
289680
30072
159637
251445
390397
298875
226900
290692
330796
46301
209294
4071
31630
332020
247957
440085
278578
149870
15962
273836
2284
389890
218837
440138
284446
295397
35771
271642
292904
209071
423002
4824
1963
243085
297706
431914
29517
482116
207052
360569
240062
29342
119717
24873
225649
275511
335315
42967
416972
2442
236074
330785
440420
29296
125874
259036
29041
399
286885
25861
302831
2296
211654
490427
292510
260869
264904
6424
173068
100638
234944
180337
2863
3250
379357
137966
276294
214574
221235
29874
9537
217326
254144
29353
272462
384234
4467
5145
246965
277812
286963
33766
24103
28738
258404
24452
425279
253736
2651
227183
23894
269993
30251
271944
133075
330160
38438
244005
23173
13912
297130
389744
297949
21667
24402
3982
490395
236868
253102
279485
302754
30729
30602
318567
277072
217319
269649
329895
3507
425697
49884
436542
40828
210676
245210
4079
22413
159290
425949
389209
172674
24030
426069
482100
215335
33780
288567
151748
326526
346759
286830
166524
236123
482401
277977
132802
440177
34874
262102
439928
284462
247582
19355
490238
490287
219459
490269
5035
30153
23478
10247
24596
4114
287810
251420
100940
4494
253533
28864
282556
33284
291247
379266
290884
358794
41479
290578
290834
334861
269815
217216
13694
379004
286069
34171
268691
395649
440887
322
324242
303703
41339
212577
348782
487021
286753
180458
36863
247039
335249
489668
5291
40338
12246
330677
200196
88212
277403
2734
260504
425181
158962
45372
196325
412424
234003
30169
21444
238044
400253
303179
314113
183076
268027
478832
271986
253876
243091
228797
26730
235700
260521
9392
270484
2025
13944
23693
6645
282303
430736
112632
371682
259795
24680
291917
181387
169924
18503
195061
275989
329582
795
28162
288179
336743
396243
482655
156682
218533
23808
5107
214593
322843
302791
957
30276
129136
232728
27853
244482
264680
20294
161167
27804
22480
10280
399829
4744
210196
104368
285993
137746
391704
342703
28721
54126
292567
41447
275320
29959
383203
227549
252034
37560
12947
431343
831
334631
35817
255044
16228
9257
490303
269793
19080
423
340943
150231
21762
22337
200423
88349
447819
158827
52526
291442
251013
120151
18630
335454
251199
247218
248647
28999
265546
1451
485508
142343
24652
38607
29170
479188
3152
245894
257067
37632
246934
440211
86382
188105
16711
139675
18742
361995
41770
331447
387725
190450
333380
216432
268896
226820
279780
371601
282093
4428
45748
425669
9901
262021
34511
3179
29742
7286
33617
1593
486324
11285
301173
248721
259333
29855
68819
359633
20079
200763
298
284503
489652
333893
451847
44220
390681
233799
14301
27557
371592
212855
276336
18522
2171
260456
244549
203915
4425
209875
275082
389856
248492
21757
216089
293517
41860
12255
259718
20864
153226
489681
131618
1158
8687
381893
215960
289706
30195
198138
29965
223689
1482
182271
262345
371610
222887
293771
485395
291713
7281
28449
29196
102136
296915
477242
358846
439805
21175
28291
219793
296082
397197
196884
245355
389848
141054
334274
254974
390540
260158
397450
10294
116687
248620
156771
217171
236401
29395
290813
132584
139695
20928
29431
152466
196219
358730
440523
4215
298728
334198
28235
299167
173286
27592
238213
205647
290251
197552
359831
357342
206404
440063
292676
485866
278646
30045
273350
28173
205535
290657
296520
248769
422738
291874
100065
292056
4266
443373
14046
27120
28833
260164
266867
256034
195776
3118
34137
439775
289082
63342
24215
27427
2720
14155
441151
57350
296971
288714
21096
8728
27186
330776
260707
39046
213298
378231
38993
28816
2942
28934
279733
435590
257765
28876
21587
473179
6700
29746
398221
271775
212290
24262
29394
277091
247167
26995
121920
30099
11068
386774
439936
46016
274473
45367
23914
260587
5875
220972
202337
98522
28688
171333
489765
29939
172429
196067
22225
396734
3158
28478
234455
3667
248967
88365
8385
270676
383824
440324
21671
303059
439692
169234
269928
426031
41423
14825
439877
4337
486309
371997
252718
31158
180687
183042
389901
1741
390641
32615
286061
9911
199223
45558
275574
259074
22602
4339
253335
28858
31417
22001
385180
132857
262184
271062
31252
428042
220327
352311
180924
371556
430772
2952
139815
296889
16422
21629
381
290669
260773
2966
16533
490298
180052
35247
251196
29558
282096
265264
488364
294083
440381
142655
225096
456184
291279
30071
391737
30928
89579
29768
440373
28765
314056
196585
281079
158726
22742
235547
297768
390400
350037
36885
2545
4871
143167
389260
182043
266668
26584
260618
226708
35687
25860
259464
299081
180338
117294
117265
268483
7729
127560
4040
34302
220843
489605
297074
290085
12864
203208
42711
16756
391911
227281
290897
227912
43977
458088
267473
30028
22530
371688
2407
290474
119198
270975
234204
439993
133551
10661
37199
22716
390367
27801
29629
250508
313364
28189
153014
268307
279400
299073
210815
28375
334999
29525
210155
476925
276367
274049
486302
290725
154782
288368
274329
3020
393248
22847
208601
1508
41236
276702
140672
25849
21535
290876
22560
7091
173813
121361
130227
45602
347081
472850
29197
24397
251331
332474
436667
28792
35738
196577
22147
181488
20461
294445
23214
392504
240586
828
275943
448351
19719
57043
319881
439663
289866
439649
424
26704
469963
25148
286399
82680
439919
193181
2402
41272
372357
183126
318925
3294
212927
271670
271975
268070
207432
213397
356689
193041
34581
331142
355894
441906
290791
205045
489758
281805
274590
258986
24202
2379
260733
5222
347939
41864
299774
291624
251794
181430
275654
27389
273724
295605
218590
24807
276618
290070
25720
29344
207004
19131
27123
381440
35802
36852
256035
277831
289106
118400
39725
170905
166944
18810
17958
15868
284686
227598
238038
177194
290804
178322
2209
291326
419851
103610
270278
7044
168854
400464
371544
402215
253564
34113
46628
20472
436686
373627
283283
425970
66293
268104
172411
254704
182912
146408
298878
286834
21697
284248
417338
544
106376
287826
23573
1114
7050
2389
331565
301655
266450
878
2277
333594
200120
228071
482165
139192
277585
271754
22094
34083
490272
271950
1314
392075
440867
256025
353006
88216
474216
117094
281086
239416
117117
1280
297372
490306
29660
268564
272251
326799
18634
472771
27041
296008
316652
440318
291504
3433
294020
24350
276389
261329
23720
119747
5021
274542
8025
56994
319660
29382
29810
471608
278475
327442
71498
345891
289810
20521
151951
28924
42195
268357
271819
2756
490267
268895
130331
74610
101958
309520
474430
425352
76648
22216
21440
158903
702
26768
23018
26316
4383
2214
251890
240299
287267
247752
42192
486671
22547
275800
12145
23837
439957
458474
25660
238879
3181
281005
6994
490279
38792
287740
88364
254223
467412
10
222612
133825
386851
254914
36241
174068
393287
235338
1978
280013
250030
36808
66
30012
477109
216386
214973
277713
218657
201859
22680
275039
337074
399997
34428
486711
64911
6822
30059
1971
5316
258402
1949
332855
30043
333323
197628
378931
182563
252481
263041
273217
320355
335830
260159
471605
250705
341243
38127
280943
331907
331
2746
277719
336205
157426
294315
389213
22256
21669
30063
40537
38433
260194
44261
3830
33764
21740
25527
209650
6065
21728
292423
10182
244536
14910
232293
387835
34365
26743
29584
272770
329136
6483
29045
301076
8924
258142
271644
145488
27969
213292
44174
261570
290447
34339
332006
298199
30136
404420
64962
427021
213925
477035
123211
993
1090
34182
30464
46005
247695
485798
143745
28209
439876
43777
21926
213114
490285
279188
276155
325487
9925
277373
29148
1645
170983
27451
10984
181009
378232
358650
272230
5031
271578
46401
10409
293378
234342
25722
419997
25997
335754
1639
35661
399941
119177
318345
33343
162811
105208
384918
335584
18651
2344
218203
278085
212861
29210
22501
182340
247788
282122
213128
328602
297970
220880
10474
276296
87773
100253
29267
445763
1568
435439
114054
296043
28382
24105
439898
26579
3399
251904
272460
150098
38481
126534
342723
440325
30217
258771
29945
41122
486285
288737
208287
101946
22417
490257
43831
290442
41656
29069
485384
336277
351895
299381
30141
151174
258508
319512
4592
154378
301646
34087
35600
299399
230296
219137
371570
439721
280077
63514
2136
390553
271717
302362
222956
329622
270087
2238
290482
57223
275608
291463
5126
261022
143877
391375
5244
340702
29760
24789
251774
297033
290950
475715
279599
275150
241152
370185
273090
490274
274646
165042
30066
27445
1682
457982
27365
208445
28222
387538
61193
33645
378957
11815
3973
292487
245527
309092
275279
4048
139926
26515
490386
26147
247625
28626
28489
293919
21353
235891
589
33903
23551
167868
28534
29122
246237
157452
265347
485782
486295
439922
439740
28597
233813
471825
240044
103551
15295
184172
17993
268304
40577
17898
358609
282039
5083
41678
180003
29798
482284
2082
274180
200695
3789
270587
10755
27435
433257
24001
24411
439675
368
266767
389757
482424
483903
227616
329650
251002
32331
213943
32556
196533
378883
225297
344671
28405
2445
18936
66568
230169
371590
103581
248353
29442
371545
384135
86759
10313
305535
241334
313570
205421
443212
1970
334841
46438
439830
102574
291280
281887
2375
320896
212039
14798
240298
10800
275188
83526
29385
237085
274011
193212
20837
104540
360075
148039
260647
238455
28663
33498
41751
38878
65396
458518
229107
486203
271976
299906
200327
29247
142095
271798
443524
278798
28897
4645
143977
469331
322752
260210
6562
30800
422908
18625
16660
294007
389478
284252
22548
269995
440170
197554
184021
287226
26722
182193
36640
489654
3979
28877
27943
23689
18959
29490
135195
276043
379136
41271
30208
23758
332667
21184
30038
293096
489662
25610
196330
27444
371563
378901
116769
6379
179011
6370
46497
219946
181933
193688
281149
16775
250641
475704
293591
28160
29978
250418
486175
2647
248337
275272
260545
22028
440565
31816
490348
260938
18494
322294
15406
258462
440230
20943
124176
220328
275766
217547
396102
389704
23065
190503
164493
279751
30571
271997
219460
271988
2462
2053
221298
28935
288192
331089
253614
30204
27061
268180
139738
376607
8911
219581
34533
32646
234769
45423
352945
30210
28085
261679
486185
22831
140243
136736
249548
345134
22385
390971
84073
390949
12677
366315
275393
1951
425568
482114
2766
142872
255877
6635
81793
200889
29870
260925
676
138876
22329
278783
6877
486442
316825
29176
293761
147946
207263
41562
490249
28452
38151
389615
335391
445582
86322
46509
24210
24222
277599
292405
57035
32074
204969
4487
288669
9749
23606
210336
247265
274314
245154
28123
109823
3304
248843
202504
21450
>un
16783
308180
486370
485235
402169
392807
471820
372568
71131
439946
425752
378999
488033
411968
306013
458230
431625
65317
483371
392620
1843
486878
391708
482883
446723
391785
392672
383297
490282
432064
439809
393003
437049
440495
315924
390370
384744
455357
482425
379638
460231
486427
474887
489070
450207
418003
467662
471992
392479
469926
386831
450068
450767
470403
431565
296922
486672
4857
470949
394678
471556
458030
467043
486458
475366
390445
126401
472856
425170
323213
435447
182042
466752
482135
455548
458292
372666
489853
488035
389259
483330
489800
401845
393070
397786
80703
391834
439929
332810
467874
220928
482314
462654
489745
475027
371595
472534
389902
322015
417088
186
156674
441437
486259
475600
23555
396928
46386
247762
458386
490004
486345
444951
37592
486268
486630
486315
488034
473016
29868
458364
22973
440234
424587
440541
213248
423154
441228
428551
486577
473138
28077
382116
297784
458226
473041
29941
445729
489695
439872
475516
440338
394989
467414
361788
489648
425988
138292
426509
466772
435480
392433
440295
445714
71907
426232
490451
472765
475004
458038
439999
486719
359301
31752
328601
440387
471952
372389
317559
391957
393979
490258
445995
469106
489617
316654
32330
401648
449719
391777
482756
428768
35296
482493
350631
443193
445866
440367
426255
455354
394798
296839
391971
407654
202405
455364
911
487818
487158
296370
392143
389421
442143
486677
320183
487581
475138
279821
394167
352037
318359
28371
458399
30806
362103
488036
341955
490301
480161
391633
472470
445302
444749
486485
658
392298
389348
397498
423042
390809
431301
383217
489639
479873
488634
459186
410171
458203
486334
471809
390881
395610
440351
466976
297600
391754
285021
487831
227275
138832
8940
6932
412745
395285
379939
259910
471646
339511
440409
420453
471006
290771
407183
487989
475192
449383
>part
>ku
155750
304161
200411
>uu
386037
385179
462847
469100
410158
410157
385552
482494
386264
488031
484058
410967
438593
155746
410363
410172
410166
410974
450064
233874
488045
428664
270074
478199
450063
385932
410968
462844
488032
449723
484059
246813
384689
449471
>kn
28689
263913
3074
257404
469937
306954
46176
283926
256670
77697
38911
234502
210447
489630
490323
10374
46418
329858
439782
23684
125288
220912
17156
41261
378924
482104
3957
34641
263847
5831
439927
293120
389329
329272
294951
46547
240473
4537
45044
319719
157091
274811
200497
35345
275489
41355
275831
32648
33360
44202
348326
443378
31274
282092
37371
200307
235132
143817
1259
379351
272870
29812
215110
41998
29998
146194
439987
440772
288726
349943
20873
4261
245976
246412
88793
400129
486
289795
479526
440403
275563
131074
28873
12787
333406
271703
29842
218444
262056
482359
277857
281896
111326
426356
274433
273102
247126
195916
198803
237064
252139
42855
29187
358668
18026
390807
2654
288897
275036
288477
238973
3200
25719
209349
489665
386752
44231
336045
213582
243926
126404
218637
44249
138913
20911
29644
87417
249280
29424
29627
4676
236928
200916
274466
45201
16716
250504
38888
86453
460938
392484
485489
196558
8369
927
44226
320317
214953
158320
29140
326167
3180
245867
282560
90218
58836
277680
290906
341021
100113
347899
280125
273053
329353
271809
41367
192375
339676
33192
259191
386808
335252
4139
33881
288696
157119
258927
180013
7247
335875
24547
228799
38832
45436
37210
30010
206642
230249
35754
339542
378990
245724
348004
38450
31267
258262
290086
45101
290857
1664
46449
311972
273375
28212
367159
398119
262
277533
239675
337038
89515
305816
41463
28468
206250
334581
415699
343110
202715
29703
333388
358705
11112
273706
16974
171378
3217
266831
21549
26908
258923
181767
439931
291569
288098
426936
2608
27063
291235
243234
232636
30234
283565
464982
209329
222206
12949
486418
384027
39723
173953
474527
252009
371552
38868
206764
333849
196295
1155
788
352239
27582
151436
347643
254267
70666
222517
308452
272444
188544
288510
330819
27747
3451
48638
34266
280103
56769
440884
120298
311395
236553
389248
271178
196382
131150
279805
271222
490273
325827
474575
290182
28101
258670
10193
294126
475712
277735
276092
482096
449806
283879
10229
10026
34319
95452
7982
125770
390287
3960
200608
28193
37581
295284
29821
275524
41680
362054
268475
274120
305108
490304
486881
290421
263177
268710
200516
28227
9593
272569
431965
46354
830
29293
3935
21500
295630
17708
333118
431589
271770
296382
260089
297096
388924
363404
36557
329299
206934
16898
42047
132246
298892
389435
122466
21981
21912
316473
206218
4742
3969
29114
204656
266264
287837
473726
279977
216321
256765
474486
405834
180124
25157
2137
247566
226860
2121
205601
27210
250866
248334
21814
261201
275710
249364
3248
483310
260193
386807
30156
36534
23492
277498
132238
44207
20948
22379
186185
44442
290786
271711
22665
222
29714
24877
428905
45233
27035
12654
330731
23235
296902
241365
154570
45151
28839
330119
331784
307103
1418
358691
276362
273997
1791
197486
40370
2180
45755
31374
26548
402151
246003
8684
402550
439940
741
271674
291048
331389
273049
1838
386776
442015
291777
133625
260288
425101
257952
276391
28297
31239
3974
423040
191749
198414
272801
262106
290079
28804
28733
24829
12309
38802
367714
290912
28393
462098
196933
100399
246875
247764
136604
18517
2103
10709
346733
272414
41475
233117
276325
419479
41191
380934
248042
27227
32926
321047
28244
277687
485441
348374
248960
29590
266885
349667
467752
303231
410189
334918
458000
289929
45047
43778
275228
439875
265125
159651
259072
486164
371597
266611
399042
31567
365
29254
83277
29044
489718
5193
274950
24145
38330
378890
6667
402679
196666
336563
284246
5236
1070
441351
33167
14138
249645
39095
379159
34256
29192
490399
422943
398371
17537
268000
292040
210334
180622
272258
389247
44213
41209
29628
383472
295013
4618
28349
6458
291831
45127
28521
29236
28659
12468
44227
476519
74982
18556
273170
86413
46508
33207
78312
130504
968
421558
68998
341434
342177
4729
489612
3863
31979
229110
317331
259929
277327
258955
22473
44201
3444
20945
233889
482470
291274
217116
38165
4259
425280
5856
291015
35650
386885
233879
261818
99996
482417
260635
390865
281895
1972
397471
123697
267353
18845
29324
212469
152987
234965
275554
3303
21501
157904
24621
10702
323595
172847
297905
40681
33729
270382
246881
431334
1056
157313
10433
490574
41744
273152
278597
29515
10530
298622
293628
299425
248517
289819
250605
474453
256131
38016
428996
142722
483098
1258
286309
276859
333798
261676
250425
21864
440037
30041
329243
425284
219389
247676
482360
29816
381662
490307
28874
323997
3360
288374
273662
391794
32997
4065
295306
257236
117037
274794
1355
5904
18626
200783
261620
27789
293753
98333
165401
45987
378263
174372
374865
19039
3459
4234
258785
4578
246304
28328
234876
6306
335385
98775
24332
263138
250631
265716
274089
180734
248606
41891
28891
276271
439648
271724
371964
4735
9684
490358
69
21439
248049
174044
490322
23633
154358
181290
323393
316890
299312
427576
185453
86406
9043
257052
363960
279
359991
253578
38527
196595
258633
486340
292672
21855
103382
290022
2080
294138
439947
484819
247564
218940
255246
489604
28668
157105
440206
14796
22240
16781
273538
285076
3746
458152
196532
18946
27553
291135
290810
289306
172720
185209
4219
326263
272025
311655
29430
439964
440802
272582
475640
379082
225898
29702
390685
313321
289583
287173
221769
259976
290353
232523
191892
238343
239141
290414
2044
8038
261004
289915
383219
20355
28955
757
89048
12834
427321
243950
206206
254917
142455
260770
28774
436517
439727
426373
228046
458106
274146
44195
28883
27114
386076
19931
167900
6217
154511
4480
260539
439769
5120
218749
23067
16340
18516
298132
358700
203943
310642
427014
296303
24738
486244
28392
393247
43745
268389
330524
246069
360398
256925
27218
22479
118617
263068
400294
10137
250438
279998
4177
28989
247478
341586
35828
181880
16773
30085
422997
205125
24021
21492
274770
15701
268341
148877
4665
6949
18213
34109
219639
261443
86572
211535
286407
23298
27711
389709
425201
227506
379375
23963
215641
116721
284792
2454
167537
340083
490545
347360
426204
275683
30837
259996
28228
7271
38378
41450
41
30068
146283
329063
22633
253403
482239
29652
3532
26237
38474
88078
153372
426558
641
28813
428480
44183
182350
41152
296221
481953
328851
259673
251716
20230
294664
196630
34587
260703
247956
224935
24433
38912
293266
288369
340818
302758
25504
3941
332317
28403
480556
25848
301827
196328
379342
38390
391592
41803
262252
250419
18539
1167
1393
390983
29891
138740
249555
14501
485045
5567
7709
372235
28840
194450
41540
329022
246803
726
2509
278560
282499
22130
59997
249016
443292
38816
307455
317701
68933
143810
32900
31227
30013
8856
279256
6967
292415
204831
246869
213010
236454
38087
285454
386857
206371
329322
34867
24045
208919
323892
45092
171335
20216
466670
100290
347545
286892
439760
254784
5286
28420
449716
28200
253
379269
29043
154136
33765
258545
194127
391577
7919
341204
479223
21399
30496
200971
262547
34869
1620
449722
374877
290975
229291
2241
31941
331926
6433
30145
485702
16373
28052
31395
383401
291192
28844
244319
206505
439977
10987
14638
215860
218198
390756
293605
122725
291776
27131
473963
79466
284059
439737
246440
241134
371656
209059
77381
401670
6479
34871
249349
358797
12829
193632
332986
221609
33183
393497
29683
234368
386758
43760
290116
229342
389700
196239
259026
7446
7066
452636
216227
482191
263319
489705
270003
27098
46367
318
157711
289630
260144
215745
389983
235296
272139
288630
222584
21848
74689
5130
289716
2632
141864
41440
9998
560
246466
1273
451
2969
185413
287163
34242
104491
181959
29290
285797
475694
4418
236438
180546
196045
486543
485669
42126
18892
490278
30144
290450
37623
298433
34441
312170
27621
277779
222867
2718
982
423205
330095
180191
214976
218284
31590
316306
227583
263862
117365
38976
295791
24880
329718
282284
288719
482129
257762
4550
390634
195635
276736
291595
34598
27499
206949
4580
439933
276255
260997
180182
309053
239583
41083
136973
46636
235960
288974
41449
179091
22144
295230
3955
300594
218717
235175
59167
472722
190984
441613
35089
322738
29689
102591
214755
262113
252255
86557
342551
1022
192699
95398
953
784
323505
22778
1144
41467
21145
490339
295246
24642
29655
6118
244820
440405
187554
35253
28140
906
259516
23790
21520
30110
23672
215069
271898
331185
335713
383185
270999
3072
156919
195625
4345
294457
3213
275121
440886
27900
41892
1260
33721
388127
457980
196484
292082
252145
209800
193451
431426
3544
186066
400
218891
102496
209419
285969
245931
284710
4387
284688
207460
221271
245938
35098
200792
205625
278643
22239
36560
3757
298908
60400
247761
9394
13705
28507
332522
29467
132634
22596
234700
17
31018
110
30049
2210
276193
172064
288728
34131
130902
646
103545
249142
29743
334856
295533
393018
277024
12665
482117
4263
440480
26690
486225
29778
24624
227
806
38155
391027
231395
275973
2817
476828
7838
178818
208477
235007
387293
273584
402190
41637
87628
180763
274864
50109
114362
9075
387719
422827
29524
549
260084
8681
175989
35605
255539
258939
34588
459653
196173
254027
254181
247261
196290
20913
371631
22521
42019
275788
282359
184752
301626
86833
24028
490310
24174
485810
296169
455474
252063
370024
290908
28484
154581
289387
245577
23095
248478
301585
268003
29182
216590
104789
482335
315789
182053
24042
22506
246682
45179
261182
329078
6743
259
370270
30506
153911
390755
148748
163
274058
194486
27404
2731
273930
112977
260139
213403
258530
413275
210343
386456
272427
473739
118076
19133
439916
319175
20914
24495
38241
28127
246674
34002
302013
383426
266341
260527
23876
29080
392655
43212
246241
143795
149954
260768
294173
334300
413106
36726
38014
10724
265990
267377
20755
30214
16769
193099
24313
322502
246432
277916
29581
345385
29807
295031
291854
3091
275691
35105
141197
343951
335802
46746
272312
328086
294478
317557
261842
25549
275436
258204
2310
392177
472719
275191
197555
458138
490280
2050
142856
196399
22796
15409
24442
27578
5110
395650
21118
23085
86446
1650
237966
274853
258910
307620
23686
21109
285906
391885
19298
277864
10763
10314
245715
133851
404412
1775
738
1415
276277
251255
277897
458184
240421
104744
259260
337232
4502
274492
280083
340211
294753
4462
286317
379154
628
330692
402393
205169
330536
38231
34459
5001
270866
5731
23458
295105
28585
29608
297192
347009
386767
288733
15125
482154
196581
21158
291979
422886
392667
412319
4364
289516
28050
436677
299062
158231
439695
121285
103568
280230
329596
168257
427969
3285
35389
276116
333679
269248
37290
277792
36699
473702
117541
279782
21876
157770
29924
26940
371546
229287
29230
208723
261681
338476
268547
273418
12895
21652
9239
441702
46932
379251
318841
41760
21772
259467
22270
239355
34199
174998
3981
34126
29087
22453
390859
25366
333375
282679
6478
246990
29484
196605
23780
313619
105218
274894
403318
117874
43331
359982
489608
20615
239470
218851
155696
7236
358710
30035
174191
28853
275841
298274
29830
94560
390957
364956
296142
276405
391967
276881
26553
11186
490291
241056
101198
29150
422979
2261
328806
249391
205707
440140
294441
239183
489589
402409
101034
237103
148425
485422
35627
27606
297883
23811
99776
4745
209933
256422
249809
131038
17185
240434
212703
4068
271071
237095
140380
259716
272443
288785
188157
20866
159915
464284
117709
248188
468228
425090
245357
29795
34744
3986
323901
303534
268347
392646
28298
311026
1999
490262
280825
301020
1357
102407
28300
28639
435488
490253
28893
391013
144089
330525
28234
4860
30250
20805
260360
24214
1845
289669
207047
227110
4375
2478
12966
24593
218624
3555
37214
4627
20827
32801
439750
328673
480076
22478
127692
214932
296202
27660
289643
274376
367887
12758
57249
45374
482231
28498
280484
300795
200898
426736
426706
181624
52809
379100
897
439749
276337
218889
390461
2519
89673
2923
284592
205266
439654
4407
412922
300
116418
30005
34404
14022
245522
425599
378965
271249
486218
332398
42956
2987
439986
28326
389590
402384
424974
20764
263539
40667
1103
166485
301740
21950
137991
30200
288860
44219
3999
25556
246436
194811
30133
239117
154312
329605
288898
276739
274335
288894
332950
341248
184163
34268
29094
241073
437031
286458
29735
21299
23685
273765
271868
3689
219139
490317
234608
202665
203952
100936
29194
259671
335481
259321
294882
8538
222825
274581
37984
28456
358633
296985
130036
276063
213000
81144
278467
22592
150373
21187
132535
28278
240839
279923
23168
20396
334793
263396
34562
24163
28100
28385
20818
445900
28357
222310
28541
482119
390986
214950
289653
259632
28347
22522
332320
34330
2305
40298
3758
325746
220982
379129
178947
285400
203556
30435
20852
86986
426052
425076
280038
274366
171357
132237
378235
5068
423621
233470
277661
389540
5903
262327
29974
274650
32368
20188
2197
398949
154994
27539
33091
435441
441868
12559
645
254515
267359
389224
31192
236443
290925
32408
687
29159
260921
271620
155687
250731
249934
826
3990
439954
347707
239412
34775
312650
249342
333237
235346
473239
25874
291461
283370
21454
379292
25568
207683
339755
479293
397307
156895
5356
208946
323322
3400
196464
472101
42249
10504
22252
203921
260162
212812
43415
5002
28131
29329
148781
351485
29923
289800
289402
134072
271956
272357
305318
318736
246552
335460
475060
29264
329667
21596
288741
150701
107180
116713
282158
297976
439711
35483
304088
5353
270643
490373
389995
9745
474432
256858
274846
273804
391872
41735
6200
2381
217764
45580
9699
1658
149776
167232
21198
289131
309336
324550
229141
18759
276058
395005
46493
17910
179267
482148
29317
22266
482127
338425
254838
295009
489761
26321
22845
19091
21048
871
291928
490263
196544
153625
27182
276135
39053
45688
275583
335477
490299
688
439665
157778
260760
38009
75259
295534
173119
27291
330113
153008
34191
2570
173271
311912
250359
22708
299254
475573
209175
26852
416781
22183
25351
33240
295908
40321
260737
34819
1051
268933
220821
292803
235182
31539
29473
38244
86541
294975
401332
240325
166858
29357
371816
360108
15312
324762
236139
24254
44153
298256
28622
286285
242896
779
289646
330674
20387
196721
183297
271648
276770
297078
15801
23528
28057
252405
185735
202782
247303
35134
101368
432524
324371
30357
28683
482296
335427
123714
71682
213025
203962
250004
39330
482102
41773
93266
29824
427309
282985
17949
486234
19893
254663
3317
18814
292517
281124
274285
30003
29203
218846
425295
277921
389020
486936
28327
29151
21974
38344
80509
271854
2945
279195
1137
20420
328846
486251
292100
66056
379371
328872
643
4341
12945
280231
20888
387587
22948
249966
379345
299955
462438
236211
268173
170508
147232
24867
186778
196580
142827
41665
360232
149403
313687
482074
192580
302602
23217
27917
288442
307488
250604
347369
153963
143738
209207
29889
12917
296240
4352
360389
273062
278805
252210
11350
203747
287187
421486
276305
250936
330055
275839
439694
427078
329396
483143
220038
252316
1100
29028
289900
274266
244118
358677
360392
397932
265917
332472
89845
2266
423037
87312
37368
439890
341747
291826
310973
133919
297906
23566
512
385462
246654
142822
283968
339792
141936
282863
389103
1109
244748
436548
31869
158902
390821
337476
347976
1597
171615
320978
2154
244719
14814
86860
292447
58
279736
131328
465902
241931
271891
482459
268797
333640
3906
313977
161119
425762
20047
262480
392123
384726
22768
252391
208286
150270
373043
27955
390134
230301
24251
26700
276503
246563
285
17932
121721
313076
34431
3879
225289
439709
248778
262096
490308
251356
24096
314923
158317
448614
28919
4269
219449
293233
249311
46484
153272
243014
13445
226576
169673
274432
41596
205830
28540
332590
248640
272336
28219
213408
246240
214514
22661
275878
297992
335520
333026
137327
156718
123240
319697
2958
1458
444
257989
274943
390381
220945
277626
6221
22626
19172
7405
10211
290853
21938
294759
328859
272847
3485
227325
7142
21623
77396
279361
133037
19111
393140
392203
25775
73608
329277
27546
138471
41108
297199
300397
86595
466882
295441
210323
280994
206919
415417
101524
44101
142607
332268
246551
248388
297782
244078
393311
274961
292957
42829
332735
210845
2108
22109
1011
4515
329776
180189
28650
425495
3406
458081
296158
373750
123110
46614
137
286600
485799
313876
393239
25506
481841
28204
33902
248358
482072
154457
1776
2565
177551
143768
489669
28771
458911
244216
240490
71514
374815
29118
116675
42150
276145
38436
22554
274346
131098
467207
28908
391252
254495
2326
489698
295438
27706
191459
274318
256509
6390
260714
33910
8392
404074
231091
421791
163766
273915
100117
197493
196528
18590
266627
103522
439811
6813
268903
4067
25220
329655
441306
271814
102235
383737
385009
272998
119479
18353
334206
333050
286593
291014
458125
27135
384353
272197
18803
358931
272548
311337
3160
273403
29058
29135
4595
449
219662
29873
259045
1574
313345
486893
30021
2409
348025
489806
310434
19944
99961
18962
34694
7906
22701
29890
203866
206159
216257
28910
69751
334994
222303
256342
290690
28146
283914
227361
21199
427103
272321
233843
7580
22990
388973
210305
178246
485070
2847
127731
249586
21185
289698
26783
40120
287854
389243
156914
3820
159956
279308
27199
41113
4714
272972
124373
220853
200422
259234
34550
9052
290960
297482
210018
10353
285785
9244
227738
277634
209503
253648
930
153218
264889
281885
292111
648
477028
28643
20181
458003
425690
479285
30246
45141
315872
251621
24115
28632
277668
29694
272616
361
290044
201455
276087
157591
292492
387093
103351
453372
9648
24186
260623
10305
29666
89201
130260
322945
270091
66264
254067
338718
140158
266716
18628
158289
18888
27259
329668
485037
30205
29845
272881
26594
390497
7373
220955
28308
22670
187326
478321
41265
28020
485793
293466
317280
344095
309975
2815
88831
279898
445911
274816
291482
308134
64579
275266
248019
103413
240543
30162
395598
19187
389787
222266
22682
27681
318250
391267
22233
270487
36291
392098
490372
27842
273142
121878
4479
172346
441486
279752
259301
286202
6839
28265
41496
11535
205569
490270
182145
294159
311439
285619
229108
283293
268863
5241
24196
333349
28474
333124
129840
4222
379344
253061
12194
28947
22776
213873
278701
24882
60590
253819
391142
27183
2580
329123
30219
21094
210352
341677
378993
210745
390403
87616
58882
259614
331491
126984
28172
1249
216511
256718
261140
65316
260256
261199
123366
19834
26680
17918
384023
321840
6105
425574
277705
277699
1715
182931
260157
1104
41639
244912
30039
436553
29163
24734
29802
282719
275106
371557
357953
289329
251115
486637
26625
46764
475658
441627
239041
29564
29852
7997
276414
248827
356778
53259
12819
289441
184589
38037
29856
23705
234923
347770
25613
20325
110829
195898
250214
27348
311696
46754
285322
482285
196005
3196
273571
214765
271967
5305
398543
341776
245746
4465
290774
4283
28896
440169
30016
3110
139418
401747
294625
173826
36715
395281
260890
279542
48757
144114
86844
288508
249225
307846
386762
205263
1514
65906
85083
4793
289667
103539
247143
136511
443
214344
205422
276137
305152
252213
280075
235625
11337
299952
439693
227260
276856
28184
474449
235020
478475
287475
379050
3484
257837
360391
17807
235663
480590
265610
358618
282242
185026
490290
30051
37642
295682
291291
280842
294271
29631
149438
489596
209236
6522
339760
292027
235730
127378
17461
37516
260036
405761
73276
244406
146984
141276
392436
41421
442201
26135
1131
4651
27947
2032
8256
358731
653
128512
337820
232232
177991
46749
6919
240076
4866
155896
28584
202747
6834
281642
32047
28888
237296
425467
441262
427762
141230
27359
41867
154144
41438
83840
262300
34316
289680
30072
159637
251445
390397
298875
226900
290692
330796
46301
209294
4071
31630
332020
247957
440085
278578
149870
15962
273836
2284
389890
218837
440138
284446
295397
35771
271642
292904
209071
423002
4824
1963
243085
297706
431914
29517
482116
207052
360569
240062
29342
119717
24873
225649
275511
335315
42967
416972
2442
236074
330785
440420
29296
125874
259036
29041
399
286885
25861
302831
2296
211654
490427
292510
260869
264904
6424
173068
100638
234944
180337
2863
3250
379357
137966
276294
214574
221235
29874
9537
217326
254144
29353
272462
384234
4467
5145
246965
277812
286963
33766
24103
28738
258404
24452
425279
253736
2651
227183
23894
269993
30251
271944
133075
330160
38438
244005
23173
13912
297130
389744
297949
21667
24402
3982
490395
236868
253102
279485
302754
30729
30602
318567
277072
217319
269649
329895
3507
425697
49884
436542
40828
210676
245210
4079
22413
159290
425949
389209
172674
24030
426069
482100
215335
33780
288567
151748
326526
346759
286830
166524
236123
482401
277977
132802
440177
34874
262102
439928
284462
247582
19355
490238
490287
219459
490269
5035
30153
23478
10247
24596
4114
287810
251420
100940
4494
253533
28864
282556
33284
291247
379266
290884
358794
41479
290578
290834
334861
269815
217216
13694
379004
286069
34171
268691
395649
440887
322
324242
303703
41339
212577
348782
487021
286753
180458
36863
247039
335249
489668
5291
40338
12246
330677
200196
88212
277403
2734
260504
425181
158962
45372
196325
412424
234003
30169
21444
238044
400253
303179
314113
183076
268027
478832
271986
253876
243091
228797
26730
235700
260521
9392
270484
2025
13944
23693
6645
282303
430736
112632
371682
259795
24680
291917
181387
169924
18503
195061
275989
329582
795
28162
288179
336743
396243
482655
156682
218533
23808
5107
214593
322843
302791
957
30276
129136
232728
27853
244482
264680
20294
161167
27804
22480
10280
399829
4744
210196
104368
285993
137746
391704
342703
28721
54126
292567
41447
275320
29959
383203
227549
252034
37560
12947
431343
831
334631
35817
255044
16228
9257
490303
269793
19080
423
340943
150231
21762
22337
200423
88349
447819
158827
52526
291442
251013
120151
18630
335454
251199
247218
248647
28999
265546
1451
485508
142343
24652
38607
29170
479188
3152
245894
257067
37632
246934
440211
86382
188105
16711
139675
18742
361995
41770
331447
387725
190450
333380
216432
268896
226820
279780
371601
282093
4428
45748
425669
9901
262021
34511
3179
29742
7286
33617
1593
486324
11285
301173
248721
259333
29855
68819
359633
20079
200763
298
284503
489652
333893
451847
44220
390681
233799
14301
27557
371592
212855
276336
18522
2171
260456
244549
203915
4425
209875
275082
389856
248492
21757
216089
293517
41860
12255
259718
20864
153226
489681
131618
1158
8687
381893
215960
289706
30195
198138
29965
223689
1482
182271
262345
371610
222887
293771
485395
291713
7281
28449
29196
102136
296915
477242
358846
439805
21175
28291
219793
296082
397197
196884
245355
389848
141054
334274
254974
390540
260158
397450
10294
116687
248620
156771
217171
236401
29395
290813
132584
139695
20928
29431
152466
196219
358730
440523
4215
298728
334198
28235
299167
173286
27592
238213
205647
290251
197552
359831
357342
206404
440063
292676
485866
278646
30045
273350
28173
205535
290657
296520
248769
422738
291874
100065
292056
4266
443373
14046
27120
28833
260164
266867
256034
195776
3118
34137
439775
289082
63342
24215
27427
2720
14155
441151
57350
296971
288714
21096
8728
27186
330776
260707
39046
213298
378231
38993
28816
2942
28934
279733
435590
257765
28876
21587
473179
6700
29746
398221
271775
212290
24262
29394
277091
247167
26995
121920
30099
11068
386774
439936
46016
274473
45367
23914
260587
5875
220972
202337
98522
28688
171333
489765
29939
172429
196067
22225
396734
3158
28478
234455
3667
248967
88365
8385
270676
383824
440324
21671
303059
439692
169234
269928
426031
41423
14825
439877
4337
486309
371997
252718
31158
180687
183042
389901
1741
390641
32615
286061
9911
199223
45558
275574
259074
22602
4339
253335
28858
31417
22001
385180
132857
262184
271062
31252
428042
220327
352311
180924
371556
430772
2952
139815
296889
16422
21629
381
290669
260773
2966
16533
490298
180052
35247
251196
29558
282096
265264
488364
294083
440381
142655
225096
456184
291279
30071
391737
30928
89579
29768
440373
28765
314056
196585
281079
158726
22742
235547
297768
390400
350037
36885
2545
4871
143167
389260
182043
266668
26584
260618
226708
35687
25860
259464
299081
180338
117294
117265
268483
7729
127560
4040
34302
220843
489605
297074
290085
12864
203208
42711
16756
391911
227281
290897
227912
43977
458088
267473
30028
22530
371688
2407
290474
119198
270975
234204
439993
133551
10661
37199
22716
390367
27801
29629
250508
313364
28189
153014
268307
279400
299073
210815
28375
334999
29525
210155
476925
276367
274049
486302
290725
154782
288368
274329
3020
393248
22847
208601
1508
41236
276702
140672
25849
21535
290876
22560
7091
173813
121361
130227
45602
347081
472850
29197
24397
251331
332474
436667
28792
35738
196577
22147
181488
20461
294445
23214
392504
240586
828
275943
448351
19719
57043
319881
439663
289866
439649
424
26704
469963
25148
286399
82680
439919
193181
2402
41272
372357
183126
318925
3294
212927
271670
271975
268070
207432
213397
356689
193041
34581
331142
355894
441906
290791
205045
489758
281805
274590
258986
24202
2379
260733
5222
347939
41864
299774
291624
251794
181430
275654
27389
273724
295605
218590
24807
276618
290070
25720
29344
207004
19131
27123
381440
35802
36852
256035
277831
289106
118400
39725
170905
166944
18810
17958
15868
284686
227598
238038
177194
290804
178322
2209
291326
419851
103610
270278
7044
168854
400464
371544
402215
253564
34113
46628
20472
436686
373627
283283
425970
66293
268104
172411
254704
182912
146408
298878
286834
21697
284248
417338
544
106376
287826
23573
1114
7050
2389
331565
301655
266450
878
2277
333594
200120
228071
482165
139192
277585
271754
22094
34083
490272
271950
1314
392075
440867
256025
353006
88216
474216
117094
281086
239416
117117
1280
297372
490306
29660
268564
272251
326799
18634
27041
472771
296008
316652
440318
291504
3433
294020
24350
276389
261329
5021
119747
23720
8025
274542
56994
319660
29382
471608
29810
327442
278475
345891
71498
20521
289810
42195
28924
151951
268357
271819
2756
490267
268895
74610
130331
101958
309520
474430
425352
76648
26768
702
158903
21440
22216
23018
4383
26316
2214
251890
287267
240299
247752
42192
22547
486671
275800
12145
23837
439957
458474
25660
238879
3181
281005
6994
490279
38792
88364
287740
254223
10
467412
222612
386851
133825
254914
36241
174068
393287
235338
280013
1978
250030
36808
30012
66
477109
216386
214973
277713
218657
201859
22680
337074
275039
399997
34428
64911
486711
30059
6822
1971
5316
258402
1949
332855
30043
333323
197628
378931
182563
252481
263041
273217
320355
260159
335830
471605
250705
38127
341243
280943
331907
331
277719
2746
389213
294315
157426
336205
21669
22256
40537
30063
38433
260194
3830
44261
33764
209650
25527
21740
6065
21728
292423
10182
244536
14910
232293
387835
34365
29584
26743
272770
329136
6483
29045
301076
8924
258142
271644
145488
213292
27969
44174
261570
34339
290447
298199
332006
30136
64962
404420
427021
213925
477035
1090
993
123211
34182
30464
46005
247695
485798
439876
28209
143745
43777
21926
213114
490285
279188
276155
325487
9925
277373
1645
29148
27451
170983
10984
378232
181009
272230
358650
5031
46401
271578
234342
293378
10409
419997
25722
25997
335754
1639
35661
399941
119177
318345
33343
162811
105208
384918
335584
18651
2344
218203
278085
212861
29210
22501
182340
213128
282122
247788
328602
297970
220880
10474
276296
87773
100253
29267
445763
1568
296043
114054
435439
439898
24105
28382
26579
3399
251904
150098
272460
342723
126534
38481
440325
30217
258771
41122
29945
288737
486285
208287
101946
22417
490257
43831
290442
41656
29069
336277
485384
351895
299381
30141
151174
258508
319512
4592
154378
301646
35600
34087
299399
230296
371570
219137
280077
439721
63514
2136
390553
271717
302362
222956
329622
2238
270087
290482
57223
275608
5126
291463
261022
143877
391375
5244
340702
29760
24789
251774
290950
297033
279599
475715
275150
241152
370185
273090
490274
274646
165042
30066
27445
1682
457982
27365
208445
28222
387538
61193
33645
378957
11815
3973
292487
245527
309092
275279
4048
139926
26515
26147
490386
247625
28626
28489
21353
293919
235891
589
33903
23551
167868
28534
29122
246237
157452
265347
485782
486295
439922
28597
439740
233813
471825
240044
15295
103551
184172
17993
40577
268304
17898
282039
358609
5083
41678
29798
180003
482284
2082
274180
200695
3789
270587
10755
27435
24411
24001
433257
439675
266767
368
389757
482424
483903
227616
329650
32331
251002
213943
32556
196533
378883
225297
344671
2445
28405
18936
230169
66568
103581
371590
248353
371545
29442
384135
305535
10313
86759
241334
313570
205421
443212
1970
46438
334841
439830
102574
291280
281887
320896
2375
14798
212039
240298
83526
275188
10800
29385
274011
237085
193212
104540
20837
148039
360075
260647
238455
28663
41751
33498
38878
458518
65396
229107
486203
271976
299906
200327
142095
29247
271798
443524
278798
28897
4645
143977
322752
469331
260210
6562
422908
30800
18625
16660
284252
389478
294007
22548
440170
269995
184021
197554
287226
26722
182193
36640
489654
3979
27943
28877
23689
18959
29490
135195
276043
379136
41271
23758
30208
332667
21184
30038
489662
293096
25610
196330
27444
371563
378901
116769
6379
179011
6370
219946
46497
281149
193688
181933
16775
250641
475704
28160
293591
29978
486175
250418
248337
2647
275272
260545
22028
440565
31816
490348
260938
322294
18494
15406
440230
258462
20943
124176
220328
275766
217547
389704
396102
23065
164493
190503
279751
30571
271988
219460
271997
2053
2462
221298
288192
28935
253614
331089
30204
27061
268180
139738
8911
376607
219581
34533
234769
32646
45423
28085
30210
352945
261679
22831
486185
140243
136736
249548
345134
390971
22385
84073
366315
12677
390949
275393
1951
482114
425568
2766
255877
142872
6635
200889
81793
260925
29870
676
22329
138876
278783
6877
486442
316825
29176
293761
147946
207263
41562
490249
38151
28452
335391
389615
86322
445582
46509
24210
24222
277599
292405
57035
32074
204969
4487
288669
23606
9749
210336
274314
247265
245154
28123
109823
3304
248843
21450
202504
>un
16783
308180
486370
485235
402169
392807
471820
372568
71131
439946
425752
378999
488033
411968
306013
458230
431625
65317
483371
392620
1843
486878
391708
482883
446723
391785
392672
383297
490282
432064
439809
393003
437049
440495
315924
390370
455357
384744
482425
379638
460231
486427
474887
489070
450207
418003
467662
471992
392479
469926
386831
450068
450767
470403
431565
296922
486672
4857
470949
394678
471556
458030
467043
486458
475366
390445
126401
472856
425170
323213
435447
182042
466752
482135
455548
458292
372666
489853
488035
389259
483330
489800
401845
393070
397786
80703
391834
439929
332810
467874
220928
482314
462654
489745
475027
371595
472534
389902
322015
417088
186
156674
441437
486259
475600
23555
396928
46386
247762
458386
490004
486345
444951
37592
486268
486630
486315
488034
473016
29868
458364
22973
440234
424587
440541
213248
423154
441228
428551
486577
473138
28077
382116
297784
458226
473041
29941
445729
489695
439872
475516
440338
394989
467414
361788
489648
425988
138292
426509
466772
435480
392433
440295
445714
71907
426232
490451
472765
475004
458038
439999
486719
359301
31752
328601
440387
471952
372389
317559
391957
393979
490258
445995
469106
489617
316654
32330
401648
449719
391777
482756
428768
35296
482493
350631
443193
445866
440367
426255
455354
394798
296839
391971
407654
202405
455364
911
487818
487158
296370
392143
389421
442143
486677
320183
487581
475138
279821
394167
352037
318359
28371
458399
30806
362103
488036
341955
490301
480161
391633
472470
445302
444749
486485
658
392298
389348
397498
423042
390809
431301
383217
489639
479873
488634
459186
410171
458203
486334
471809
390881
395610
440351
466976
297600
391754
285021
487831
227275
138832
8940
6932
412745
395285
379939
259910
471646
339511
440409
420453
471006
290771
407183
487989
475192
449383
