>id 2193|Mm|est|||uterus|||tissue
>part
>ku
261672
390344
399752
484129
160272
>uu
415762
439869
423016
102877
391741
391746
391733
364129
381316
391732
391705
391706
391743
426218
471764
461436
385898
459351
395084
402673
363036
378562
395052
442451
446195
375891
394486
459644
416183
363751
466602
402671
442520
486750
402678
446198
375805
394982
411667
329519
379303
416969
399753
487250
411670
>kn
6712
379190
28689
28336
439882
315959
25785
29648
30042
469937
155620
275452
18832
4863
4628
38911
234502
1387
250617
489630
286353
316592
12798
439782
86507
125288
220912
435190
217233
482104
260661
439714
34641
391170
291519
439927
476813
389329
293120
126976
247473
289818
465324
319719
45044
157091
4537
4836
157545
274811
35345
917
234544
275489
207555
34859
275831
255723
33360
44202
348326
37371
235132
200307
379351
143817
29812
215110
2976
262369
146194
142731
268532
32409
3238
4261
245976
400129
88793
38017
428950
486
479526
90787
289795
259121
28873
301652
686
439720
333406
41739
34359
248906
238279
262056
30087
12568
4258
324032
136458
277857
281896
111326
474462
274433
273102
279287
427266
267810
198803
12882
42855
325800
29187
35806
470827
34702
2654
129534
275036
288477
490366
99989
238973
272974
28649
157648
209349
44231
386752
489665
252136
6824
394985
126404
323925
218637
254642
319684
1
29644
17166
2937
207767
323554
29424
2845
486258
29627
236928
200916
478053
16716
86453
38888
279907
490349
392484
362118
258937
196558
927
44226
326167
486383
19027
28359
245867
244705
100068
386792
105230
2745
24169
58836
90218
290906
100113
347899
136093
280125
329353
41367
272
260153
151239
270259
33881
288696
180013
335875
26581
320593
24547
228799
45436
31203
30010
282184
22519
248615
272346
265744
258912
279116
245724
25608
187910
27393
13430
425502
290086
24670
9431
290857
112
379101
5935
398307
219621
297971
441522
389682
235137
277906
20271
489656
262
177724
277533
252171
239675
337038
89515
386931
305816
439752
23828
28468
206250
334581
343110
329083
289914
26618
273333
16974
273706
171378
439690
208714
206555
321147
245897
21549
26908
431316
258923
43152
100615
291832
247073
291569
1001
2608
243234
291235
232
229087
464982
3458
273204
222206
331964
1182
226878
225
207
214545
292865
224306
486353
159552
288186
254979
217787
228517
217354
4128
4356
154564
34159
46014
371552
57221
38868
23834
10665
260577
55143
36718
333849
373589
196295
161726
1485
247595
28811
278
87439
25833
45019
77133
254267
241205
70666
62886
387909
439669
308452
272444
188544
396078
20242
265792
3451
422969
392206
410206
262453
34266
280103
56769
439801
34399
236553
271178
781
287443
237985
279805
131150
271222
135965
325827
203965
159684
290182
42157
351688
436539
333053
482096
376269
235683
159173
4342
24838
283879
10229
24356
293819
241546
34319
95452
281816
290431
25125
125770
389242
390287
3960
200608
7454
390010
347964
41396
434851
259223
33970
286598
153301
304656
87611
214454
265806
226941
268710
38529
280069
272569
431965
490243
28438
15918
830
4933
10694
46366
29482
21500
30254
386929
17708
37395
431589
271770
296382
297096
292140
363404
36557
46088
42047
132246
30056
298892
28922
21981
21912
4742
316473
206218
38746
92705
29114
275901
70690
204656
277354
288805
425492
41890
266264
131234
206566
279977
256765
405834
180124
295063
25157
240336
212813
247566
482358
226860
2121
37825
281482
205601
21841
235580
27210
12900
248334
136791
334138
21814
258381
233151
3248
277629
80484
30156
23492
260538
277498
29773
20948
44207
22379
29597
383235
186185
236513
328854
245340
271711
361851
222
276024
10265
141021
428905
292001
127446
45233
330667
247946
27035
1644
330731
439772
241365
211477
154570
359004
45151
28839
246131
331784
33832
358691
335187
276362
1791
431947
2180
371673
45755
402151
194339
16110
439940
150977
272475
273049
386776
260288
439751
425101
28777
140568
234191
292503
153710
380115
182574
250552
31239
24761
3974
486276
196480
198414
29346
272801
219183
2125
240850
290079
490318
1231
12309
386823
351426
57199
482076
101559
28393
100399
456078
23973
45539
44223
247764
278997
18517
2103
389712
4783
272414
379086
386789
430844
490266
276325
419479
288962
239329
193094
248042
227733
27227
25683
371573
271188
220299
277687
348374
29590
2787
2433
349667
467752
172947
410189
303231
31761
2824
291799
490467
279427
259095
334918
321937
458000
12925
289929
43778
439875
380433
265125
159651
218473
26838
72168
29254
83277
29044
41017
28904
284906
331051
217385
334041
221688
209147
427162
6667
284246
29366
30220
45371
272185
28379
426078
25057
292751
39095
379159
290476
41568
297222
29192
246956
6206
319581
39472
294783
483651
99395
398371
249146
268000
291868
180622
44213
383472
4618
28349
30088
261218
42135
34329
257927
194755
45127
288159
200766
29236
12468
18565
34663
173790
267410
273170
86413
29063
46508
89918
3336
78312
33207
275233
34035
159950
382
476028
24108
394980
22398
331392
229110
41708
383775
317331
28262
423151
277327
168
6180
22473
3444
46247
178
233082
29866
3992
141083
4259
5856
329814
211096
474976
291015
35650
284433
261818
216313
31421
305345
2212
99996
716
260635
390865
275281
389251
397471
260314
18845
25311
196345
212469
152987
234965
254845
275554
3303
490276
21501
263639
157904
10702
323595
40681
33729
270382
244426
41681
152627
315560
267178
6388
1056
33303
157313
272747
150050
297660
385020
273152
29515
136648
10530
275409
293628
27107
24576
289819
474453
260282
248360
490367
38016
207894
428996
142722
208883
441887
260220
276859
261676
170855
260698
21864
329243
326411
425284
29619
29816
644
323997
330607
247542
288374
289796
219497
46325
25960
272085
273662
391794
261082
117037
25059
274794
39001
3095
86391
5904
18626
38010
440071
261620
27800
27789
440764
300083
23452
787
317636
45987
378263
24007
3459
10510
297051
188851
6670
4234
232400
258785
289237
246304
319530
208750
485026
42223
221452
379505
27503
104959
180734
41891
281498
456388
276271
483289
154566
29214
5121
260576
41077
31204
316418
490358
69
109930
277958
489717
269596
30191
249752
181290
101656
123831
399319
316890
323393
299312
185453
259893
253578
61018
45874
196595
26212
417427
297777
258633
8655
289934
288718
21855
339491
103382
486198
275780
288641
259852
790
41642
290022
2080
23138
294138
2416
45272
89341
22347
440265
28668
218940
489604
14796
4558
22240
273538
285076
3746
196532
222338
196332
18946
44606
291135
289306
29829
19299
24887
4219
7688
221403
27567
38929
125942
440802
182927
379082
225898
41636
29702
21612
432944
40
29389
259976
398690
290353
21686
238343
239141
21880
152048
246127
20829
253280
301148
313915
486317
2044
290414
20488
23585
288546
246479
261004
383219
289915
20355
142187
28955
757
251174
24684
427321
283217
103373
206206
243950
91920
142455
15252
565
218848
28883
490252
288642
189222
1360
121918
19931
17665
260117
244512
314757
237935
154511
35784
25779
260539
284863
394118
391719
295124
23067
16340
294871
292465
27812
427014
24738
31690
46089
28392
205463
74363
43745
4606
341742
25042
427307
33285
29061
27218
256925
22479
90147
153061
10100
400294
222241
250438
29128
28989
247478
90003
35828
26456
1643
181880
16773
30085
482319
248637
473368
21492
441439
15701
36907
17009
378951
328807
4665
18213
261443
86572
246018
298242
211535
425201
212333
24865
28852
390827
423094
29872
218381
227506
98200
103986
379375
23963
379235
284792
116721
250492
281379
2454
149720
167537
6988
397554
272397
426204
30837
45173
7271
490259
41
146283
329063
23897
253403
10721
236127
38474
474487
279985
270874
4292
641
153372
391959
24718
28813
46397
44183
242968
440929
352763
296221
481953
34351
328851
896
242413
251716
206549
249096
114116
294664
43397
425777
196630
46270
260703
247956
224935
296512
29373
306173
340818
27907
288369
2325
6225
139320
3941
25504
480556
45225
34609
25848
1478
274001
379342
27915
54981
379098
4598
38390
3798
489812
249164
262252
458339
250419
247824
18539
334031
100167
390983
342487
162025
31175
29891
170163
5248
347398
249555
14501
216528
5567
7709
274553
194450
41540
329022
726
278560
282499
22130
439874
38816
307455
377071
317701
143810
426637
212549
31227
390817
29561
304080
390366
443385
279256
6967
52583
246869
236454
38087
290704
206371
209750
316553
275003
274693
22378
332739
100116
171335
270703
263514
331640
428652
347545
303924
76911
248787
257557
28420
255986
26688
474138
440173
290727
40036
33765
213898
260767
297431
424639
7919
274232
23032
23230
21399
30496
379181
286457
3705
87150
46446
16766
23125
262547
20415
2805
1620
290975
38851
486264
31941
22264
324553
441134
250332
16373
389609
284229
117558
31395
383401
291192
206505
298947
1583
422634
10987
258
215860
218198
390756
122725
293605
41746
27131
439737
6272
246440
371656
30832
34871
10093
27432
249349
193632
69279
196424
490319
234368
386758
290116
29457
261270
440021
7446
259026
216227
452636
116986
489705
46367
27098
289630
260144
7562
24521
292739
21911
272139
288630
21848
490265
74689
289716
2632
26612
141864
26771
245394
379242
101591
227983
295168
37380
25195
103468
389126
431282
268582
34242
269736
181959
241489
475694
235287
27740
394280
287178
474038
371611
180546
196045
42126
290450
130362
241387
298433
3065
312170
283410
277779
222867
11223
2718
153405
982
9852
276466
219672
214976
279861
250293
218284
195092
263862
227583
38976
181237
282284
482129
289368
4550
390634
272527
276736
24069
37577
27499
23959
206949
276255
180182
239583
278726
241484
136973
38951
46636
331583
235960
237825
288974
275942
41449
28124
440619
179091
87676
3955
259197
193
300594
86823
207619
59167
3925
271056
196538
190984
268462
36816
3258
4438
415
262113
474800
252255
342551
298416
1022
282900
192699
953
196574
25307
313185
784
482691
293626
277376
143763
271174
425294
417228
12407
490339
24642
182962
36785
6118
187554
28140
906
208379
23790
259516
325350
30110
39721
292208
271898
335713
46357
22
270999
263553
3072
156919
195625
235105
252132
30181
30241
209715
275121
329997
196592
347444
329657
105759
490256
300271
1260
377134
238034
41911
25582
473172
393405
196484
66334
44068
292082
252145
347915
474706
400
919
102496
218891
209419
259282
260557
285969
284710
271269
209005
284688
4387
385759
40312
29975
259326
332303
332432
439707
245938
35098
306026
200792
458542
22239
389327
3757
431327
26595
247761
393802
292297
13705
285934
28507
29467
14616
22596
168680
294641
17
33202
110
243758
343005
288765
87319
30049
214599
293754
34131
288728
646
249142
31247
290610
29743
308500
329203
393018
277024
12665
4263
282706
26690
219684
27951
146262
284944
29778
66222
45323
227
142729
334160
290407
806
38155
391027
274493
231395
29867
16479
425292
28520
275973
343864
34034
331576
290341
280547
178818
208477
29897
38578
39101
28712
273584
402190
41637
1605
236067
24425
29500
9075
422827
196475
29524
269747
335386
279933
4808
386865
375176
549
260084
35605
175989
102183
395495
27086
258939
322432
196173
254027
30119
490336
143831
196290
20913
5079
196943
271602
282359
78599
1465
184752
255790
260374
254297
228067
24174
296169
455474
33830
27293
386884
214931
490432
28484
196210
154581
237188
29182
41453
216590
256137
482335
102
182053
24042
40655
17875
59985
45179
261182
289657
329078
6743
426783
29402
259
30506
490264
22780
23297
163
16794
13148
194486
27404
112977
260139
18603
336679
272427
19133
319175
475100
334648
24495
38241
28127
29898
209903
246674
22362
255066
236287
128165
260527
29080
392655
209385
246241
391542
4186
307315
143795
481371
131941
3243
35628
431913
260712
42805
117809
10724
34692
87142
265990
20755
30214
22724
16769
206841
193099
390480
281464
246432
322502
277916
379007
39312
29581
329629
198264
218788
41840
34776
19047
198389
35105
335802
2821
46746
273295
294478
280199
261842
3616
275436
258204
34212
392177
245741
472787
121265
432071
26684
275191
22448
10528
292489
197555
458138
41687
27816
490280
321654
2050
291743
200378
284649
96867
21202
256480
5110
27578
35856
153758
395650
10299
280563
23085
21687
270376
239516
358671
1650
273755
380435
258910
12481
278458
281298
268855
288742
21109
285906
317186
285453
472223
277864
19298
134338
253147
10763
245715
89552
231400
133851
259315
1775
738
1243
367813
251255
277897
295324
458184
37660
104744
112933
275648
4502
274492
280083
30983
294753
247007
4462
286317
274484
282351
330692
628
200723
158264
9621
40909
204737
205169
39299
34459
458522
41433
41163
376209
38594
218698
5731
291828
172897
297192
27560
15125
482154
25339
276016
268383
46701
422886
21158
291979
291179
412319
392667
297964
28050
154660
158231
27589
121285
103568
168257
276338
389894
33087
60720
276116
35389
333679
37290
269248
289832
28551
239554
277792
261780
267812
10692
117541
106970
132868
291607
279782
26272
489863
209292
157770
29924
26940
371546
258155
229287
208723
332366
21652
9239
16753
7512
46932
379251
318841
5390
41760
275555
227176
239355
2060
61526
34199
426128
34126
3981
29087
22453
220334
242646
333375
6478
246990
245564
15622
379025
23780
313619
274894
403318
273360
195036
243024
43331
359982
4084
336410
7236
300095
260009
284891
386780
274243
22279
28853
266312
1569
23352
29830
243658
390957
24846
38229
20388
371623
212763
276405
2675
391967
26553
11311
5142
11186
387178
379116
29150
324588
422979
33873
233009
39738
272866
181852
239183
31129
192502
22284
7150
402409
101034
290837
319347
159965
237103
148425
27606
45148
297883
383263
275909
3874
428571
353875
159176
275688
23811
99776
458215
356580
153230
247556
249809
196220
240434
212703
286488
4068
271071
350514
140380
157069
23845
2395
272443
259716
209265
291059
181485
117709
26599
307163
303441
270681
425090
245357
323442
2160
34497
24816
188432
78900
482073
41166
3986
279823
305725
482176
323901
303534
1870
27575
3229
833
245739
392646
259736
422680
28528
29510
390169
490262
301020
391339
20954
127330
42026
25594
28300
28639
428062
392175
490253
28893
330525
144089
4860
12964
30250
260360
289669
482288
39293
4375
218624
3555
37214
42767
20827
4627
32801
328673
7723
22478
214932
296202
27660
274376
330496
12758
470071
482231
1536
136224
371612
426736
3301
426706
29685
21160
252701
250414
273147
41464
387108
146649
132391
277413
276337
158936
10160
228086
2519
2923
28808
205266
168688
4154
4407
300
4756
116418
405359
30005
36526
269413
14022
204731
245522
289992
325757
8245
425599
378965
26072
279437
42956
193678
2987
28326
402384
156440
86425
268378
290655
37203
1103
293470
166485
200499
33878
301740
250197
261321
372826
30200
18939
44219
288860
277349
422657
291032
4206
246436
30133
239117
223946
154312
30239
182650
331544
288898
274335
288894
233802
582
439873
184163
490289
426571
241073
29094
439678
291936
268025
392539
286458
33797
331470
386754
271868
275071
3496
490317
42095
274160
234608
490365
203952
270283
29194
39102
218434
259321
17510
247669
193539
389966
22969
40331
35064
358633
296985
258352
486257
314245
81144
22592
150373
21187
28278
240839
283045
28940
261891
279923
273257
20396
3295
19904
490294
212395
28385
28100
263396
248445
28357
308296
390986
289653
259632
22522
28347
19169
412488
269213
307022
332320
275332
5071
21901
430765
151948
66275
291707
3758
279839
379129
207082
32840
30435
300178
371734
276574
330394
44225
272206
426052
490369
280038
290166
28196
31008
334680
423621
24765
296409
233470
225253
277661
389540
46529
262327
389351
20188
15680
42944
12559
254515
440040
156736
389224
4723
236443
687
29159
260921
268921
28756
275397
74704
155687
826
273081
271756
3990
439893
206901
34775
473239
296007
161014
5265
283370
21454
25568
31012
56906
339755
207683
386950
36769
397307
12746
5088
196464
3400
472101
10504
19301
275910
260162
43415
5002
13823
103262
28131
29923
289800
271956
144143
293181
318736
140988
426670
246552
306789
335460
475060
27155
21596
330424
150701
273986
304088
5353
42253
266871
30478
9745
219429
333310
210882
474432
256858
333022
67949
622
41735
338021
475125
486412
2381
45580
41800
5718
21198
36697
289131
1635
30256
34456
136366
324550
29780
292979
328476
489955
229141
215115
29513
103655
339566
18759
46493
14190
482148
39704
242379
133401
28850
22266
482127
254838
295009
19091
290027
34580
291928
27663
490263
196544
268548
45815
255971
272278
276135
24937
246108
482107
688
10760
157778
439665
38009
260760
226295
290924
158700
2128
173119
27291
295330
153008
2570
87077
422856
250359
27289
22708
299254
475573
24386
27701
12863
29580
36575
268854
22183
274981
30601
330116
33240
40321
295908
34819
440626
1051
18347
9654
220821
38445
235182
248931
31539
2852
29473
284594
325816
45994
30151
294975
434380
166858
291214
21739
29357
29536
41940
270044
24254
298256
28622
286285
103205
10125
330674
196721
27406
28854
21936
288645
271648
297078
186943
15801
165735
23528
252405
202782
4083
258431
371583
30357
240059
123714
60526
275130
213025
257157
308514
250004
14767
296301
271657
482102
257819
427309
282985
17949
19893
2469
292517
3317
24219
287329
101586
281124
27764
259293
30003
223717
281900
28327
30709
320432
35705
28796
29151
282800
439906
271854
2945
390332
279195
1137
328846
292100
260177
66056
440132
283339
288460
8552
328872
643
4341
103555
280231
15621
387587
20853
10406
249966
361919
273188
324474
22117
1192
490292
24867
14802
207106
4691
28237
28217
142827
286149
360232
328135
379451
2605
11434
256488
436579
192580
482074
236835
23217
27917
288442
35444
347369
153963
209207
29889
12917
475177
30
252210
244671
28394
250936
35127
1761
276305
330055
14465
276926
483143
206737
220038
2662
29820
4658
253984
252316
273874
39040
102752
52109
410688
289900
29028
316402
28767
156035
345350
259220
402299
276573
23010
142843
287131
89845
334810
258746
2266
46662
87312
37368
310973
23566
512
27355
246654
251800
283968
330850
224246
370848
244748
6787
436548
390821
471692
355686
347976
1597
171615
432075
2154
41420
292447
234195
45155
299735
203928
465902
241931
271891
482459
386816
26088
474441
29609
440086
262480
431266
384726
22768
251548
208286
30155
3571
27955
33869
276503
471661
423137
246563
17932
121721
52312
34431
270043
171304
27961
34674
225289
248778
1135
379046
44218
455873
24096
254898
86763
294617
4269
2033
293233
46484
153272
243014
13445
226576
117896
364180
274432
42102
41596
205830
345095
28540
30032
248640
272336
213408
490430
216107
20437
68291
258320
76694
239871
440560
214514
22661
290758
390014
24788
256495
13052
235738
44075
1458
393242
23696
117581
441478
332842
274943
250874
239997
277626
6221
311549
22626
3036
358570
172222
379214
195451
125659
153429
10211
290853
40361
227767
21938
294759
4390
290026
272847
227325
193925
7142
21623
28197
21835
485382
29989
306946
77396
3676
122399
242865
279361
296789
392203
29073
393140
27096
73608
268037
26134
138471
4272
297199
86595
391820
466882
210323
276293
489597
206919
27742
2258
142607
8983
196137
391007
9122
297782
3527
22456
4113
137467
2108
291755
246952
290338
1011
215394
40621
274373
295670
300318
28650
431573
29460
458081
1614
296158
4772
373750
334606
123110
210899
255116
152699
36416
389124
259270
56468
286600
313876
33709
269881
383198
293117
481841
28204
28593
482072
73777
154457
1776
2565
143768
458911
272551
240490
323
276145
86564
22554
274346
131098
390323
435546
467207
28908
391252
254495
489698
275349
295438
27706
274318
2436
6766
256509
6390
260714
159777
181860
8392
293727
253542
271617
12825
441771
379120
421791
428698
28270
41930
100117
197493
196528
18590
379733
30607
4067
279158
24038
393767
27154
143742
193086
272998
4940
334206
256874
286593
271603
27135
29405
458125
341186
96211
272197
272548
311337
219675
273403
29586
208970
29135
250474
386847
29873
233914
259045
1574
132974
267998
132226
353
348025
28890
310434
19944
259222
197689
34694
22701
330745
206159
29890
203866
28910
69751
439718
25844
305750
7726
272321
422756
227605
272356
29055
7580
210305
178246
127731
24117
249586
269188
3233
21185
389579
490344
289698
254114
439656
4533
26633
268536
282978
156914
3820
266840
318331
27199
196269
4714
220853
289812
34550
138434
389770
2453
289791
9052
290960
297482
100353
210018
1421
246009
182746
278357
9244
329656
41931
209503
255063
253648
930
648
262859
197518
132439
28643
20181
336087
458003
22218
490329
258622
458025
34056
30246
108677
440552
45141
138766
236656
251621
2019
152941
31852
28632
277668
29694
272616
201455
157591
223744
208047
441001
441992
334144
453372
341719
24186
7491
490412
268094
125167
394427
10305
240885
266301
130260
322945
30262
66264
192984
338718
86472
266716
681
36169
119162
65337
5
18888
440025
192991
485037
29845
7373
332720
220955
22670
288949
292345
28020
235123
485793
317280
57734
336394
309975
2815
432110
22832
335973
88831
279898
272130
274816
378937
333916
308134
10756
28058
183647
333183
64579
275266
248019
103413
30162
29428
272264
395598
19187
329403
207453
389787
377046
235385
222266
22682
20071
390683
318250
83981
259374
391267
22233
270487
291456
326089
272541
63984
21846
266978
121878
154427
172346
277939
104900
22025
300281
275446
471968
31283
486346
207354
281003
165974
222536
173058
41274
29933
209931
439943
389181
182145
294159
9002
197534
489676
276555
391544
104955
311439
482242
331064
1186
295499
274727
379305
5241
31607
129840
28474
4222
12194
277242
296071
272019
294693
275934
213873
278701
4347
332490
100112
2390
253819
27183
180363
20916
21094
210352
378993
341677
329216
422907
808
277217
210745
58882
410994
34296
259614
126984
1249
256718
4952
261140
3227
22662
273578
214361
329963
26614
32833
260256
6105
200446
30179
277705
44630
277699
37666
242791
489713
22511
296976
490260
23998
1104
33921
1406
24679
276279
244912
30039
321452
124728
98331
138321
311874
29802
393452
275106
291864
371557
482328
205190
31263
289329
287807
288960
331958
281490
251115
274369
486637
261122
26625
239041
271985
399624
29852
248827
356778
12819
29027
289441
39300
26652
40673
11480
23705
39945
389855
8294
25613
20325
87720
250214
27348
311696
239793
46754
259421
285322
57234
440576
3196
22515
196005
142275
273571
449428
277582
313169
277377
271967
245746
341776
5305
398543
4465
290774
4283
34606
28896
3110
258973
245830
19306
139418
27372
401747
293321
36715
279542
288508
86844
307846
249225
36783
440371
439806
13828
386762
261045
1514
86670
840
490483
597
240830
41868
4793
482126
103539
247143
7013
446553
34037
136511
389693
25612
308525
273695
276137
23695
213566
371585
252213
280075
305152
439723
11337
227260
474449
426150
257837
17807
12459
250023
480590
235663
2161
265610
25298
185026
318259
226554
426290
30051
37642
291291
280842
462977
335292
440181
29631
7141
238285
202322
209236
489596
6522
292027
17461
37516
89682
260036
429716
255848
73276
235538
141276
45316
322968
26135
275698
1131
439701
772
354115
425666
6952
27947
135619
8256
284811
486278
337820
232232
155896
3064
21830
6834
281642
32047
976
44176
390979
427762
141230
242917
41867
154144
41438
83840
86090
257474
235407
27889
289680
30072
298875
251445
274926
24506
272203
209294
4071
380914
25794
181278
332020
154303
440085
149870
2284
262085
297477
239354
284446
271642
4172
292904
478925
390793
329287
28654
1963
243085
427589
431914
294623
389232
52297
482116
29517
360569
178424
319204
9404
236764
334313
439878
285360
275511
27223
241604
333499
220895
2442
236074
271973
43871
200886
182944
398185
29296
259036
29041
28700
399
25861
2296
292510
30927
250980
173068
5114
180337
2863
271784
246424
142132
137966
276294
23258
1457
29874
9537
217326
24197
327529
313303
4467
87553
277236
246965
5145
277812
30138
392625
24103
258404
28738
291109
24452
272389
425279
273404
57040
249363
42247
227183
31056
381192
30251
281011
297977
271944
4800
349800
330160
38438
359573
328360
4593
308940
167913
21667
485801
28121
209880
4454
215481
35084
236868
279485
200859
30602
217319
269649
329895
40828
244187
423029
210676
281367
22413
18535
287146
39760
425949
172674
24030
370336
329658
215335
33780
30120
482100
275742
288567
259903
265834
21435
133202
286830
166524
451912
9024
236123
287795
132802
34874
401062
490287
219459
21705
16650
490269
295252
30153
41904
10247
4114
248046
475652
100940
29489
392548
265929
326847
6898
260956
6655
229308
253533
321227
29997
282556
441054
25547
101581
341397
5727
379266
291247
290884
290578
290834
35511
269815
282743
4505
13694
287544
286069
268691
46414
395649
322
28969
20445
288980
442452
273195
212577
348782
252776
393955
27670
180458
36863
371692
1777
247039
138455
489668
5291
40338
31537
330677
12246
19806
2734
425181
39265
196325
234003
30169
21444
29801
454219
35062
272253
27839
183076
120763
268027
478832
143686
391938
291037
260521
104531
2025
270484
13944
21062
116942
250717
291762
6645
229332
430736
282303
392089
188734
371682
112632
2437
280784
66217
3131
258846
291917
329631
99252
181387
29846
371575
13886
169924
195061
12967
275989
1948
795
27762
389398
794
336743
212585
271715
396243
274843
295569
17322
322843
214593
302791
957
3996
27853
232728
264680
20294
140154
288474
45191
38002
201535
10280
314
1286
296625
399829
210196
104368
285993
34344
298798
379170
333558
54126
280225
292567
379115
275426
252080
29959
275320
383203
435472
423324
227549
35287
252034
268598
7226
292687
831
207763
208619
334631
389157
389339
28536
255044
282711
16228
160079
128663
272472
490303
426094
29786
57874
275411
150231
21762
7884
22337
253771
289666
88349
46716
217318
52526
1571
158827
290534
291442
905
120151
18630
251199
23608
248647
28999
1451
255045
245602
373883
142343
24652
405029
7472
258051
5400
402
3152
479188
119320
150401
482140
1641
458487
86382
440164
188105
296254
16711
18742
280559
116697
379011
361995
331447
333380
30084
22119
289566
9287
475909
259620
473705
2018
86747
425669
45748
257116
268841
262021
425534
270511
29615
7286
486324
217759
25548
260362
196315
2206
32912
258397
359633
45218
218639
281714
298
284503
3291
390882
333893
44220
233799
27557
14301
388929
371592
21826
260786
315189
18522
28427
2171
334789
260456
219658
275082
20904
12723
203
23942
331208
248755
293517
283802
12255
259718
153226
427519
181396
30195
3468
29965
198138
18802
28895
220312
1482
223689
262345
371610
182271
293771
132392
4896
292016
273570
28449
476840
457976
29196
156195
27769
296915
339711
153566
228263
28291
219793
296082
3333
90213
292834
245355
46019
141054
334274
254974
260158
397450
245395
35551
291144
371614
238266
271671
489683
25539
129415
271974
290207
396075
259295
131665
157323
20928
100617
29431
41415
20298
101141
358730
152466
279228
46656
169542
1262
22700
321484
334198
28235
27592
238213
205647
290251
273379
228995
357342
81698
206404
440063
292676
440702
200775
485866
73234
33225
273350
170023
130002
398460
28173
296520
422738
2981
292056
100065
4266
19073
260164
266867
256034
195776
229249
4141
439775
247203
293565
40740
289082
190774
7214
441151
4325
272803
296971
288714
28366
4379
39046
378231
4054
102278
270647
28144
28816
390398
2942
28876
257765
458052
391419
46612
271619
309164
21587
300065
6700
15691
29746
39999
2551
398221
20323
39700
282814
29394
338784
277091
88829
275434
26995
18652
196371
30099
317706
239196
133719
27682
386774
260042
392032
89940
330045
336245
64201
67938
458056
23914
5875
260587
220972
2314
3124
379289
100125
29939
172429
196067
485781
22225
396734
3158
337339
296338
234455
260209
8385
20918
390372
383824
19839
98
2901
23468
1061
26954
473578
215667
21671
335968
34102
439692
2785
169234
3224
258250
439877
2870
440180
290046
486309
28132
3019
1741
390641
257925
286061
32615
10753
34374
489677
375091
233855
286394
250981
22602
28858
253335
385180
38011
282081
296566
30166
42163
196208
352311
259470
14455
5246
430772
490286
296889
34046
20938
188422
381
2966
490298
440906
17715
86546
273098
286177
271850
282096
265264
41780
197639
439702
6250
487141
290178
225096
144218
456184
244815
30071
490444
147052
77695
337240
391737
30211
290035
6710
89579
4173
397111
285783
24125
291824
290780
314056
196585
482106
108729
426178
235547
390400
297768
28437
261606
350037
197568
2545
27897
4871
143167
274715
389260
266668
260618
297245
130148
197449
18072
299081
117294
14435
268483
383182
4040
220843
300697
486478
290085
440525
89655
12864
390057
290530
203208
42711
24417
29266
391911
239865
475320
328914
227912
329194
30028
486662
35789
371688
119198
270975
439993
234204
358749
259667
2443
27801
7339
29629
210787
74730
250508
4146
289373
17484
210815
458147
28375
313651
334999
294770
29525
210155
264036
46705
398608
15711
390856
274049
6442
290725
274791
288368
274329
100187
393248
136719
208601
251152
25295
26540
265615
215034
227704
293870
1508
280254
24842
27990
140672
25849
103491
326869
33063
419413
157534
22560
7091
297698
173813
25340
28023
9086
45602
29081
251331
332474
313938
196577
30199
28995
389110
37294
238817
23214
181074
392504
23928
152796
275943
393807
323358
266515
26859
3868
289866
334199
439649
424
38370
26704
27343
469963
27966
25148
391038
294885
486229
439919
331842
2402
41272
311165
183126
26938
29646
305994
254169
347
12553
263161
220173
271975
248559
284770
356689
40989
193041
331142
14774
440257
355894
4654
397405
210405
9806
205045
489758
68134
240668
24202
2379
292613
26833
37213
240627
5222
46067
347939
340436
270783
6720
291624
41864
299774
275654
181430
13849
482089
273724
24807
3460
11249
260376
276618
25720
29344
207004
261448
173847
19131
27123
149071
43358
371615
251537
12903
439827
420177
277831
118400
170905
166944
158717
103489
18810
253090
227598
297657
249594
177194
35571
283636
2374
143818
419851
24603
245537
107441
7044
187079
257276
227918
21617
50841
400464
302287
239698
27585
203916
371544
402215
359030
3951
490473
102305
196618
253564
289662
469664
138512
277552
277465
87202
352374
14302
9870
46628
29432
392113
196189
29954
436686
283283
425970
45039
219527
172411
182912
254704
98916
2065
544
106376
4370
287826
25117
1114
4497
301655
109329
266450
2277
27831
379061
489703
327861
393293
277585
4834
30965
22094
284033
86437
4538
490272
26713
271950
30921
392075
27136
273769
88216
244236
151960
281086
372314
18714
426080
297372
347910
490306
29660
28236
293716
272251
326799
2661
278444
478285
28825
200362
160131
211850
275413
291504
3433
457984
294020
24350
379196
261329
20144
251087
5021
119747
23720
313136
319660
29382
471608
29810
29181
36666
161149
150856
41171
327442
229151
345891
289810
66853
488642
268357
124316
105331
2756
490267
332793
268895
267570
273990
273405
306903
461481
74610
425692
273330
22216
21440
36501
142717
6799
251890
119926
63450
240299
247752
43784
262037
22547
44949
29002
247510
12145
439957
150314
238879
3181
281005
6994
356496
109600
34520
38792
440216
287740
271980
297903
133694
467412
437061
21214
251228
133825
254914
15974
235338
10153
250030
36808
1640
351553
45124
173
258935
276647
30012
20944
66
353103
226994
20841
216386
277713
35749
138617
130883
218657
275336
57174
31275
275039
337074
181689
234422
399997
25203
30059
212525
1971
29847
439868
358946
332855
30043
333323
134191
333597
9616
86699
18974
378931
182563
17336
211712
263041
179871
273217
247670
45740
260159
335830
29496
2368
425747
196944
29358
24551
271668
250705
341243
490397
331
440931
336205
21669
3037
30063
380457
38433
42080
351579
102872
260194
108550
45494
482463
3830
4336
33764
209650
21740
256185
296837
33824
210048
439980
21728
334464
292423
381553
168789
171736
10486
286375
289248
389334
26743
57648
329136
200907
246726
6483
202561
28957
29045
22616
301076
195663
8924
458621
4913
159241
7275
271644
145488
153893
2020
213292
23747
3770
261570
35584
40986
298199
333284
18972
297998
21873
425473
486231
34977
135018
30464
46336
280029
21724
440186
143745
28209
4100
439876
388
276381
43777
1425
21926
213114
273175
42033
275740
222178
490438
258355
293023
216574
9925
153432
1389
27451
426241
181009
358650
60758
272230
220923
46401
10409
293378
35691
439966
275526
1639
246689
399941
271774
318345
33343
162811
473165
105208
384918
198119
260627
2344
5033
486080
218203
185467
440656
262707
29210
22501
181610
248266
224354
182340
3115
10474
41102
440824
27308
46090
297440
320280
87773
296181
1568
435439
114054
296043
439898
26696
2902
395108
234832
394746
5264
158251
22835
272460
211211
1062
258771
41122
29945
486285
288737
305150
45161
241109
207621
27757
409944
3261
2131
41580
21932
313583
140811
490257
43831
255822
41656
485384
46654
299381
326911
302865
30141
270950
276518
151174
299647
258508
464525
319512
41933
289244
422972
30057
189102
489442
154378
40546
227198
230296
12616
401675
202749
1500
439721
99793
271717
68971
29279
290488
274255
33808
57175
390108
386883
28865
301527
2238
290482
391688
27245
22565
29415
4807
5126
482199
291463
261022
143877
62876
29760
245363
24789
251774
306548
24569
335149
297033
22758
290950
21325
279599
305925
32518
275150
197728
290734
241152
370185
22306
273090
274360
147226
490274
358870
274646
165042
490300
30066
324305
45060
30929
171484
1682
27365
104764
22538
28222
151485
61193
244931
11815
335639
3973
102627
292487
245527
49309
5348
271635
4048
17618
238841
36511
26515
25471
4011
6402
15675
31927
24088
247625
28626
21353
293919
235891
312204
61488
589
33903
221758
167868
28534
153415
6215
246237
221041
235562
85162
265347
4974
485782
486295
27913
439922
233813
240044
40834
103551
15295
40577
288114
358609
28398
415865
41678
295289
180003
290036
29798
30270
200695
442441
182434
27435
433257
107442
439675
211131
368
266767
389757
87599
358714
227616
41424
251002
29658
213943
24082
14663
254629
26775
196533
378883
225297
344671
2445
28405
86439
266635
18936
230169
252843
374437
348649
371590
153729
12144
371545
352227
268911
305535
10313
241334
85792
17851
87532
287956
3636
205421
27832
1970
235998
281793
4559
46438
125857
297552
102574
379094
37770
320896
32416
14798
277501
379278
10800
83526
23296
440291
274011
237085
20837
360075
148039
205996
60224
285771
41751
27344
229107
486203
73682
15383
271976
277891
294709
6095
38801
286296
485905
85544
34901
142095
489638
249695
271798
220330
146779
45396
17771
28897
38894
35290
227240
100144
331007
260210
3128
63645
199964
232525
97
422908
252321
18472
27697
18625
9474
16660
71015
439683
347512
404761
22548
38762
197554
387220
289109
27591
38235
36640
18834
250256
336313
3979
8766
490327
8235
436756
28110
264096
41337
29490
286622
38884
28979
383181
251710
41271
29756
332667
21184
293096
26630
22126
319038
25610
119680
11376
277243
196330
250875
27444
371563
378901
116769
28128
286454
330897
7244
12831
4615
275864
150568
108566
6370
10600
393991
208855
248938
181933
28646
291450
220946
193688
16775
138073
475704
45125
33336
3267
29978
250418
486175
28549
17604
2647
248337
246332
240396
260545
22028
24420
79983
95512
440028
326477
229532
3894
35693
260938
18494
322294
15406
34356
124176
1782
28264
220328
100665
485851
217547
2252
246911
321312
79993
271997
21288
271988
12091
174256
2462
490347
29301
379119
29037
249479
221298
28935
331089
253614
29814
248907
30204
440686
172
158143
376607
8911
34533
234769
441113
30210
352945
275309
261064
371666
25285
119185
390971
16234
436864
390949
366315
440191
12677
275393
1951
444907
425568
482114
268618
389280
142872
255877
207605
260690
200889
46675
29189
26017
29870
260925
259113
138876
240313
146236
130752
292983
374846
490531
293761
4312
403722
25788
207263
103788
21135
167671
18635
34483
258324
335391
445582
34460
28753
29090
215255
360145
30184
24210
84294
24222
386861
292405
8039
334955
270393
479929
271878
204969
4487
28480
482947
194183
288669
23606
16193
210336
98668
293811
220423
258985
192706
248843
15755
>un
474736
486370
466684
475042
288682
148779
474663
414512
473468
282461
396893
392147
488158
473948
473039
32781
465799
474017
478968
422206
474746
474998
445782
467350
470744
472051
470513
378999
411968
392810
394523
467639
473799
442081
401804
486181
470497
1843
389896
391708
480608
373902
391785
472037
380871
437213
383297
396535
472151
474943
391587
349362
474123
316103
361651
468197
470159
465838
429115
312048
391173
441601
475000
489869
396114
458831
379108
313789
458090
392569
22367
315924
396926
287896
384744
455357
395765
482425
393068
275549
471930
482979
395048
472983
455988
431390
97399
442732
142380
458283
472730
464976
426900
485034
436732
471992
470306
474839
361617
45565
386831
46847
391842
158662
88546
397491
440365
402298
470403
296922
426221
475345
470782
467656
480717
466641
486782
408946
475105
456609
470949
470768
63575
210035
181147
474656
437507
440363
442402
458030
385822
422156
472016
398029
478998
413384
470177
486635
473265
396479
277527
473244
472922
467658
220975
275015
480803
486792
322555
441570
467445
399806
474046
472165
475248
399749
473125
241714
470192
389048
37803
473826
254588
423048
490281
182042
466752
371667
489961
391281
391707
392684
487832
36683
393935
457818
272976
475354
108587
25018
473569
56067
89568
472053
477913
396929
291551
390677
310036
51136
489875
381360
441253
431314
471741
261902
458200
392580
439865
487139
103728
475357
132956
391834
373782
439929
332810
474710
437060
440079
475242
258263
389155
470542
22505
442045
392941
301184
41923
467874
369779
481148
470683
209644
391945
360844
486256
473088
473833
392973
437478
467034
482653
365961
440460
371595
227484
310635
465375
475820
397431
456642
398471
399750
425111
3105
470472
482758
381569
481613
470913
413144
448658
364161
441437
467834
441385
472194
475600
358895
426226
262053
444111
471875
470640
309533
416420
333367
392302
300416
29221
458386
470361
410002
474096
315002
396597
391716
486596
473614
444951
472184
472018
470184
460422
37592
441324
487132
46635
487642
393030
29868
25670
441583
471618
441359
440415
486180
396140
481147
383718
475708
472215
459353
24641
40482
473138
391729
390596
292775
470331
426223
471916
28077
475559
390753
440114
475021
467820
466937
458094
472795
467119
475749
443230
431845
472244
6343
470843
439872
475290
488221
437561
426006
466983
26480
440059
361788
423363
489648
440280
486326
442324
471786
254370
312685
332550
370366
389582
405869
469230
190758
468745
413163
416677
475208
474553
482813
474584
462541
431898
352058
474940
465444
440103
474641
475397
395093
474633
412440
486241
473985
482211
289759
293315
22575
426895
482354
458038
439999
486719
441714
465826
474852
328601
27091
273196
264967
423369
485809
442453
32215
327564
373622
70989
474654
336204
426227
490258
31914
28963
470438
440051
475373
474813
472109
470653
411821
441002
472166
483040
475385
27903
467405
466446
490459
439158
440153
436688
468093
392225
392737
35296
487959
442517
381823
470134
468477
399852
465775
397169
388884
474481
475336
34012
289995
350631
473178
473256
486771
474803
476562
475459
444565
426255
391898
473863
475340
297365
473074
474781
390170
393365
455354
391082
394798
474629
87759
442319
458076
483450
490425
460871
468327
474834
474965
467404
431697
399746
391985
443327
486430
487949
412877
392166
441168
458053
472063
442436
472243
469931
458212
395323
86523
470667
468010
472640
337947
412990
470606
482266
335368
39735
473072
392803
393812
473069
396341
426225
247985
465842
439961
395092
389421
442519
1960
487314
465586
425231
466157
472866
441173
486677
457595
473839
41711
433263
475262
353287
393566
486373
279821
486190
474678
206868
331313
468263
458399
395225
30806
30920
468394
431496
465863
348736
486751
326103
480461
238081
341955
441316
393972
471780
468221
393008
470860
443179
392651
440231
466144
470772
442545
468165
426880
485977
431744
476050
391633
257997
416652
313451
433318
462355
393508
398958
465508
480745
466586
389449
470508
490608
426631
383745
439870
393360
455871
465895
399541
241098
474075
426209
471326
392662
457585
471988
299147
470533
473056
397498
389087
487469
289871
468015
473133
352028
473025
339456
485186
172605
383217
342680
393127
489639
474374
474025
75260
479873
411926
393592
490488
431734
473124
396054
467740
468637
422842
27469
443257
410963
471976
441271
474187
490419
398905
473442
392137
459078
310704
486174
473100
347395
391754
486963
131555
471344
486752
394484
483258
403500
33622
474841
391725
389146
401740
474338
415940
381410
414287
431538
474539
251789
322735
444339
431637
393044
393485
6932
439861
319659
460472
291443
475603
395285
383283
465458
394618
391735
442292
331214
396427
470620
458049
387018
393226
99632
391795
18915
473258
405860
474636
473440
470789
441100
472707
272809
289921
398915
399754
480801
392146
441270
371622
204670
467320
391745
392028
148007
384495
475937
459185
471872
374192
310368
415922
455949
193096
470601
470534
443456
27707
487248
392918
478142
>part
>ku
399752
484129
>uu
415762
411667
329519
379303
416969
399753
487250
411670
>kn
6712
28689
23010
28336
142843
29648
25785
155620
258746
87312
4863
4628
38911
316592
27355
246654
251800
439782
283968
330850
125288
435190
244748
482104
347976
432075
2154
291519
439927
292447
234195
241931
465324
4537
157091
917
34859
255723
440086
33360
44202
22768
251548
348326
27955
200307
379351
17932
29812
34431
142731
171304
3238
27961
248778
245976
4261
400129
428950
38017
486
44218
289795
4269
28873
333406
2033
293233
243014
13445
248906
226576
262056
4258
364180
136458
41596
281896
205830
345095
111326
30032
248640
279287
490430
68291
198803
12882
440560
22661
325800
24788
470827
34702
2654
129534
44075
23696
117581
441478
250874
238973
277626
28649
157648
172222
489665
44231
6824
125659
323925
319684
10211
126404
254642
1
290853
40361
227767
29644
2937
2845
486258
227325
21623
200916
478053
21835
485382
38888
306946
490349
362118
258937
279361
392203
29073
393140
44226
486383
326167
138471
19027
244705
297199
2745
90218
290906
100113
489597
347899
280125
297782
22456
4113
2108
246952
215394
274373
295670
300318
28650
458081
296158
26581
320593
373750
4772
334606
24547
228799
210899
255116
389124
30010
282184
313876
265744
279116
258912
245724
293117
25608
187910
482072
1776
2565
143768
458911
272551
323
24670
112
22554
398307
467207
297971
219621
28908
254495
262
177724
89515
23828
6766
439752
260714
159777
8392
293727
206250
334581
343110
329083
379120
289914
421791
428698
26618
273706
41930
100117
171378
197493
439690
206555
245897
4067
24038
143742
2608
243234
334206
222206
3458
226878
331964
207
214545
292865
224306
27135
458125
96211
159552
254979
311337
228517
219675
273403
34159
4356
386847
371552
57221
259045
38868
233914
260577
10665
132974
36718
55143
196295
161726
28890
247595
197689
34694
45019
22701
330745
29890
206159
62886
28910
69751
439669
439718
188544
272444
25844
265792
422969
305750
272321
227605
272356
280103
56769
236553
178246
781
237985
127731
279805
249586
24117
3233
389579
4533
26633
156914
333053
318331
27199
4714
289812
376269
34550
389770
2453
289791
290960
297482
241546
246009
182746
278357
125770
290431
329656
209503
389242
390287
200608
7454
930
347964
197518
336087
434851
34056
440552
45141
251621
152941
304656
29694
214454
87611
272616
265806
157591
268710
226941
334144
38529
280069
7491
490412
28438
4933
10694
46366
29482
30254
338718
37395
86472
271770
296382
292140
363404
65337
18888
485037
42047
30056
298892
29845
21981
316473
4742
7373
22670
425492
41890
292345
131234
256765
405834
180124
235123
295063
317280
25157
240336
212813
247566
309975
2815
2121
432110
21841
235580
22832
136791
258381
274816
28058
3248
277629
30156
333183
260538
277498
29773
30162
44207
22379
29428
272264
395598
361851
271711
245340
389787
235385
20071
141021
428905
292001
45233
247946
330667
27035
1644
439772
272541
330731
21846
266978
121878
154570
359004
28839
172346
104900
275446
31283
486346
281003
1791
41274
29933
389181
182145
402151
294159
194339
9002
197534
276555
439940
104955
311439
482242
331064
1186
272475
273049
12194
4222
296071
260288
439751
294693
275934
140568
292503
278701
4347
250552
27183
180363
21094
196480
29346
219183
210745
277217
490318
1231
12309
259614
1249
256718
261140
3227
101559
482076
273578
32833
100399
6105
23973
456078
247764
277705
37666
489713
18517
2103
1104
23998
4783
244912
386789
124728
98331
276325
419479
29802
393452
248042
371557
275106
482328
31263
27227
331958
25683
486637
371573
26625
277687
271985
348374
248827
12819
410189
29027
2824
279427
291799
259095
289441
39300
458000
23705
289929
12925
39945
218473
25613
27348
311696
259421
285322
440576
57234
29254
3196
22515
29044
142275
449428
277377
271967
245746
341776
5305
290774
4283
427162
258973
245830
29366
36715
279542
272185
28379
292751
288508
379159
386762
840
597
29192
240830
4793
103539
294783
247143
7013
483651
99395
34037
249146
398371
308525
268000
291868
276137
305152
180622
383472
227260
257927
194755
45127
426150
288159
12468
34663
12459
480590
267410
273170
265610
89918
185026
426290
275233
34035
159950
30051
37642
280842
291291
462977
24108
7141
238285
331392
229110
202322
209236
41708
317331
28262
37516
260036
423151
277327
429716
168
235538
141276
45316
3444
322968
29866
354115
425666
141083
4259
135619
8256
5856
329814
474976
291015
284433
261818
281642
716
141230
390979
25311
86090
196345
152987
254845
3303
490276
21501
30072
157904
263639
251445
298875
323595
40681
24506
33729
4071
270382
244426
181278
440085
154303
33303
149870
272747
150050
2284
273152
297477
136648
284446
4172
289819
292904
478925
474453
329287
427589
52297
482116
29517
360569
428996
142722
319204
9404
236764
441887
260220
285360
275511
276859
220895
2442
260698
329243
200886
43871
182944
425284
29816
259036
644
323997
330607
399
247542
288374
289796
219497
46325
25960
261082
2863
246424
39001
3095
276294
5904
86391
261620
29874
27800
327529
23452
787
87553
317636
45987
378263
246965
5145
277812
392625
24103
3459
258404
28738
297051
24452
6670
232400
258785
289237
273404
249363
208750
30251
297977
271944
4800
38438
330160
349800
359573
21667
180734
28121
104959
209880
41891
35084
236868
456388
483289
279485
200859
5121
329895
244187
316418
281367
69
22413
277958
489717
39760
287146
24030
329658
249752
181290
101656
123831
316890
215335
288567
259903
21435
166524
45874
287795
417427
34874
297777
258633
486198
490287
259852
490269
790
10247
23138
100940
2416
6898
218940
28668
29997
321227
273538
3746
222338
196532
196332
291247
290884
289306
35511
19299
287544
24887
38929
27567
46414
395649
322
182927
379082
29702
21686
273195
21880
252776
152048
246127
393955
27670
180458
486317
1777
247039
20488
246479
261004
289915
5291
489668
28955
757
330677
251174
427321
283217
142455
30169
565
272253
454219
27839
28883
490252
189222
260117
314757
35784
284863
13944
295124
291762
430736
294871
392089
292465
188734
371682
24738
291917
205463
28392
74363
29846
4606
195061
12967
1948
341742
25042
795
271715
396243
295569
90147
214593
400294
153061
222241
250438
20294
140154
28989
247478
26456
35828
288474
45191
30085
38002
201535
10280
248637
1286
473368
399829
15701
285993
34344
379170
54126
333558
378951
328807
292567
275426
275320
383203
227549
423324
268598
252034
35287
292687
831
86572
389157
298242
211535
425201
212333
28536
24865
16228
160079
423094
390827
272472
98200
103986
426094
250492
29786
57874
281379
275411
21762
397554
6988
88349
272397
158827
426204
30837
291442
905
45173
251199
41
23608
329063
24652
405029
474487
258051
270874
3152
119320
4292
482140
391959
641
458487
28813
440164
242968
440929
296221
280559
379011
251716
242413
30084
114116
22119
86747
247956
306173
2325
425534
139320
45225
34609
274001
486324
54981
379098
38390
4598
249164
262252
32912
359633
100167
334031
18539
45218
390983
298
284503
31175
29891
170163
333893
44220
249555
216528
14501
371592
388929
5567
260786
18522
726
278560
28427
282499
334789
22130
439874
307455
203
212549
293517
283802
304080
443385
181396
6967
3468
236454
18802
198138
316553
182271
132392
275003
22378
274693
28449
100116
263514
270703
29196
331640
27769
428652
296915
339711
76911
254974
397450
440173
290727
371614
33765
40036
424639
25539
23230
21399
30496
379181
290207
286457
46446
262547
131665
20928
29431
20298
101141
152466
486264
1262
22264
321484
28235
441134
238213
250332
389609
284229
273379
31395
383401
291192
228995
81698
10987
422634
292676
440063
215860
390756
218198
293605
41746
485866
73234
273350
170023
371656
398460
34871
296520
249349
193632
2981
4266
292056
100065
19073
290116
260164
266867
256034
216227
4141
116986
40740
289630
260144
190774
7562
292739
490265
21848
74689
288714
2632
26612
379242
245394
101591
378231
4054
102278
28144
25195
390398
2942
257765
28876
389126
391419
46612
34242
268582
300065
29746
20323
475694
398221
235287
27740
29394
474038
88829
196371
317706
239196
3065
312170
283410
27682
277779
11223
2718
386774
9852
260042
214976
330045
336245
250293
64201
263862
38976
2314
282284
181237
482129
4550
379289
272527
485781
396734
37577
27499
276255
296338
239583
241484
260209
38951
383824
331583
98
288974
23468
41449
473578
26954
21671
215667
34102
439692
87676
193
300594
258250
59167
196538
190984
36816
3258
4438
390641
286061
10753
415
34374
489677
233855
262113
286394
252255
250981
342551
22602
1022
298416
953
385180
42163
25307
784
482691
259470
293626
14455
5246
430772
425294
296889
417228
12407
24642
182962
906
23790
208379
2966
490298
39721
292208
335713
273098
46357
263553
156919
3072
271850
282096
30241
209715
41780
265264
197639
300271
377134
487141
41911
456184
144218
225096
147052
393405
196484
77695
44068
6710
347915
474706
285783
24125
102496
209419
291824
285969
196585
482106
108729
271269
426178
29975
332303
332432
439707
245938
35098
235547
297768
22239
261606
28437
350037
431327
197568
247761
27897
143167
285934
274715
389260
29467
260618
22596
17
197449
299081
117294
33202
110
268483
243758
383182
343005
30049
220843
300697
646
440525
249142
31247
203208
42711
329203
277024
475320
30028
371688
26690
119198
270975
439993
234204
219684
358749
146262
284944
29778
66222
45323
142729
29629
290407
38155
274493
391027
231395
28520
425292
16479
289373
275973
17484
210815
280547
178818
313651
334999
273584
264036
398608
236067
274049
290725
274791
422827
288368
29524
393248
136719
375176
251152
260084
215034
227704
293870
1508
35605
140672
395495
258939
30119
490336
20913
103491
33063
5079
419413
22560
297698
7091
9086
282359
184752
260374
228067
313938
332474
27293
386884
28484
490432
154581
37294
392504
23928
181074
29182
256137
41453
482335
393807
323358
40655
17875
45179
3868
261182
329078
289866
334199
6743
259
38370
490264
469963
23297
27343
163
25148
391038
194486
331842
2402
41272
311165
112977
183126
260139
18603
26938
29646
305994
254169
347
12553
263161
271975
248559
272427
284770
475100
40989
331142
14774
4654
29898
397405
236287
210405
9806
29080
392655
205045
68134
4186
240668
131941
35628
5222
46067
10724
117809
34692
273724
482089
193099
16769
277916
246432
276618
25720
29581
207004
29344
198264
218788
19131
149071
19047
251537
12903
198389
335802
294478
158717
280199
261842
18810
275436
258204
472787
432071
297657
275191
249594
283636
490280
27816
2050
291743
200378
284649
107441
27578
256480
257276
227918
153758
50841
400464
10299
27585
23085
371544
358671
402215
253564
289662
138512
258910
268855
277552
21109
317186
285453
19298
277864
472223
253147
392113
29954
436686
245715
231400
283283
425970
45039
738
1775
219527
172411
182912
98916
367813
251255
277897
458184
2065
544
106376
287826
25117
112933
1114
4502
301655
280083
294753
247007
282351
2277
27831
158264
489703
393293
41433
4834
284033
26713
5731
271950
291828
172897
160272
392075
27560
482154
273769
25339
88216
276016
268383
151960
46701
372314
291979
291179
347910
297964
29660
28236
272251
28050
278444
326799
2661
478285
154660
121285
276338
275413
33087
60720
291504
35389
333679
269248
289832
239554
277792
261780
20144
251087
23720
319660
291607
29810
161149
209292
26940
371546
289810
488642
124316
2756
21652
490267
267570
46932
273990
318841
273405
379251
5390
41760
34199
61526
2060
21440
29087
142717
22453
251890
119926
333375
247752
15622
262037
22547
44949
274894
273360
243024
43331
150314
238879
4084
3181
281005
6994
38792
336410
287740
440216
7236
300095
467412
297903
284891
274243
437061
21214
251228
254914
266312
15974
390957
10153
258935
173
276647
66
30012
2675
216386
391967
26553
11311
138617
387178
130883
275336
29150
337074
33873
30059
39738
272866
239183
31129
192502
29847
7150
402409
30043
9616
378931
159965
237103
211712
273217
27606
45148
297883
383263
335830
275909
23811
250705
356580
490397
331
247556
440931
21669
380457
212703
286488
351579
4068
45494
271071
350514
33764
296837
140380
439980
168789
171736
291059
10486
117709
286375
26599
303441
425090
323442
389334
24816
26743
78900
57648
482073
3986
28957
323901
303534
301076
833
392646
7275
259736
271644
29510
35584
298199
490262
301020
20954
21873
127330
25594
28300
490253
30250
280029
440186
143745
21926
273175
482288
490438
258355
293023
216574
218624
1389
328673
27451
181009
272230
330496
12758
470071
136224
371612
426736
29685
21160
162811
252701
473165
105208
250414
260627
185467
146649
277413
276337
158936
262707
29210
248266
181610
224354
182340
205266
28808
3115
4756
116418
405359
30005
14022
204731
289992
325757
425599
378965
320280
87773
42956
2987
296181
1568
296043
402384
156440
394746
158251
272460
211211
1062
33878
258771
29945
288737
30200
18939
207621
44219
288860
409944
291032
3261
4206
30133
239117
2131
21932
41580
30239
331544
288898
43831
233802
255822
485384
46654
299381
326911
30141
270950
276518
268025
258508
286458
392539
299647
464525
422972
331470
275071
227198
3496
439721
203952
259321
17510
290488
389966
193539
247669
33808
301527
2238
296985
290482
27245
22565
4807
150373
240839
28278
291463
273257
3295
19904
263396
29760
24789
306548
390986
335149
290950
297033
22522
307022
21325
275332
275150
197728
290734
430765
5071
21901
22306
370185
66275
3758
274360
165042
490300
30066
324305
379129
30929
32840
30435
330394
28222
426052
151485
335639
28196
31008
102627
24765
296409
292487
233470
277661
245527
49309
262327
271635
389351
4048
17618
26515
31927
15675
24088
247625
254515
440040
156736
293919
61488
589
260921
246237
268921
28756
85162
155687
265347
485782
486295
271756
439893
206901
473239
161014
15295
5265
288114
31012
28398
207683
339755
29798
36769
200695
27435
433257
19301
211131
439675
275910
260162
266767
368
87599
13823
358714
251002
213943
293181
24082
254629
318736
196533
426670
246552
306789
475060
225297
344671
330424
266635
2445
86439
28405
273986
374437
230169
371590
153729
371545
304088
42253
87532
219429
210882
4559
474432
46438
333022
338021
475125
37770
2381
32416
14798
5718
83526
21198
1635
30256
274011
237085
440291
324550
20837
29780
292979
148039
489955
215115
29513
339566
46493
14190
15383
39704
28850
38801
482127
22266
34901
295009
489638
290027
19091
271798
34580
146779
291928
17771
28897
27663
38894
35290
490263
227240
100144
45815
268548
260210
63645
272278
482107
422908
97
18472
18625
157778
439665
260760
16660
439683
71015
197554
289109
27591
250256
422856
8766
27289
28110
24386
29490
28979
286622
383181
29580
36575
41271
251710
22183
29756
274981
332667
22126
293096
319038
40321
295908
250875
277243
440626
1051
371563
28128
38445
330897
248931
7244
2852
29473
284594
4615
45994
10600
393991
208855
291450
181933
294975
434380
138073
475704
166858
45125
291214
29357
3267
29978
486175
17604
248337
240396
246332
260545
22028
24254
28622
79983
95512
229532
3894
260938
297078
18494
15406
34356
23528
28264
124176
1782
258431
246911
30357
123714
275130
213025
79993
250004
482102
12091
29301
29037
249479
257819
17949
28935
19893
331089
29814
30204
440686
24219
3317
287329
172
27764
158143
30003
28327
234769
30709
320432
28796
352945
275309
279195
1137
292100
66056
390971
440191
12677
390949
275393
4341
444907
1951
482114
425568
268618
389280
142872
255877
207605
200889
280231
29189
26017
10406
249966
361919
260925
273188
22117
130752
292983
374846
490531
4691
28217
360232
11434
436579
192580
335391
258324
347369
28753
209207
29889
475177
30
360145
30184
252210
24222
292405
28394
8039
270393
1761
250936
276305
271878
330055
276926
206737
482947
2662
4658
288669
253984
210336
273874
52109
192706
258985
316402
29028
>un
352058
474736
465444
440103
474641
474663
414512
412440
486241
282461
473985
289759
426895
473948
32781
474017
422206
439999
474746
474998
445782
465826
474852
328601
423369
485809
467350
472051
470513
327564
378999
394523
336204
473799
426227
490258
401804
486181
1843
391708
391785
472037
437213
396535
349362
472109
470653
316103
468197
465838
429115
475385
391173
27903
475000
467405
489869
466446
396114
490459
458831
436688
468093
315924
381823
470134
468477
399852
465775
397169
388884
474481
475336
395765
482979
289995
455988
431390
473256
474803
442732
142380
475459
444565
472730
473863
475340
464976
426900
485034
471992
470306
474839
474781
45565
386831
474629
88546
458076
460871
468327
467656
480717
467404
431697
399746
391985
486782
443327
486430
456609
470768
181147
487949
412877
474656
442402
398029
472016
472063
470177
472243
486635
473265
395323
86523
470667
468010
472640
412990
472922
470606
467658
473072
480803
393812
473069
396341
465842
389421
487314
486792
322555
441570
425231
466157
467445
472866
399806
486677
475248
399749
473839
473125
475262
486373
279821
254588
486190
182042
206868
331313
468263
489961
391281
468394
272976
475354
431496
25018
465863
473569
348736
326103
472053
480461
396929
341955
471780
470860
443179
440231
441253
470772
468165
426880
431744
476050
391633
261902
487139
416652
433318
393508
465508
475357
373782
439929
332810
474710
466586
470508
440079
490608
475242
426631
470542
301184
41923
467874
399541
481148
474075
471326
392662
470683
457585
360844
473088
473833
392973
437478
470533
473056
371595
227484
310635
465375
289871
475820
397431
468015
473133
456642
352028
398471
399750
425111
485186
470472
383217
393127
75260
411926
381569
481613
470913
413144
448658
473124
396054
467740
468637
467834
443257
410963
471976
475600
474187
444111
398905
471875
470640
486174
473100
410002
486963
474096
396597
483258
33622
403500
486596
444951
472018
389146
415940
381410
46635
487132
414287
487642
251789
322735
444339
393030
431637
441583
393485
441359
6932
319659
460472
291443
396140
481147
475603
395285
383283
472215
24641
473138
292775
465458
28077
442292
396427
470620
387018
393226
466937
458094
472795
467119
473258
443230
472244
6343
470789
441100
472707
289921
398915
437561
426006
399754
480801
371622
467320
440059
423363
489648
440280
442324
312685
459185
471872
405869
374192
190758
470601
443456
487248
27707
416677
478142
>part
>ku
261672
390344
>uu
439869
423016
102877
391741
391746
391733
364129
381316
391732
391705
391706
391743
426218
471764
461436
385898
459351
395084
402673
363036
378562
395052
442451
446195
375891
394486
459644
416183
363751
466602
402671
442520
486750
402678
446198
375805
394982
>kn
6712
379190
28689
439882
25785
315959
469937
30042
155620
275452
18832
234502
250617
1387
286353
489630
316592
12798
86507
439782
220912
260661
217233
439714
34641
391170
476813
439927
293120
389329
247473
126976
289818
45044
319719
4836
157545
274811
35345
234544
275489
207555
275831
33360
44202
37371
200307
235132
143817
215110
29812
2976
262369
146194
268532
32409
3238
88793
400129
486
90787
479526
259121
28873
439720
686
301652
34359
41739
248906
238279
30087
12568
4258
324032
277857
281896
474462
274433
273102
427266
267810
198803
12882
42855
325800
29187
35806
2654
275036
288477
490366
99989
238973
28649
272974
209349
386752
44231
252136
394985
218637
323925
126404
1
17166
29644
2937
207767
323554
29424
486258
29627
236928
200916
16716
86453
279907
392484
362118
196558
927
44226
245867
28359
19027
100068
244705
386792
105230
24169
58836
290906
136093
280125
329353
41367
272
260153
151239
270259
33881
288696
180013
335875
228799
45436
31203
22519
248615
272346
279116
25608
27393
13430
425502
290086
9431
290857
379101
5935
297971
441522
389682
235137
277906
20271
489656
252171
277533
177724
239675
337038
89515
386931
305816
28468
206250
343110
329083
289914
273333
273706
16974
439690
321147
206555
208714
21549
26908
431316
258923
291832
100615
43152
247073
291569
2608
1001
291235
232
229087
464982
222206
273204
3458
1182
331964
225
292865
486353
159552
288186
217787
217354
4128
154564
4356
46014
371552
38868
23834
260577
10665
333849
373589
1485
28811
278
25833
87439
254267
77133
241205
70666
387909
439669
308452
272444
396078
20242
265792
3451
392206
410206
262453
34266
56769
439801
34399
271178
287443
781
279805
131150
271222
135965
325827
203965
159684
290182
42157
351688
436539
482096
376269
235683
159173
4342
24838
283879
10229
24356
293819
241546
34319
95452
281816
25125
125770
390287
3960
200608
7454
390010
41396
259223
33970
286598
153301
214454
265806
38529
280069
272569
431965
490243
15918
830
4933
21500
30254
386929
17708
431589
271770
297096
363404
36557
46088
132246
28922
21981
21912
316473
206218
38746
92705
29114
275901
70690
204656
277354
288805
425492
41890
266264
206566
279977
180124
25157
240336
212813
482358
226860
37825
205601
281482
21841
12900
27210
248334
21814
334138
233151
80484
277629
30156
23492
277498
44207
20948
186185
383235
29597
328854
236513
245340
222
276024
10265
141021
127446
439772
330731
241365
211477
154570
45151
359004
246131
331784
33832
358691
335187
276362
431947
2180
45755
371673
16110
439940
150977
273049
386776
439751
425101
28777
234191
292503
153710
182574
380115
31239
24761
3974
486276
198414
272801
2125
240850
290079
1231
12309
351426
386823
57199
28393
456078
44223
45539
247764
278997
2103
389712
272414
379086
430844
490266
276325
288962
193094
239329
227733
27227
271188
220299
348374
29590
2433
2787
349667
467752
31761
303231
172947
410189
279427
490467
291799
334918
259095
321937
458000
12925
43778
380433
439875
265125
159651
218473
26838
72168
29254
83277
29044
41017
28904
331051
284906
217385
334041
221688
209147
6667
284246
30220
45371
28379
25057
426078
39095
292751
379159
290476
41568
297222
29192
246956
319581
6206
294783
39472
249146
291868
268000
180622
44213
4618
28349
30088
261218
42135
34329
257927
200766
29236
18565
34663
173790
86413
29063
46508
3336
78312
33207
382
476028
24108
394980
22398
383775
317331
28262
423151
168
6180
22473
46247
178
233082
29866
3992
4259
211096
35650
261818
216313
31421
305345
2212
99996
260635
390865
275281
389251
397471
260314
18845
25311
196345
212469
234965
275554
21501
10702
323595
40681
41681
152627
315560
267178
6388
1056
33303
157313
297660
385020
273152
29515
136648
10530
275409
293628
27107
24576
474453
260282
248360
490367
38016
207894
208883
441887
276859
261676
170855
21864
326411
425284
29619
29816
323997
247542
272085
273662
391794
117037
25059
274794
18626
38010
440071
27789
440764
300083
24007
10510
188851
4234
258785
246304
319530
208750
485026
42223
221452
379505
27503
180734
41891
281498
276271
154566
29214
260576
41077
31204
316418
490358
69
109930
489717
269596
30191
399319
316890
323393
299312
185453
259893
253578
61018
45874
196595
26212
258633
8655
289934
288718
21855
339491
103382
275780
288641
259852
41642
290022
2080
23138
294138
45272
89341
22347
440265
218940
489604
28668
14796
22240
4558
273538
285076
3746
196532
44606
18946
291135
289306
29829
4219
7688
221403
125942
440802
182927
41636
225898
21612
432944
29389
40
259976
290353
398690
21686
238343
239141
21880
246127
301148
253280
20829
313915
486317
290414
2044
23585
246479
288546
383219
20355
142187
28955
757
24684
427321
103373
243950
206206
91920
142455
15252
565
218848
28883
490252
288642
121918
1360
19931
17665
244512
154511
237935
35784
260539
25779
394118
295124
391719
23067
16340
292465
27812
427014
31690
46089
205463
43745
4606
427307
33285
29061
256925
27218
22479
400294
153061
10100
28989
29128
90003
1643
16773
181880
30085
482319
21492
441439
15701
36907
17009
4665
18213
261443
246018
211535
24865
28852
218381
29872
227506
379375
103986
23963
379235
250492
116721
284792
149720
2454
167537
426204
30837
7271
45173
490259
41
146283
23897
253403
10721
236127
38474
279985
4292
153372
641
24718
44183
46397
34351
481953
296221
352763
328851
896
206549
242413
249096
114116
294664
425777
43397
196630
46270
260703
224935
296512
29373
288369
27907
340818
6225
25504
3941
480556
34609
25848
1478
274001
379342
27915
54981
489812
3798
458339
262252
247824
250419
18539
390983
162025
342487
29891
5248
249555
347398
14501
7709
194450
274553
41540
329022
726
282499
22130
38816
439874
307455
317701
377071
143810
426637
390817
31227
29561
390366
279256
52583
246869
236454
38087
206371
290704
209750
275003
332739
100116
171335
270703
331640
428652
347545
303924
257557
248787
28420
255986
26688
474138
297431
260767
213898
7919
23032
274232
21399
286457
3705
87150
23125
16766
20415
2805
1620
38851
290975
31941
22264
324553
16373
117558
31395
291192
298947
206505
1583
10987
422634
258
218198
390756
293605
122725
41746
27131
439737
246440
6272
30832
10093
27432
193632
69279
196424
490319
234368
386758
29457
290116
440021
261270
259026
7446
452636
216227
489705
27098
46367
289630
24521
21911
272139
288630
21848
289716
141864
26771
227983
295168
37380
103468
431282
269736
181959
241489
27740
394280
287178
371611
180546
196045
42126
290450
130362
241387
298433
222867
11223
153405
982
276466
219672
214976
279861
218284
195092
263862
227583
38976
289368
390634
276736
24069
23959
206949
180182
239583
278726
136973
46636
235960
237825
288974
275942
41449
28124
440619
179091
3955
259197
193
300594
86823
207619
3925
271056
268462
3258
262113
474800
252255
1022
282900
192699
953
196574
25307
313185
784
277376
143763
271174
490339
182962
36785
6118
187554
28140
906
259516
208379
325350
30110
292208
271898
22
270999
263553
156919
195625
235105
252132
30181
30241
275121
329997
196592
347444
329657
105759
490256
1260
377134
238034
25582
473172
196484
66334
292082
252145
400
919
102496
218891
209419
259282
260557
285969
284710
284688
4387
209005
385759
40312
29975
259326
306026
200792
458542
389327
3757
26595
247761
393802
292297
13705
285934
28507
14616
168680
294641
110
288765
87319
30049
214599
293754
34131
288728
646
290610
29743
308500
393018
277024
12665
4263
282706
26690
27951
146262
29778
227
142729
334160
290407
806
231395
29867
275973
343864
34034
331576
290341
178818
208477
29897
38578
39101
28712
273584
402190
41637
1605
236067
24425
29500
9075
196475
29524
269747
335386
279933
4808
386865
549
260084
175989
102183
27086
258939
322432
196173
254027
30119
143831
196290
196943
271602
282359
1465
78599
184752
255790
254297
24174
296169
455474
33830
386884
214931
28484
196210
154581
237188
41453
216590
102
182053
24042
17875
59985
45179
289657
6743
426783
29402
30506
22780
163
16794
13148
27404
260139
336679
19133
319175
475100
334648
24495
38241
28127
209903
246674
22362
255066
128165
260527
209385
246241
4186
391542
307315
143795
481371
131941
3243
431913
260712
42805
265990
87142
20755
30214
22724
16769
206841
193099
390480
281464
322502
277916
379007
39312
329629
198264
41840
34776
35105
2821
46746
273295
294478
3616
275436
258204
34212
392177
245741
121265
26684
22448
10528
292489
197555
458138
41687
321654
2050
291743
96867
21202
5110
27578
35856
395650
10299
280563
21687
270376
239516
358671
1650
273755
380435
12481
278458
281298
288742
21109
285906
317186
285453
472223
277864
19298
134338
10763
245715
89552
133851
259315
738
1243
295324
37660
104744
112933
274492
280083
275648
30983
294753
4462
247007
282351
286317
274484
628
330692
158264
200723
9621
204737
40909
205169
39299
34459
458522
41163
376209
218698
38594
291828
172897
297192
27560
15125
276016
21158
422886
392667
412319
297964
158231
154660
27589
121285
103568
168257
389894
33087
276116
37290
28551
289832
277792
261780
267812
10692
117541
106970
132868
291607
279782
489863
26272
157770
29924
26940
371546
229287
258155
208723
332366
9239
46932
7512
16753
379251
275555
227176
239355
2060
426128
3981
34126
22453
220334
242646
6478
246990
15622
245564
379025
23780
313619
403318
273360
195036
43331
243024
359982
7236
300095
284891
260009
386780
274243
22279
28853
1569
23352
29830
243658
390957
24846
38229
20388
371623
212763
2675
276405
26553
5142
11311
11186
379116
29150
324588
422979
272866
233009
181852
31129
22284
290837
101034
319347
159965
237103
148425
353875
428571
3874
159176
275688
99776
458215
356580
153230
249809
240434
196220
212703
271071
157069
140380
23845
2395
209265
259716
272443
181485
291059
307163
270681
245357
2160
34497
188432
41166
3986
279823
482176
305725
1870
3229
27575
245739
833
422680
28528
390169
301020
20954
391339
42026
28639
28300
428062
392175
28893
144089
330525
12964
4860
30250
260360
289669
39293
4375
3555
37214
42767
4627
20827
32801
328673
7723
22478
214932
296202
27660
274376
12758
482231
1536
371612
426736
426706
3301
273147
41464
387108
146649
132391
228086
10160
2519
2923
4154
168688
4407
300
116418
405359
30005
36526
14022
269413
245522
425599
8245
378965
279437
26072
42956
193678
28326
402384
86425
290655
268378
37203
1103
293470
200499
166485
250197
301740
261321
372826
18939
277349
291032
422657
246436
239117
30133
223946
154312
30239
331544
182650
274335
233802
288894
582
439873
184163
490289
29094
241073
426571
439678
291936
286458
33797
271868
386754
275071
490317
3496
234608
274160
42095
490365
270283
29194
39102
259321
218434
22969
40331
358633
35064
296985
258352
314245
486257
81144
22592
150373
21187
28278
28940
283045
261891
279923
20396
490294
263396
28100
28385
212395
28357
248445
308296
289653
259632
28347
22522
19169
412488
269213
332320
5071
151948
291707
279839
379129
207082
300178
371734
276574
44225
272206
490369
280038
290166
334680
423621
277661
233470
225253
389540
46529
20188
15680
42944
12559
254515
389224
4723
236443
687
29159
268921
275397
28756
74704
155687
273081
826
3990
34775
473239
296007
283370
21454
25568
339755
56906
386950
36769
397307
12746
5088
3400
196464
472101
10504
43415
275910
5002
13823
103262
28131
29923
289800
271956
144143
318736
426670
140988
246552
335460
475060
27155
21596
150701
5353
266871
9745
30478
333310
210882
256858
67949
41735
622
486412
41800
45580
36697
1635
289131
34456
136366
324550
328476
229141
215115
103655
18759
46493
482148
242379
133401
22266
482127
254838
290027
291928
268548
196544
255971
276135
246108
24937
10760
688
226295
260760
38009
290924
173119
2128
158700
27291
153008
295330
2570
87077
250359
27289
22708
299254
475573
27701
12863
268854
30601
330116
33240
34819
18347
9654
220821
38445
235182
31539
45994
325816
30151
21739
29536
41940
270044
24254
28622
298256
286285
103205
10125
330674
196721
27406
21936
28854
288645
271648
186943
15801
165735
252405
202782
4083
258431
371583
30357
240059
60526
213025
257157
308514
250004
271657
296301
14767
257819
427309
17949
282985
19893
2469
3317
292517
27764
281124
101586
259293
223717
281900
28327
35705
29151
282800
439906
271854
2945
390332
328846
292100
440132
66056
260177
283339
288460
8552
328872
643
103555
280231
15621
20853
387587
10406
249966
324474
1192
490292
24867
207106
14802
4691
28237
142827
286149
379451
328135
2605
256488
482074
192580
236835
23217
27917
288442
35444
153963
209207
12917
29889
30
244671
28394
35127
250936
14465
483143
220038
29820
252316
253984
39040
102752
410688
289900
28767
156035
259220
345350
402299
276573
287131
89845
334810
2266
46662
87312
37368
310973
23566
512
246654
251800
330850
224246
370848
6787
436548
390821
471692
355686
347976
1597
171615
2154
41420
45155
299735
203928
465902
241931
271891
482459
386816
26088
474441
29609
262480
431266
384726
208286
30155
3571
33869
276503
471661
423137
246563
17932
121721
52312
270043
34674
225289
1135
379046
44218
455873
24096
254898
86763
294617
4269
2033
46484
153272
13445
117896
274432
42102
28540
248640
272336
213408
216107
20437
68291
258320
76694
239871
214514
22661
290758
390014
24788
256495
13052
235738
1458
393242
117581
332842
274943
250874
239997
6221
311549
22626
3036
358570
379214
195451
153429
227767
21938
294759
4390
290026
272847
193925
7142
28197
29989
485382
77396
3676
122399
242865
279361
296789
393140
27096
73608
268037
26134
4272
86595
391820
466882
210323
276293
489597
206919
27742
142607
2258
8983
196137
391007
9122
3527
137467
2108
291755
290338
1011
40621
28650
431573
29460
458081
1614
296158
4772
373750
123110
210899
255116
152699
36416
389124
259270
56468
286600
313876
33709
383198
269881
481841
28204
28593
73777
154457
1776
2565
143768
458911
240490
323
276145
86564
274346
131098
390323
435546
467207
28908
391252
489698
275349
295438
27706
274318
2436
6766
256509
6390
181860
253542
271617
12825
441771
28270
196528
18590
379733
30607
279158
24038
393767
27154
193086
272998
4940
334206
256874
286593
271603
29405
458125
341186
272197
272548
311337
273403
29586
208970
29135
250474
29873
259045
1574
267998
132226
353
348025
28890
310434
19944
259222
34694
22701
29890
203866
206159
28910
25844
305750
7726
272321
422756
29055
7580
210305
178246
249586
269188
3233
21185
389579
490344
289698
254114
439656
4533
268536
282978
156914
3820
266840
196269
220853
289812
138434
290960
297482
100353
9052
210018
1421
9244
329656
41931
255063
253648
930
648
262859
197518
132439
28643
20181
458003
22218
490329
258622
30246
458025
108677
138766
236656
251621
2019
31852
28632
277668
272616
201455
223744
208047
441001
441992
453372
341719
24186
7491
268094
125167
394427
10305
240885
266301
130260
322945
30262
66264
192984
338718
86472
266716
681
36169
119162
5
440025
192991
332720
7373
220955
288949
28020
235123
485793
57734
336394
309975
2815
335973
88831
279898
272130
378937
274816
333916
308134
10756
28058
183647
64579
275266
248019
103413
30162
272264
395598
19187
329403
377046
389787
207453
222266
22682
390683
318250
83981
259374
391267
22233
270487
291456
326089
63984
21846
266978
121878
154427
172346
277939
22025
300281
275446
471968
207354
165974
222536
173058
41274
209931
439943
182145
294159
9002
489676
391544
104955
1186
295499
274727
379305
5241
31607
129840
28474
12194
277242
272019
296071
213873
332490
100112
2390
253819
27183
20916
21094
378993
341677
210352
329216
422907
210745
808
58882
410994
34296
259614
126984
1249
256718
4952
22662
214361
329963
26614
260256
200446
30179
277705
44630
277699
37666
242791
22511
296976
490260
23998
1104
33921
1406
24679
276279
30039
321452
138321
311874
29802
291864
371557
31263
205190
289329
287807
288960
281490
251115
274369
261122
26625
239041
29852
399624
356778
12819
26652
40673
11480
389855
8294
25613
20325
87720
250214
27348
311696
239793
46754
259421
440576
196005
273571
277582
313169
5305
341776
398543
4465
4283
34606
28896
3110
19306
139418
27372
401747
293321
279542
86844
288508
307846
249225
36783
440371
439806
13828
261045
1514
86670
490483
597
240830
41868
4793
482126
7013
446553
136511
389693
25612
273695
276137
23695
213566
371585
252213
280075
305152
439723
11337
227260
474449
257837
17807
12459
250023
235663
2161
265610
25298
318259
185026
226554
426290
280842
335292
440181
29631
7141
238285
489596
6522
292027
17461
89682
255848
73276
275698
1131
439701
26135
772
6952
27947
284811
486278
337820
232232
155896
3064
21830
281642
32047
6834
976
44176
427762
141230
242917
41867
154144
41438
83840
257474
235407
27889
289680
30072
251445
274926
24506
272203
209294
4071
380914
25794
181278
332020
440085
2284
262085
239354
271642
390793
28654
1963
243085
427589
431914
294623
389232
178424
9404
236764
334313
439878
27223
241604
333499
220895
236074
271973
200886
398185
29296
259036
29041
28700
25861
2296
292510
30927
250980
173068
5114
180337
2863
271784
246424
142132
137966
23258
1457
29874
9537
217326
24197
313303
4467
277236
30138
277812
291109
24452
272389
425279
57040
42247
227183
31056
381192
30251
281011
271944
330160
359573
328360
4593
308940
167913
21667
485801
28121
4454
215481
236868
279485
200859
30602
217319
269649
40828
244187
423029
210676
281367
22413
18535
425949
172674
370336
33780
30120
482100
275742
288567
259903
265834
133202
286830
451912
9024
236123
132802
401062
219459
21705
16650
490269
295252
30153
41904
10247
4114
248046
475652
100940
29489
392548
265929
326847
6898
260956
6655
229308
253533
29997
282556
441054
25547
101581
5727
341397
379266
291247
290884
290578
290834
269815
282743
4505
13694
286069
268691
395649
322
28969
20445
442452
288980
212577
252776
348782
180458
371692
36863
1777
138455
5291
40338
12246
31537
2734
19806
425181
196325
39265
234003
30169
21444
29801
272253
35062
454219
183076
120763
268027
478832
143686
391938
291037
260521
270484
2025
104531
21062
250717
116942
291762
229332
6645
282303
430736
392089
112632
371682
2437
280784
66217
3131
258846
291917
329631
181387
99252
371575
13886
169924
275989
12967
795
27762
389398
794
336743
271715
212585
274843
214593
322843
17322
302791
957
232728
27853
3996
264680
288474
201535
38002
314
399829
296625
210196
104368
285993
298798
333558
280225
379115
252080
29959
435472
7226
831
207763
208619
334631
389339
255044
28536
282711
16228
160079
128663
272472
490303
150231
22337
7884
253771
289666
88349
46716
217318
52526
1571
290534
291442
905
18630
120151
248647
28999
255045
1451
245602
373883
142343
7472
402
5400
3152
479188
150401
1641
86382
458487
188105
440164
296254
16711
280559
18742
116697
379011
361995
331447
333380
22119
289566
9287
475909
473705
259620
2018
45748
425669
257116
268841
262021
29615
270511
7286
217759
25548
260362
2206
196315
32912
258397
281714
298
218639
3291
390882
333893
233799
14301
27557
388929
21826
315189
28427
2171
260456
219658
275082
12723
20904
331208
23942
248755
293517
12255
283802
259718
153226
427519
30195
198138
18802
29965
28895
220312
223689
1482
371610
262345
293771
4896
292016
273570
28449
476840
457976
156195
153566
228263
219793
28291
296082
3333
90213
245355
292834
46019
141054
334274
260158
245395
35551
291144
271671
238266
489683
271974
129415
396075
259295
157323
100617
41415
358730
279228
46656
169542
22700
28235
334198
27592
205647
290251
273379
357342
228995
206404
440063
440702
200775
33225
130002
28173
296520
422738
19073
260164
266867
256034
195776
229249
439775
4141
247203
293565
289082
7214
441151
4325
296971
272803
28366
4379
39046
4054
270647
28816
2942
257765
28876
458052
21587
309164
271619
6700
15691
29746
398221
2551
39999
39700
282814
338784
277091
275434
88829
26995
18652
30099
133719
386774
260042
392032
89940
67938
458056
23914
260587
5875
220972
2314
3124
100125
29939
172429
196067
22225
396734
3158
337339
234455
260209
8385
20918
390372
98
19839
2901
1061
26954
215667
335968
2785
169234
3224
258250
2870
439877
440180
486309
290046
28132
3019
1741
390641
257925
286061
32615
375091
250981
253335
28858
38011
282081
296566
30166
196208
352311
259470
5246
14455
430772
490286
34046
20938
381
188422
2966
490298
440906
17715
86546
286177
41780
265264
439702
6250
290178
144218
225096
456184
244815
30071
490444
147052
337240
30211
391737
290035
89579
397111
4173
314056
290780
390400
28437
2545
4871
27897
266668
260618
130148
297245
18072
14435
4040
220843
486478
300697
290085
89655
12864
390057
290530
42711
24417
391911
29266
239865
475320
328914
329194
227912
35789
486662
259667
2443
27801
29629
7339
210787
74730
250508
4146
458147
28375
29525
294770
210155
46705
15711
390856
274049
6442
274329
100187
393248
208601
251152
25295
265615
26540
24842
280254
27990
25849
326869
22560
157534
7091
173813
9086
28023
25340
45602
29081
251331
332474
30199
196577
28995
389110
238817
23214
181074
152796
275943
26859
266515
439649
424
26704
27966
486229
294885
439919
41272
26938
29646
347
12553
220173
248559
356689
40989
193041
14774
440257
355894
489758
240668
24202
2379
292613
37213
26833
240627
347939
6720
270783
340436
41864
299774
291624
181430
275654
13849
482089
24807
11249
3460
260376
29344
173847
261448
19131
27123
43358
371615
439827
420177
277831
170905
118400
166944
103489
253090
227598
177194
35571
2374
143818
419851
24603
245537
7044
187079
21617
400464
302287
239698
203916
371544
402215
490473
3951
359030
102305
196618
253564
469664
289662
352374
87202
277465
14302
9870
46628
29432
392113
196189
219527
172411
254704
182912
106376
544
4370
1114
301655
4497
109329
266450
2277
379061
489703
327861
277585
22094
30965
86437
4538
490272
30921
271950
160272
392075
27136
273769
88216
244236
281086
18714
426080
297372
490306
293716
272251
326799
28825
200362
160131
211850
3433
457984
294020
24350
379196
261329
20144
5021
119747
313136
319660
29382
471608
36666
29181
150856
41171
229151
327442
345891
289810
66853
268357
105331
2756
332793
268895
306903
74610
461481
425692
273330
22216
36501
6799
63450
240299
247752
43784
22547
262037
29002
247510
12145
439957
356496
109600
34520
440216
271980
133694
297903
133825
254914
235338
10153
250030
36808
1640
45124
351553
258935
276647
20944
66
30012
353103
226994
20841
216386
277713
138617
35749
130883
218657
57174
31275
181689
337074
275039
234422
399997
25203
30059
212525
1971
29847
439868
358946
332855
134191
333323
333597
18974
86699
182563
17336
263041
179871
247670
260159
45740
29496
425747
2368
196944
29358
24551
271668
341243
331
336205
21669
3037
30063
42080
38433
351579
108550
260194
102872
482463
3830
4336
256185
21740
209650
210048
33824
21728
292423
334464
381553
168789
286375
289248
26743
329136
246726
200907
28957
202561
6483
29045
22616
8924
195663
458621
4913
159241
145488
153893
2020
23747
213292
3770
261570
40986
298199
333284
18972
297998
425473
486231
34977
135018
30464
46336
21724
439876
4100
28209
143745
388
276381
43777
1425
213114
273175
42033
275740
222178
216574
9925
153432
426241
181009
60758
358650
220923
46401
293378
10409
35691
439966
1639
275526
399941
246689
271774
318345
33343
105208
384918
198119
2344
5033
218203
486080
440656
262707
29210
248266
181610
22501
10474
41102
440824
27308
297440
46090
87773
1568
114054
435439
296043
439898
26696
2902
234832
395108
5264
272460
22835
211211
41122
288737
486285
305150
45161
241109
27757
3261
313583
490257
140811
41656
485384
299381
326911
30141
302865
270950
151174
41933
319512
289244
189102
30057
489442
154378
40546
230296
12616
401675
1500
202749
439721
99793
271717
68971
274255
290488
29279
33808
386883
390108
57175
28865
301527
2238
391688
27245
22565
29415
4807
5126
482199
261022
143877
62876
245363
24789
251774
24569
297033
22758
21325
305925
279599
275150
32518
197728
241152
273090
147226
274360
490274
274646
358870
30929
45060
171484
1682
27365
104764
22538
28222
61193
244931
335639
11815
3973
102627
49309
5348
4048
238841
36511
4011
25471
6402
15675
28626
21353
235891
312204
61488
589
33903
167868
221758
153415
28534
6215
235562
221041
4974
486295
439922
27913
233813
40834
240044
103551
288114
40577
358609
415865
41678
290036
180003
295289
30270
442441
182434
107442
368
389757
87599
358714
227616
41424
213943
29658
24082
14663
254629
26775
378883
225297
344671
28405
2445
18936
374437
252843
230169
348649
12144
371545
352227
268911
305535
10313
85792
241334
17851
287956
3636
205421
27832
1970
235998
4559
281793
46438
125857
297552
379094
102574
320896
14798
277501
379278
10800
23296
440291
20837
360075
148039
205996
60224
285771
41751
27344
229107
73682
486203
271976
15383
277891
294709
6095
286296
85544
485905
34901
142095
249695
220330
45396
17771
28897
100144
331007
3128
199964
97
232525
18472
252321
27697
9474
18625
404761
347512
22548
38762
387220
38235
36640
18834
8766
3979
336313
490327
8235
436756
264096
41337
38884
286622
251710
21184
26630
293096
319038
25610
196330
11376
119680
27444
371563
378901
116769
286454
12831
275864
150568
6370
108566
10600
193688
220946
291450
28646
181933
248938
16775
475704
33336
29978
486175
250418
28549
248337
2647
240396
246332
260545
24420
79983
440028
326477
229532
35693
260938
322294
18494
34356
124176
220328
485851
100665
217547
2252
321312
21288
271997
271988
174256
490347
2462
379119
221298
28935
253614
331089
30204
248907
172
158143
8911
376607
34533
234769
441113
30210
261064
371666
25285
119185
16234
436864
366315
390949
275393
268618
142872
207605
200889
260690
29189
46675
26017
29870
259113
138876
240313
146236
374846
4312
293761
403722
25788
103788
207263
167671
21135
18635
34483
445582
34460
28753
29090
215255
30184
24210
84294
386861
334955
270393
479929
204969
28480
4487
194183
23606
16193
98668
220423
293811
192706
258985
248843
15755
>un
486370
466684
475042
288682
148779
473468
396893
392147
488158
473039
473948
465799
478968
474998
470744
411968
392810
467639
442081
486181
470497
1843
389896
391708
480608
373902
380871
383297
472151
474943
391587
474123
361651
468197
470159
312048
391173
441601
458831
379108
313789
458090
392569
22367
396926
287896
455357
384744
482425
393068
275549
471930
395048
472983
455988
97399
142380
458283
436732
361617
45565
386831
46847
391842
158662
397491
440365
402298
470403
296922
426221
475345
470782
466641
408946
475105
470949
63575
210035
437507
440363
458030
422156
385822
478998
413384
473265
396479
277527
473244
467658
220975
275015
472165
474046
473125
241714
470192
389048
37803
473826
254588
423048
490281
182042
466752
371667
391707
392684
487832
36683
272976
457818
393935
108587
56067
89568
477913
291551
390677
310036
51136
489875
381360
431314
471741
458200
392580
439865
103728
132956
391834
332810
437060
258263
389155
22505
442045
392941
369779
209644
391945
486256
467034
482653
365961
440460
371595
3105
482758
364161
441437
441385
472194
475600
358895
426226
262053
309533
416420
333367
392302
300416
29221
470361
458386
315002
391716
473614
472184
470184
460422
37592
441324
487132
29868
25670
471618
440415
486180
383718
475708
24641
459353
40482
391729
390596
470331
426223
471916
28077
475559
390753
440114
475021
467820
472795
475749
431845
6343
470843
439872
475290
488221
466983
26480
361788
486326
471786
254370
332550
370366
389582
469230
468745
413163
475208
474553
482813
474584
462541
431898
474940
465444
474641
475397
395093
474633
482211
293315
22575
482354
458038
486719
441714
27091
273196
264967
442453
32215
373622
70989
474654
426227
490258
31914
28963
470438
440051
475373
474813
411821
441002
472166
483040
439158
440153
392225
392737
35296
487959
442517
34012
350631
473178
486771
476562
426255
391898
297365
473074
390170
393365
455354
391082
394798
87759
442319
483450
490425
474834
474965
392166
441168
458053
442436
469931
458212
337947
482266
335368
39735
392803
396341
426225
247985
439961
395092
442519
1960
465586
441173
457595
41711
433263
353287
393566
486373
474678
458399
395225
30806
30920
486751
480461
238081
441316
393972
471780
468221
393008
392651
466144
442545
485977
391633
257997
313451
462355
398958
480745
389449
383745
439870
393360
455871
465895
241098
426209
471988
299147
397498
389087
487469
473025
339456
172605
342680
393127
489639
474374
474025
479873
393592
490488
431734
422842
27469
471976
441271
490419
473442
392137
459078
310704
347395
391754
486963
131555
471344
486752
394484
474841
391725
389146
401740
474338
431538
474539
251789
322735
393044
6932
439861
319659
394618
391735
331214
458049
99632
391795
18915
405860
474636
473440
472707
272809
392146
441270
204670
391745
392028
148007
384495
475937
310368
415922
455949
193096
470601
470534
392918
