>id 1233|Hs|orestes|||colon|normal||tissue
>part
>ku
742116
>uu
616542
616540
679983
578112
723567
582008
703583
736107
707575
704775
694283
679982
678865
584528
727239
>kn
201978
217484
436500
461722
741170
511787
18192
449278
701398
596537
681616
9997
67776
249718
522679
518475
79387
731843
731398
500104
578546
117938
434937
709337
211463
597057
189780
741184
508725
75056
517939
256278
666638
632238
711564
49774
104661
9234
95577
282326
93670
512156
460459
332422
422901
740373
490684
706355
679580
406557
283844
655351
293563
203717
683078
643588
520182
234642
736871
319334
515415
29899
95162
75862
512461
708096
414880
145575
731866
333823
627349
646511
723178
374950
654572
334846
213198
85769
150580
469723
516954
494192
655327
496068
65135
155218
130098
530261
519694
712617
494406
701991
532795
474596
656750
699841
474935
519035
180312
370055
400095
713956
507243
61508
335061
652021
656657
741175
943
580300
644628
82793
523680
654668
201858
387239
382212
726365
376933
280378
731416
523774
211914
403933
131776
416108
523789
512815
527061
446429
472838
521954
33455
632262
469473
513851
644153
253726
411865
367842
159306
8008
524648
3260
173611
504390
20716
621200
5443
531624
433419
436383
270291
288284
594634
529172
75243
409578
489142
741236
513695
709182
515876
437145
77768
524506
204575
596164
21938
510407
9873
201446
26192
377830
521459
459759
632237
371005
709621
515070
494691
655455
33476
709967
503093
468410
434081
215766
440900
33642
643801
514505
591957
487027
509226
211282
523761
438906
471779
518236
156667
62209
463320
512509
510833
432560
117545
476093
741418
604915
377001
26890
467101
156727
507333
434980
269092
474053
196482
429666
17680
430589
9676
731810
221761
519162
526975
57907
546269
711490
365116
75256
514051
76394
4930
740639
68257
596464
181300
144468
509414
473648
59719
311776
3100
75799
496098
491582
469615
5940
256126
7247
414481
4779
728007
336916
478854
2853
110445
465761
703062
325978
631814
470399
24640
548187
421202
500842
591934
503022
591318
591086
29288
533721
489786
625768
145230
278573
131851
530096
73527
718875
444751
731513
333907
486548
40808
297483
612151
162757
368254
39925
550547
592129
128959
598836
153961
497951
488624
436446
370408
442344
309849
624291
31714
632717
443258
444767
55847
76884
512607
631535
485195
631768
494173
57652
507584
286226
517034
435815
527105
169900
655895
558799
270244
212838
356416
484047
401843
644234
515515
99477
35052
69293
523329
741450
458358
287735
35947
437422
708268
24956
15744
443731
497893
534307
116459
323342
498569
652364
115838
46894
444279
97439
462680
474384
516341
279929
370504
419171
282177
631551
633514
306791
488173
516837
355643
421907
516306
300772
504315
3416
270017
709196
430075
472330
465490
443914
505824
722575
557550
77897
472437
520794
655519
291196
503692
501735
516111
469280
119316
438851
515369
434996
12068
369670
145442
235368
731481
649869
478125
564847
241543
352515
620557
477128
487479
40098
740387
280130
62886
503878
654423
433764
77793
136295
518270
58373
520149
517310
632554
706960
524271
741191
691948
643454
730618
435001
649234
517582
153504
454418
208597
314327
31720
502989
645792
430551
657058
510958
654952
6347
506276
269577
212332
591360
149305
391860
59889
646604
518089
448229
741181
327527
285354
109731
16064
463642
591257
173524
494496
431792
134623
719132
257352
649550
472285
29725
599798
485352
592490
732776
475733
439180
650382
513058
438862
516087
198862
369624
491351
471452
477028
194710
193613
76111
118681
23650
203206
368160
104879
4973
489040
438219
469313
473894
118727
461610
185172
631993
522891
319481
285218
586423
78089
446021
593973
151218
652114
573490
516182
516933
516826
160565
18442
356190
515846
166204
335355
657006
631661
376064
513242
515610
460317
607212
591387
196129
662043
369761
458312
85951
620596
77961
439894
488181
22546
440025
128548
189652
709336
69504
591615
436178
352642
126221
252828
513463
535239
584858
48849
661684
11637
647774
123070
73986
130849
517066
433291
75064
131933
298280
720061
679984
534052
4029
7739
176658
470477
255230
535788
606838
446352
440219
460885
285051
79625
509780
644306
643548
281342
601216
523500
440401
75516
152717
414579
343873
466814
741154
482043
105352
315
409561
435290
370365
163893
728161
270655
499489
486470
652255
269592
590908
472475
525084
591443
433439
278362
126517
119815
518123
715653
459072
142442
487635
162246
246381
720540
473218
130836
445588
186649
449601
44024
405479
5302
421245
74137
516390
474751
131489
521056
10101
157659
67846
651512
130031
646346
556986
631593
535711
597434
12106
276878
171501
356440
512776
520638
415342
308992
632637
715494
499709
368149
406050
612096
436429
75061
489354
534074
463785
204041
516217
501293
647334
632102
18925
740361
5258
308074
603118
584921
132272
292882
441047
255093
808
221127
513490
155342
472564
657509
443417
567367
498727
371107
416049
352591
81964
113150
103521
364941
514435
493750
714127
466471
524224
23361
82961
148559
514489
516160
723246
474822
445489
514632
6278
437040
523009
159494
721586
499839
409911
5476
237642
434248
520967
324844
518609
247077
414795
106861
501203
173724
108080
250905
283402
6449
162795
410037
369520
462663
501794
655469
323396
82071
108408
128316
150540
632282
486063
653135
407368
523572
631988
30345
441783
742010
432424
515081
123450
466917
471675
522090
632456
731569
732366
239499
415768
143873
655321
306831
604789
440604
112377
9587
633601
530291
13349
594250
585850
146406
272927
526464
546283
370605
592289
509966
369606
726088
647086
203099
374503
350899
499725
370581
517544
518827
404056
733045
79110
567491
30792
424932
528574
286221
177841
195659
370510
330384
12211
516032
465529
528803
249600
654415
591582
387804
379754
523131
570362
150423
463010
497788
132513
399891
98170
570791
339809
377010
462341
504620
655108
287518
287412
643447
191179
8867
657355
529038
585224
492261
531176
172613
356604
730659
144011
5662
505136
282931
513666
76392
524491
531081
466507
437058
481927
471200
112218
380475
368934
490981
403790
370858
740477
431048
424484
741341
37982
524425
447869
517356
591768
448717
107845
595418
735975
406840
434253
19414
111577
8118
485205
475401
310536
579928
528780
515517
435342
503043
515048
151777
727543
725787
594351
591047
474397
109520
446459
508154
371987
49143
333579
525479
528432
75275
501728
368077
517421
438824
156967
516986
482521
443976
99480
488877
436329
4988
720014
389137
445203
439200
741260
156814
6834
517597
523185
314263
656137
289015
654856
483486
513457
47061
655967
105818
631604
447011
534822
435952
380906
730749
12286
741225
54673
177576
335068
77269
571994
460238
462033
732033
731726
504641
370895
308340
387255
518417
654591
467960
193491
216623
118262
486434
504237
654514
591464
532790
416994
75117
461200
655071
509765
197320
476448
657649
589427
148078
239631
517717
704366
194333
474938
651244
404186
465521
433150
515053
78582
523504
524518
590939
61265
204564
188614
732590
647097
443428
18889
632226
23170
741239
709417
632460
643120
730704
379414
521487
378532
462323
511605
709408
660577
78960
497636
449098
464472
288178
5308
302738
595983
82927
1342
221889
196983
355888
621179
741247
5086
137510
515162
519659
437460
293753
374650
415209
121593
729056
6168
49688
644105
706016
502842
101302
449585
158560
253736
191215
1239
414565
468226
591866
533499
732239
513803
162877
531642
12865
409223
440544
632314
435661
150087
433738
517155
632242
65238
143736
507971
498187
149098
353181
376617
710878
433203
532188
291363
208544
519873
81874
175473
58414
531005
511768
467192
166011
33368
656492
715543
531789
211594
439381
25348
98321
520096
114545
494614
705692
627133
654690
596543
476018
494419
187058
516807
740380
653186
302903
654506
160556
125113
179770
497599
643566
161276
164303
436657
467279
438720
741180
503178
301040
210469
372914
466539
508234
643498
671268
31334
741183
631550
436405
466154
278569
521856
195642
108530
103934
144835
647421
506759
43505
505575
129673
465224
530479
654745
522310
720286
414473
110849
146393
476680
22065
269775
483239
203910
514220
408730
530381
27475
8986
560343
439480
1770
740386
336431
531064
529631
25292
532786
631617
631596
88556
200600
103665
525134
725347
404119
570274
727986
546286
507076
155085
75514
465087
654609
519818
22960
368376
296049
602573
502705
407955
282901
546271
497487
509872
421608
247280
591009
388116
513861
611072
634586
134060
513871
523835
113094
635
730610
654848
501928
643369
133892
523215
676266
547009
656294
372719
547696
277624
134688
200063
63795
655981
517436
534168
634632
75318
104119
262857
425801
571841
36859
484099
1437
463024
632469
292949
468972
192374
433343
504062
592292
1600
446098
246413
502072
604588
192221
493275
486589
8004
117715
485130
371642
656660
279832
436204
520814
170622
369397
481571
111732
741269
403917
6217
292570
325081
80485
658997
390736
465475
731890
301756
123198
435228
463506
79322
518244
741151
182625
5120
529059
92732
517888
584748
741204
169875
143600
158932
75859
577252
172685
475663
508716
596756
487296
306721
709425
63128
702907
505806
713483
98541
532359
463511
169182
26229
591018
480073
713051
170563
111903
507162
111779
194143
530943
49427
2430
433951
657060
97174
643920
251531
529901
118845
267038
510402
303025
435369
35828
654988
504048
513915
502
406890
377416
522114
655481
444202
513225
201671
191186
432397
502836
484288
265829
1872
433540
518403
55682
524788
462379
485246
532793
50823
610137
534312
704983
731939
709677
368046
654628
462590
591530
49853
444467
518203
502756
207763
22452
732085
29665
50868
26010
533683
286261
470417
529451
632766
518267
508545
522578
710656
505154
459858
423348
435326
515642
741310
654456
465870
99491
708040
463129
200136
225356
731393
121676
389107
503048
148656
7884
265174
525600
187624
591633
466766
520494
312098
154658
514819
497159
524464
461786
113314
611541
529449
460924
121396
525401
318526
102914
474069
461253
368525
181042
466804
300624
654595
369144
501280
10842
268963
256398
741234
5019
614080
715074
430733
110837
728857
694798
528993
173679
3530
484363
513313
425777
702841
256667
524488
713607
440932
585378
522817
513984
433702
652690
390823
591901
535257
604001
530227
370703
446240
631660
580910
370379
510328
10306
408702
653495
321541
412597
721328
657067
380233
655346
446852
432822
529272
74564
432387
437497
654740
133512
631590
112058
370781
584901
656063
81337
102336
224607
400876
520898
522789
305985
323213
199486
390817
435136
9825
48499
571177
716464
434890
434401
462859
595158
233952
631863
176503
472831
348500
516711
375120
525626
509736
654697
282410
250648
651228
528836
474436
500483
255973
268177
432948
61430
380118
71377
546449
491682
76095
498543
703237
210995
489033
732425
438072
477375
492599
657825
446065
35125
420559
592304
435948
156784
465744
713742
524920
632195
516646
709191
455336
380135
385634
109929
616388
369607
655450
83722
370671
136102
591484
288232
528320
155919
509622
502328
650174
656271
416630
655333
81071
496487
327631
188495
464336
713441
651925
562154
127762
5199
184877
592859
502458
632373
657028
368255
411480
23118
182421
515260
740506
130759
5158
511425
413074
277517
18349
116462
414183
462983
26613
658422
440379
463074
533732
272789
367854
180711
489448
406300
191144
280342
435610
116877
55016
520048
150557
27189
600789
107125
438782
500874
709245
713690
534404
656999
120165
546392
655217
476319
268551
348531
515432
14155
741294
741177
194669
15243
533139
514934
19987
405961
500788
632446
298716
518530
741212
529053
591026
699177
740458
446376
731836
724212
350268
6147
654552
465643
593159
730693
657268
1408
709859
459095
731826
381219
477126
252180
468908
510635
356216
511834
534847
301989
529408
279061
368855
379466
194408
11638
126857
301685
631618
306327
647063
646585
458747
288382
709893
190544
511076
462492
75659
376681
127897
484813
495349
516105
220864
526494
861
179608
718857
444173
414740
633509
652513
8752
48513
658120
66170
7200
524248
487458
468688
533287
369438
232194
469879
368282
590886
647055
632481
533903
465627
279594
75813
741436
109760
380372
524828
38621
517653
591003
490203
191518
733126
631951
632472
143250
656065
591088
6551
509067
232165
491232
534450
368260
149035
436944
25338
59486
172928
443625
591242
460109
12956
459632
522401
558396
473721
165950
266175
7946
503165
517338
89839
9911
101014
373763
618145
741244
533934
437403
512675
132342
513296
92033
370937
2795
592456
643910
6191
405610
2704
77876
80720
569713
518727
595553
233240
110637
708072
409965
425144
160562
675726
524183
282795
182982
409934
654657
474005
167451
524599
16695
504998
501252
470907
5912
599855
269898
300816
645213
567284
13845
571874
148845
381099
502378
24485
122523
524219
14623
356502
497448
102406
25524
533444
472558
435022
431850
523454
500047
641481
310225
66542
740377
459709
32374
32194
489355
474833
380857
25647
515215
685225
514941
288568
631659
598320
449291
439463
436367
524760
654677
371096
25601
136348
138378
659355
741172
513617
478481
9061
595333
645317
156527
534350
352240
274408
9788
731454
467142
80919
435458
710741
493164
347270
118725
79353
179986
403253
370480
306380
119598
406620
724
352656
593995
73793
351279
272299
632401
517937
443330
439726
480364
515249
567294
202097
416998
144496
496459
513044
445981
1274
517400
589924
99886
437060
364544
97887
741157
516790
467637
406461
350927
593344
368353
480042
514465
435255
523395
740445
741199
515104
343334
647051
387567
210385
522818
592126
62771
523370
471851
162585
532082
79769
179704
644420
473937
372331
513870
252549
505934
274539
503666
323363
194659
654899
170835
533273
466391
591451
475074
487933
75890
369646
434232
525330
136905
696211
23172
673984
647036
554831
534465
726920
55940
371720
707620
171596
252387
654863
83634
437277
592174
503763
731917
146551
501622
181368
456557
656185
731615
463059
106212
256526
44070
514373
534540
709462
78771
15200
515714
513667
648439
15977
594647
731384
520094
306769
522257
516403
525629
449609
24379
599470
632865
369068
156471
372003
152475
466184
465929
567422
78183
431460
500375
507122
397609
50640
296169
591588
440494
655614
195471
370024
279245
520026
288164
500512
534538
591968
408909
327736
292088
433512
404089
22785
655782
288229
584807
461047
433269
514997
517821
661022
89781
655010
420229
728902
413297
594157
654800
601274
631925
514303
511143
495912
26704
502867
514038
642874
199368
471014
98791
250723
655772
520192
413812
544577
463928
524731
90107
709550
175414
600384
118076
513779
440599
399810
713590
519313
596449
376241
5920
496984
654939
145586
317304
236030
509163
728813
499209
591095
88025
80976
1116
194385
458360
277704
200770
481371
367690
529303
554791
723254
113940
250429
558477
282975
436922
372309
647116
61812
656673
333179
437191
51133
632465
517768
517969
534621
650575
482910
76244
268785
643655
434213
438991
434878
512670
78019
581171
643452
464243
195727
740473
374596
333526
654404
648394
40966
269895
488478
443831
113157
631827
509439
592041
595933
178551
557709
24301
655160
368264
467125
654688
515371
514581
512894
286192
416089
498173
83347
658566
390428
513430
655502
356664
591976
143818
665751
513292
660883
644231
632299
109051
275775
519337
89603
22410
448889
652741
520973
517987
729355
442590
75864
434886
518750
248189
151134
288809
524278
731646
143703
590974
435166
1650
3094
128848
525622
591472
472213
628831
442138
534384
170986
149894
703306
127486
515139
530539
458280
257900
495417
483784
449909
445952
74050
584775
390667
535297
462693
469022
533709
368982
98943
369232
656641
370603
644708
237886
136164
270525
389037
464391
134602
534590
108332
28491
492618
436527
170479
431081
406510
530749
371889
594952
205457
56729
517172
370410
546261
591945
535903
490512
604479
7138
514199
471528
658534
515704
741248
80658
272251
169474
730710
478429
181173
591151
609336
644633
370666
443577
592053
647090
435832
657032
50813
534301
408236
534477
61960
32433
534521
291623
610830
270428
516994
69009
412370
406917
17250
462080
523238
437043
525238
37617
517622
484738
515271
271819
74647
307084
643560
653263
465808
476595
644697
104519
592286
461086
193326
486360
286073
530595
213666
635072
432760
436093
567419
474536
159161
529509
740446
200716
192477
531561
160786
508848
741152
200804
77558
534533
533782
533262
354056
530698
460355
502829
448697
530730
151761
523877
445570
484289
165619
517962
380346
434951
462998
98594
196176
513267
368794
490795
410977
643600
83190
208680
491494
26312
301404
489207
601143
301658
433529
473296
168073
732105
372031
201398
409412
589962
429819
700188
565319
410596
472508
173043
705490
406861
466693
437366
429434
531563
631582
476517
75066
432699
449968
740465
524910
525634
146127
655310
75527
460499
514174
36794
634882
621695
188553
365706
729021
501793
696684
304192
159130
268557
503222
397978
516157
443687
466435
709878
95008
522351
594170
24178
183684
719951
505735
433750
731817
75438
279915
459162
740645
2913
398093
145150
587979
370725
651436
631549
517949
591329
494146
590958
583071
632575
220971
269059
472737
654762
727355
339735
654957
531818
355899
334587
26232
631742
740542
346868
643357
79347
703889
50425
179100
137556
84
525163
302513
504765
732075
258429
121432
433427
198158
325846
214142
444403
463421
694717
474010
533719
469561
508738
290243
562227
475525
504416
435556
727669
731998
523004
275865
515210
8361
500333
732659
654352
20136
523855
356135
632511
524094
22616
374588
523299
15535
180414
374043
643051
445030
655331
279652
655378
594084
433795
355126
473927
731414
280741
472471
386989
474711
401903
536663
469018
376206
719203
7907
69855
440497
654422
373741
518525
246310
490874
405880
433615
382044
444441
740631
500156
555985
491060
696087
547172
650585
497520
125525
190086
432121
321273
519075
740570
487774
524899
74466
535762
433222
654978
238839
195464
778
11067
339453
499984
496255
125039
659351
326387
440384
512682
98259
471768
184492
442798
514495
437178
731827
173840
517145
560805
7744
706889
98910
24950
70573
63287
489309
526728
654447
119177
591696
719966
741213
696360
237536
533040
632839
356366
300559
709297
460184
356331
529495
132858
460693
156055
172631
155827
719906
256022
153752
242458
655215
718984
527861
530009
534365
507074
417029
466662
546288
731633
519320
517168
518464
446091
443861
188634
96852
505654
514284
12332
507680
405410
370771
659873
475896
182255
741420
522632
631562
631672
194684
734368
647018
654742
596572
348387
463613
655198
271614
460468
469881
716623
517033
408355
517075
193516
298248
627962
99528
184211
183109
671273
632447
300485
357004
571037
643605
505059
567725
27239
9315
189109
504687
531085
119591
184233
596105
41752
116448
490415
515487
567488
432842
326035
519523
154429
741563
410197
497626
315137
567482
410817
535192
490510
702167
524082
268787
467554
553539
371021
406013
520348
534314
213534
655288
187946
118474
7158
445665
20516
518952
701324
434251
522662
644095
591853
203952
440968
502872
524719
631602
431367
8859
492555
591680
741447
159014
632704
114286
494337
120323
567598
125898
162121
430606
497589
4055
443061
5062
460923
471508
477537
463456
202672
534679
303649
207631
337766
75348
150793
368410
469134
212395
458401
435774
502773
438227
460141
473788
272062
643472
381061
332173
13500
369998
740440
159430
78466
632089
495704
78224
446574
164226
675281
654784
472651
493791
439309
20107
590971
506985
659356
631557
105460
168799
467408
532091
655714
331141
512867
603842
436031
643951
464333
287362
579217
654665
422990
12970
246112
473583
527874
22393
656668
741153
356572
655272
180903
455493
509083
514474
651201
109752
420269
207459
591605
463041
283739
632239
421848
289123
9235
410889
647064
160958
289271
27059
103183
355141
378103
632466
604551
149360
444179
476636
643683
464438
617449
407190
462971
632326
712598
631580
655410
428446
494985
719895
515094
654400
236361
465543
86905
177766
461647
708999
643565
535804
594444
605502
84113
483944
654371
432485
732504
181301
444118
82887
655006
313544
632161
515003
436568
25333
495229
472101
193172
374477
23413
702010
408054
446689
265018
61581
124649
591931
13999
591405
654614
481720
189075
523739
14839
259605
5613
151220
711363
76662
646568
502914
572518
73082
96996
436505
143766
93836
250481
355455
429
506415
470608
551713
415950
461705
432656
82116
93659
437594
648326
91531
495985
471834
5353
517478
201083
591178
522572
175043
542050
535464
151787
522819
234569
102696
149957
732365
6906
475125
22678
446445
377783
408073
501353
253146
113265
443081
188606
80776
504301
458355
524502
703764
585069
16258
435714
444986
237506
661816
632296
504703
387208
492445
370292
301478
192103
314437
534189
81221
288998
508021
483494
731613
104223
129435
192326
655255
170999
466937
631926
525232
155097
11314
740369
4082
75498
82890
731754
440475
466871
604267
443134
234898
187635
368157
119251
469331
654379
27182
522500
502659
518460
520640
65735
213394
517820
495471
740562
187578
523875
433759
22140
193118
173088
471207
383019
343571
495138
129055
2128
335918
408142
632729
234786
516788
596461
233950
655003
731847
465374
595451
448664
290154
75160
465506
463964
476270
38972
606200
730599
4859
514477
301350
292493
740490
480415
515427
657508
515890
531704
706116
586264
465593
5394
489615
707374
524871
438587
119192
160211
248153
412468
593928
517357
181244
642877
2399
367656
741255
517546
517232
474643
3989
487393
1376
655320
333738
24601
437365
130316
519574
519783
513633
200333
42853
731510
730643
596514
98493
12341
458499
370854
19699
100057
516034
712563
444360
301540
515475
553878
132161
495755
50123
433391
459927
713245
367956
10649
7768
282998
226755
293236
191346
546627
162016
465885
65758
644384
655354
501012
4205
418093
89890
131436
189772
471381
320151
446125
112949
643813
591950
517262
594238
462278
614787
469970
420529
284208
522449
95140
290404
156832
567342
741241
534345
401218
229613
540696
485081
444451
709416
524523
122337
643896
1227
546289
435120
631725
432914
476209
79088
396175
353454
103555
131151
523718
80691
186350
530904
253903
632015
524496
410969
460574
612385
371794
460558
24701
731932
388024
279806
634040
87435
484950
493771
592188
518773
47099
458917
502876
412304
6734
112895
191540
187898
411695
207106
209614
514242
513083
522373
161985
469359
595071
444947
368710
370247
287471
421622
352614
449942
381072
12107
479867
439312
461819
656547
50382
495731
561064
31409
405144
632177
532634
244580
337295
525198
405153
275757
180909
591110
632227
512465
355983
654475
520313
401835
187505
20157
111024
514211
293798
654530
334684
418493
325838
83636
258272
536474
719239
534255
409230
597488
741156
592209
548088
469386
467097
408061
192854
584884
584927
480311
515534
82028
118964
514496
636199
474584
608111
467524
523045
195667
134183
26915
4
516671
84905
510409
432574
191482
517897
376046
>un
723570
708556
721808
659812
715771
721630
702663
655411
616998
715001
479728
735872
368518
698341
729555
481657
7917
707162
718983
295626
732576
603601
731995
729023
720182
617012
655579
709586
435404
735703
132305
673284
213604
741200
675103
677528
670022
658983
741231
615110
580794
740694
703215
641470
709049
666884
661503
715779
713308
705798
708599
732226
700340
675284
722057
720884
712829
650182
490273
664045
718605
735747
641595
671129
705946
660046
695041
664670
707817
644744
707636
733164
645304
740900
703723
632997
708882
335057
5737
703832
591538
649235
694013
721240
732915
721056
489449
634414
655424
445221
731967
604770
568072
645558
666839
521075
668731
659352
712922
11463
731642
714226
445772
617139
714106
706330
736381
720181
734679
663607
659910
633840
447953
597982
669276
658072
729877
666842
656970
594805
586920
714182
710466
628788
644867
661056
710162
602523
714168
375762
592197
697497
708178
586830
730827
485365
728078
732681
600727
706175
333528
716465
705948
592281
741290
712943
595479
712650
670451
437856
673645
712892
655513
591793
595276
734344
638095
592747
735556
656872
708083
710481
568273
653586
662170
567352
708202
708445
714023
665190
706229
568105
731600
713827
703938
679492
713025
656583
679916
741972
596814
592555
31037
113418
702041
213122
720702
706160
612359
636438
732543
594974
735314
626313
600185
699389
714913
114180
670155
702126
644430
733944
568267
682303
663874
733124
594745
596857
719719
676308
732301
632112
679379
673736
678897
642209
696394
476706
601496
356721
437153
533977
449320
721030
655463
678909
726551
709031
703245
741973
729514
380956
645450
713095
706572
155959
464404
605083
714951
675282
523262
703577
731821
573984
721761
596713
638333
560066
649847
610337
699316
720106
570545
695027
658049
708847
592561
697821
662400
706044
740504
86538
591626
702472
735144
665043
711117
672981
722631
174021
721343
727237
519666
741456
93832
502677
731545
679985
554395
708119
626362
704051
728926
707504
636089
702566
703834
694349
721310
710543
718463
731478
713292
667844
706575
614195
670941
731317
675283
679986
624595
707244
202452
735042
706897
708630
655578
525888
713327
232417
667677
731440
684017
662570
706277
655799
593927
712977
735868
731606
689039
720750
666011
736108
720565
707322
707545
628957
702139
738025
703070
551837
730593
697982
517207
662953
525339
741178
668244
654240
434130
675279
637954
660057
199371
191701
460642
656049
678927
735206
669724
676679
741662
476320
142737
735554
605378
735337
592737
636388
705523
552217
740363
632539
706610
704299
707453
728847
714062
734298
707090
720958
604993
653312
656808
703790
593474
707170
656622
449095
735553
729879
686261
520703
713035
711058
728409
676750
674820
625171
83346
737898
432330
632796
671237
678727
713929
603122
672095
660224
231029
708680
635352
621651
731426
596944
668955
656304
560417
665718
709863
655575
675535
448226
706858
709003
727859
507343
736122
387576
668088
668434
661256
731958
690960
660766
735207
742121
730849
661659
663083
732724
696748
120633
535901
653990
679860
655771
654030
729487
731979
547622
697218
706842
700074
735521
696702
323560
658148
735864
658797
435957
661825
675278
720876
601686
547404
704767
506989
156551
689001
603657
632900
555895
741335
634316
729282
705227
486304
731850
666466
652619
658359
660415
713966
716952
690366
650713
596312
>part
>ku
742116
>uu
616542
616540
679983
578112
723567
582008
703583
736107
707575
704775
694283
679982
678865
584528
727239
>kn
436500
217484
201978
461722
511787
741170
449278
18192
701398
596537
681616
67776
9997
249718
518475
522679
79387
731843
731398
578546
500104
117938
709337
434937
211463
597057
189780
741184
508725
75056
256278
517939
666638
632238
711564
104661
49774
9234
95577
93670
282326
332422
460459
512156
740373
422901
490684
706355
679580
406557
655351
283844
683078
203717
293563
643588
736871
234642
520182
319334
29899
515415
95162
75862
512461
414880
708096
145575
731866
333823
627349
646511
723178
374950
334846
654572
213198
85769
150580
469723
516954
655327
494192
155218
65135
496068
519694
530261
130098
712617
701991
494406
532795
474596
656750
474935
699841
519035
180312
370055
400095
713956
507243
61508
335061
652021
656657
741175
943
580300
644628
82793
523680
201858
654668
387239
382212
726365
376933
280378
211914
523774
731416
403933
131776
416108
512815
523789
446429
527061
472838
33455
521954
632262
469473
513851
253726
644153
367842
411865
159306
8008
173611
3260
524648
621200
20716
504390
531624
5443
436383
433419
270291
594634
288284
529172
75243
409578
489142
709182
513695
741236
77768
437145
515876
204575
524506
596164
21938
510407
201446
9873
26192
459759
521459
377830
632237
709621
371005
515070
655455
494691
33476
503093
709967
468410
215766
434081
440900
33642
643801
591957
514505
523761
211282
509226
487027
471779
438906
518236
62209
156667
463320
512509
432560
510833
117545
741418
476093
377001
604915
467101
26890
156727
269092
434980
507333
474053
196482
429666
9676
430589
17680
731810
221761
519162
526975
57907
546269
711490
514051
75256
365116
740639
4930
76394
68257
596464
181300
509414
144468
59719
473648
311776
3100
75799
496098
469615
491582
5940
7247
256126
336916
728007
4779
414481
2853
478854
110445
465761
631814
325978
703062
470399
24640
548187
421202
591934
500842
591318
503022
591086
533721
29288
625768
489786
145230
278573
73527
530096
131851
731513
444751
718875
333907
40808
486548
297483
612151
39925
368254
162757
550547
598836
128959
592129
153961
497951
488624
370408
436446
624291
309849
442344
31714
443258
632717
444767
76884
55847
512607
631535
485195
494173
631768
57652
507584
286226
517034
435815
527105
169900
270244
558799
655895
212838
484047
356416
401843
644234
515515
99477
69293
35052
741450
523329
458358
287735
35947
437422
708268
15744
24956
534307
497893
443731
323342
116459
498569
115838
652364
46894
444279
97439
516341
474384
462680
279929
419171
370504
631551
282177
633514
306791
516837
488173
355643
421907
516306
300772
504315
270017
3416
709196
472330
430075
465490
443914
77897
557550
722575
505824
520794
472437
291196
655519
503692
516111
501735
119316
469280
438851
515369
434996
369670
12068
145442
235368
731481
478125
649869
564847
352515
241543
620557
477128
740387
40098
487479
280130
654423
503878
62886
433764
136295
77793
518270
58373
520149
517310
632554
524271
706960
741191
691948
435001
730618
643454
517582
649234
454418
153504
31720
314327
208597
430551
645792
502989
510958
657058
654952
6347
506276
269577
212332
591360
149305
391860
59889
646604
518089
448229
741181
327527
285354
16064
109731
463642
591257
173524
494496
431792
134623
257352
719132
472285
649550
29725
599798
732776
592490
485352
439180
475733
650382
438862
513058
198862
516087
491351
369624
471452
194710
477028
76111
193613
23650
118681
368160
203206
4973
104879
438219
489040
473894
469313
185172
461610
118727
631993
522891
319481
285218
446021
78089
586423
593973
573490
652114
151218
516933
516182
516826
18442
160565
515846
356190
166204
657006
335355
631661
376064
513242
515610
607212
460317
591387
196129
458312
369761
662043
85951
620596
77961
439894
488181
22546
440025
709336
189652
128548
591615
69504
252828
126221
352642
436178
513463
535239
584858
661684
48849
11637
647774
123070
130849
73986
433291
517066
131933
75064
720061
298280
679984
534052
4029
7739
176658
255230
470477
535788
606838
446352
440219
285051
460885
79625
509780
644306
281342
643548
523500
601216
152717
75516
440401
414579
343873
466814
741154
482043
105352
315
409561
435290
370365
163893
728161
270655
499489
590908
269592
652255
486470
472475
525084
591443
278362
433439
119815
126517
518123
715653
459072
142442
487635
246381
162246
720540
473218
130836
44024
449601
186649
445588
74137
421245
5302
405479
474751
516390
131489
10101
521056
67846
157659
130031
651512
646346
631593
556986
597434
535711
12106
276878
171501
356440
520638
512776
632637
308992
415342
499709
715494
368149
406050
436429
612096
75061
489354
463785
534074
204041
516217
501293
647334
632102
18925
5258
740361
308074
603118
584921
132272
292882
441047
255093
221127
808
513490
155342
472564
657509
498727
567367
443417
416049
371107
81964
352591
113150
103521
364941
714127
493750
514435
466471
524224
23361
148559
82961
514489
516160
723246
445489
474822
514632
6278
523009
437040
159494
721586
499839
5476
409911
520967
434248
237642
324844
518609
414795
247077
106861
501203
108080
173724
283402
250905
162795
6449
369520
410037
462663
655469
501794
323396
128316
108408
82071
632282
150540
486063
407368
653135
523572
631988
30345
742010
441783
466917
123450
515081
432424
471675
522090
632456
732366
731569
239499
415768
655321
143873
440604
604789
306831
112377
9587
633601
530291
594250
13349
585850
272927
146406
526464
546283
370605
647086
726088
369606
509966
592289
203099
374503
350899
499725
370581
404056
518827
517544
733045
79110
30792
567491
424932
286221
528574
177841
195659
370510
330384
12211
516032
465529
249600
528803
654415
591582
387804
379754
570362
523131
150423
132513
497788
463010
399891
98170
339809
570791
377010
462341
504620
655108
287518
287412
643447
191179
8867
657355
529038
585224
492261
531176
172613
356604
730659
144011
5662
505136
282931
513666
76392
524491
531081
466507
437058
481927
471200
112218
380475
368934
490981
403790
370858
740477
431048
424484
741341
37982
524425
447869
517356
591768
448717
107845
595418
735975
406840
434253
19414
111577
8118
485205
475401
310536
579928
528780
515517
435342
503043
515048
151777
727543
725787
594351
591047
474397
109520
446459
508154
371987
49143
525479
333579
528432
75275
368077
501728
517421
482521
516986
156967
438824
99480
443976
436329
488877
4988
720014
389137
445203
439200
741260
156814
6834
523185
517597
656137
314263
483486
654856
289015
47061
513457
105818
655967
631604
447011
380906
435952
534822
730749
12286
741225
335068
177576
54673
460238
571994
77269
462033
732033
731726
504641
308340
370895
387255
518417
654591
467960
193491
216623
118262
486434
504237
591464
654514
416994
532790
75117
461200
655071
197320
509765
476448
657649
589427
148078
239631
517717
194333
704366
651244
474938
433150
465521
404186
515053
523504
78582
524518
590939
204564
61265
188614
732590
647097
443428
18889
23170
632226
709417
741239
643120
632460
730704
379414
378532
521487
462323
709408
511605
660577
497636
78960
449098
288178
464472
302738
5308
82927
595983
1342
221889
355888
196983
621179
741247
5086
137510
519659
515162
437460
293753
415209
374650
121593
729056
6168
49688
101302
502842
706016
644105
449585
158560
191215
253736
414565
1239
468226
591866
533499
513803
732239
162877
12865
531642
409223
632314
440544
150087
435661
433738
517155
65238
632242
507971
143736
353181
149098
498187
710878
376617
532188
433203
208544
291363
519873
81874
175473
58414
511768
531005
467192
33368
166011
656492
715543
531789
25348
439381
211594
98321
520096
114545
494614
627133
705692
654690
596543
494419
476018
740380
516807
187058
653186
302903
654506
160556
125113
497599
179770
161276
643566
164303
436657
467279
438720
741180
503178
301040
372914
210469
508234
466539
643498
31334
671268
631550
741183
436405
278569
466154
521856
195642
108530
103934
144835
647421
505575
43505
506759
465224
129673
530479
654745
720286
522310
110849
414473
146393
483239
269775
22065
476680
203910
514220
408730
530381
27475
8986
560343
439480
740386
1770
336431
531064
532786
25292
529631
631617
88556
631596
103665
200600
525134
725347
570274
404119
546286
727986
507076
155085
75514
465087
654609
22960
519818
407955
502705
602573
296049
368376
497487
546271
282901
509872
247280
421608
388116
591009
634586
611072
513861
134060
513871
730610
635
113094
523835
654848
501928
643369
133892
676266
523215
656294
547009
547696
372719
277624
200063
134688
63795
534168
517436
655981
634632
75318
104119
262857
425801
571841
36859
463024
1437
484099
632469
192374
468972
292949
433343
592292
504062
446098
1600
246413
502072
604588
192221
486589
493275
8004
117715
485130
279832
656660
371642
436204
520814
170622
481571
369397
111732
741269
6217
403917
325081
292570
658997
80485
390736
731890
465475
301756
123198
435228
463506
518244
79322
5120
182625
741151
529059
584748
517888
92732
741204
143600
169875
158932
75859
577252
475663
172685
596756
508716
487296
306721
709425
702907
63128
713483
505806
98541
463511
532359
169182
591018
26229
480073
713051
170563
111903
507162
111779
530943
194143
49427
433951
2430
643920
97174
657060
118845
529901
251531
267038
303025
510402
435369
654988
35828
513915
504048
406890
502
377416
444202
655481
522114
513225
432397
191186
201671
502836
484288
265829
1872
433540
518403
55682
524788
462379
485246
532793
534312
610137
50823
704983
731939
709677
368046
654628
462590
49853
591530
518203
444467
22452
207763
502756
732085
29665
26010
50868
286261
533683
470417
529451
632766
508545
518267
505154
710656
522578
459858
423348
515642
435326
741310
654456
708040
99491
465870
463129
225356
200136
731393
121676
503048
389107
148656
7884
525600
265174
466766
591633
187624
520494
312098
154658
514819
524464
497159
461786
611541
113314
529449
121396
460924
525401
102914
318526
461253
474069
368525
466804
181042
300624
501280
369144
654595
10842
256398
268963
715074
614080
5019
741234
110837
430733
694798
728857
528993
3530
173679
513313
484363
425777
524488
256667
702841
713607
440932
585378
522817
513984
433702
652690
591901
390823
535257
604001
370703
530227
446240
580910
631660
370379
10306
510328
408702
653495
321541
412597
721328
657067
380233
655346
446852
529272
432822
74564
437497
432387
133512
654740
631590
112058
370781
584901
224607
102336
81337
656063
400876
522789
520898
305985
199486
323213
9825
435136
390817
48499
571177
716464
434890
434401
595158
462859
631863
233952
176503
472831
348500
516711
375120
525626
509736
654697
282410
250648
651228
528836
474436
500483
268177
255973
432948
61430
71377
380118
546449
491682
76095
498543
703237
210995
489033
438072
732425
492599
477375
657825
446065
35125
420559
592304
435948
465744
156784
524920
713742
632195
516646
709191
380135
455336
385634
109929
616388
369607
655450
370671
83722
136102
288232
591484
509622
155919
528320
656271
650174
502328
416630
81071
655333
496487
188495
327631
713441
464336
651925
562154
127762
592859
184877
5199
368255
657028
632373
502458
411480
515260
182421
23118
740506
511425
5158
130759
413074
18349
277517
116462
414183
26613
462983
658422
440379
463074
533732
367854
272789
489448
180711
191144
406300
435610
280342
116877
55016
150557
520048
27189
600789
107125
438782
500874
709245
713690
656999
534404
120165
655217
546392
476319
268551
348531
515432
14155
15243
194669
741177
741294
533139
19987
514934
405961
500788
632446
298716
518530
741212
529053
591026
699177
740458
446376
731836
724212
350268
6147
654552
465643
593159
730693
657268
1408
709859
459095
731826
381219
477126
252180
468908
510635
356216
511834
534847
301989
529408
279061
368855
379466
194408
11638
126857
301685
631618
306327
647063
646585
458747
288382
709893
190544
511076
462492
75659
376681
127897
484813
495349
516105
220864
526494
861
179608
718857
444173
414740
633509
652513
8752
48513
658120
66170
7200
524248
487458
468688
533287
369438
232194
469879
368282
590886
647055
632481
533903
465627
279594
75813
741436
109760
380372
524828
38621
517653
591003
490203
191518
733126
631951
632472
143250
656065
591088
6551
509067
232165
491232
534450
368260
149035
436944
25338
59486
172928
443625
591242
460109
12956
459632
522401
558396
473721
165950
266175
7946
503165
517338
89839
9911
101014
373763
618145
741244
533934
437403
512675
132342
513296
92033
370937
2795
592456
643910
6191
405610
2704
77876
80720
569713
518727
595553
233240
708072
409965
110637
425144
160562
524183
675726
182982
282795
654657
409934
167451
474005
524599
16695
501252
504998
470907
5912
300816
269898
599855
567284
645213
571874
13845
381099
148845
502378
24485
524219
122523
356502
14623
497448
102406
25524
533444
472558
435022
431850
500047
523454
641481
310225
66542
740377
459709
32374
32194
489355
474833
515215
25647
380857
514941
685225
631659
288568
598320
439463
449291
436367
524760
654677
25601
371096
136348
659355
138378
741172
9061
478481
513617
595333
645317
156527
274408
352240
534350
9788
731454
80919
467142
493164
710741
435458
347270
118725
79353
403253
179986
370480
306380
119598
352656
724
406620
593995
73793
272299
351279
443330
517937
632401
515249
480364
439726
567294
416998
202097
144496
496459
445981
513044
517400
1274
99886
589924
437060
364544
97887
516790
741157
406461
467637
350927
593344
368353
480042
435255
514465
523395
740445
343334
515104
741199
387567
647051
592126
522818
210385
523370
62771
471851
532082
162585
179704
79769
644420
473937
513870
372331
252549
274539
505934
503666
323363
194659
654899
170835
533273
466391
591451
487933
475074
75890
369646
434232
136905
525330
23172
696211
673984
647036
554831
534465
726920
371720
55940
707620
252387
171596
654863
83634
437277
592174
503763
731917
146551
181368
501622
456557
656185
731615
463059
106212
44070
256526
534540
514373
709462
15200
78771
515714
15977
648439
513667
594647
731384
520094
306769
522257
525629
516403
449609
599470
24379
632865
369068
156471
466184
152475
372003
465929
567422
78183
431460
500375
507122
397609
50640
591588
296169
655614
440494
279245
370024
195471
288164
520026
534538
500512
591968
408909
433512
292088
327736
404089
22785
655782
288229
584807
461047
433269
89781
661022
517821
514997
655010
420229
413297
728902
594157
601274
654800
631925
514303
511143
26704
495912
502867
642874
514038
199368
471014
98791
250723
655772
520192
413812
544577
524731
463928
90107
709550
175414
600384
440599
513779
118076
399810
713590
519313
596449
496984
5920
376241
654939
145586
236030
317304
499209
728813
509163
591095
1116
80976
88025
194385
458360
277704
200770
367690
481371
723254
554791
529303
113940
250429
558477
436922
282975
647116
372309
61812
656673
333179
437191
51133
632465
517768
517969
534621
482910
650575
643655
268785
76244
434213
434878
438991
512670
78019
581171
643452
195727
464243
333526
374596
740473
648394
654404
40966
269895
488478
443831
113157
631827
509439
592041
595933
178551
557709
24301
467125
368264
655160
654688
515371
416089
286192
512894
514581
498173
658566
83347
390428
356664
655502
513430
591976
143818
632299
644231
660883
513292
665751
519337
275775
109051
89603
448889
22410
517987
520973
652741
729355
442590
75864
248189
518750
434886
288809
151134
143703
731646
524278
435166
590974
3094
1650
128848
591472
525622
628831
472213
442138
534384
149894
170986
703306
127486
515139
530539
257900
458280
483784
495417
449909
445952
74050
390667
584775
462693
535297
469022
533709
98943
368982
369232
656641
370603
644708
136164
237886
270525
464391
389037
134602
534590
108332
28491
436527
492618
170479
406510
431081
530749
371889
205457
594952
517172
56729
370410
546261
591945
535903
604479
490512
7138
471528
514199
658534
515704
272251
80658
741248
169474
478429
730710
181173
591151
609336
644633
370666
443577
592053
647090
657032
435832
50813
534301
534477
408236
61960
32433
534521
291623
270428
610830
69009
516994
412370
406917
17250
523238
462080
525238
437043
484738
517622
37617
515271
74647
271819
307084
653263
643560
465808
476595
104519
644697
592286
461086
193326
486360
530595
286073
213666
635072
432760
436093
474536
567419
740446
529509
159161
192477
200716
160786
531561
508848
200804
741152
533782
534533
77558
354056
533262
530698
448697
502829
460355
523877
151761
530730
445570
484289
517962
165619
434951
380346
98594
462998
513267
196176
490795
368794
83190
643600
410977
208680
301404
26312
491494
489207
601143
433529
301658
473296
732105
168073
372031
409412
201398
589962
429819
700188
565319
410596
173043
472508
705490
406861
466693
429434
437366
631582
531563
476517
75066
449968
432699
740465
146127
525634
524910
655310
460499
75527
514174
621695
634882
36794
188553
365706
729021
304192
696684
501793
159130
268557
397978
503222
516157
709878
466435
443687
594170
522351
95008
24178
183684
505735
719951
433750
731817
75438
279915
459162
740645
2913
398093
587979
145150
370725
631549
651436
591329
517949
590958
494146
632575
583071
220971
472737
269059
654762
727355
339735
531818
654957
355899
334587
740542
631742
26232
346868
79347
643357
50425
703889
179100
137556
525163
84
302513
504765
258429
732075
121432
433427
198158
325846
214142
463421
444403
694717
474010
533719
469561
508738
290243
562227
475525
504416
731998
727669
435556
523004
275865
8361
515210
732659
500333
654352
20136
523855
356135
524094
632511
22616
374588
523299
15535
180414
374043
445030
643051
279652
655331
655378
594084
433795
473927
355126
731414
472471
280741
474711
386989
536663
401903
469018
376206
719203
7907
69855
440497
654422
373741
246310
518525
490874
405880
444441
382044
433615
740631
555985
500156
696087
491060
497520
650585
547172
432121
190086
125525
321273
519075
524899
487774
740570
74466
654978
433222
535762
238839
195464
778
11067
499984
339453
659351
125039
496255
326387
440384
512682
471768
98259
184492
514495
442798
437178
731827
517145
173840
560805
7744
98910
706889
70573
24950
63287
489309
654447
526728
119177
591696
719966
741213
533040
237536
696360
356366
632839
300559
709297
529495
356331
460184
132858
156055
460693
172631
155827
256022
719906
153752
242458
655215
718984
527861
530009
534365
507074
417029
466662
519320
731633
546288
517168
518464
446091
188634
443861
96852
505654
514284
12332
507680
659873
370771
405410
475896
182255
631562
522632
741420
631672
194684
647018
734368
654742
596572
348387
655198
463613
271614
469881
460468
716623
517033
408355
298248
193516
517075
99528
627962
184211
183109
671273
632447
300485
357004
643605
571037
567725
505059
27239
189109
9315
504687
531085
41752
596105
184233
119591
490415
116448
567488
515487
432842
519523
326035
154429
741563
315137
497626
410197
567482
410817
535192
490510
524082
702167
268787
467554
371021
553539
406013
534314
520348
213534
655288
118474
187946
518952
20516
445665
7158
701324
434251
644095
522662
203952
591853
440968
631602
524719
502872
431367
492555
8859
159014
741447
591680
632704
120323
494337
114286
567598
162121
125898
430606
497589
4055
443061
5062
460923
471508
463456
477537
202672
534679
303649
207631
75348
337766
368410
150793
469134
212395
435774
458401
438227
502773
460141
473788
272062
643472
381061
13500
332173
369998
159430
740440
78466
632089
495704
78224
446574
164226
675281
654784
472651
493791
439309
20107
659356
506985
590971
631557
168799
105460
467408
655714
532091
331141
512867
603842
436031
464333
643951
579217
287362
654665
422990
12970
473583
246112
656668
22393
527874
741153
356572
655272
180903
455493
509083
514474
651201
109752
207459
420269
591605
283739
463041
632239
289123
421848
9235
410889
647064
160958
289271
103183
27059
355141
604551
632466
378103
149360
444179
643683
476636
617449
464438
462971
407190
632326
655410
631580
712598
494985
428446
719895
654400
515094
465543
236361
86905
177766
461647
708999
643565
594444
535804
84113
605502
483944
654371
432485
732504
181301
444118
82887
655006
632161
313544
515003
436568
25333
495229
472101
193172
23413
374477
408054
702010
446689
61581
265018
13999
591931
124649
591405
654614
481720
189075
523739
14839
5613
259605
151220
502914
646568
76662
711363
572518
73082
436505
96996
93836
143766
250481
355455
429
506415
551713
470608
432656
461705
415950
93659
82116
437594
495985
91531
648326
471834
517478
5353
201083
591178
175043
522572
542050
535464
151787
522819
234569
149957
102696
6906
732365
475125
22678
446445
408073
377783
501353
113265
253146
443081
80776
188606
504301
524502
458355
703764
585069
435714
16258
444986
661816
237506
632296
504703
492445
387208
370292
314437
192103
301478
81221
534189
288998
508021
483494
731613
129435
104223
192326
170999
655255
466937
631926
525232
155097
11314
75498
4082
740369
440475
731754
82890
466871
604267
443134
187635
234898
119251
368157
654379
469331
27182
522500
502659
518460
520640
65735
213394
517820
740562
495471
187578
523875
433759
193118
22140
471207
173088
343571
383019
495138
129055
2128
335918
632729
408142
516788
234786
233950
596461
655003
465374
731847
595451
448664
290154
465506
75160
606200
38972
476270
463964
514477
4859
730599
480415
740490
292493
301350
515427
515890
657508
531704
706116
586264
489615
5394
465593
707374
524871
438587
119192
248153
160211
412468
593928
181244
517357
2399
642877
367656
517546
741255
517232
474643
487393
3989
1376
24601
333738
655320
130316
437365
519574
519783
513633
42853
200333
730643
731510
596514
12341
98493
458499
370854
100057
19699
516034
712563
444360
301540
515475
553878
132161
50123
495755
433391
713245
459927
10649
367956
7768
282998
293236
226755
191346
546627
162016
465885
65758
644384
655354
501012
4205
131436
89890
418093
189772
320151
471381
446125
112949
643813
517262
591950
462278
594238
614787
469970
420529
522449
284208
290404
95140
156832
741241
567342
534345
401218
229613
540696
485081
444451
709416
643896
122337
524523
546289
1227
435120
631725
432914
476209
396175
79088
103555
353454
131151
523718
80691
530904
186350
253903
632015
524496
612385
460574
410969
460558
371794
731932
24701
279806
388024
634040
484950
87435
592188
493771
47099
518773
458917
502876
412304
6734
112895
191540
411695
187898
209614
207106
161985
522373
513083
514242
469359
595071
444947
370247
368710
287471
421622
449942
352614
381072
12107
439312
479867
50382
656547
461819
495731
405144
31409
561064
632177
532634
244580
525198
337295
405153
591110
180909
275757
632227
512465
355983
654475
401835
520313
20157
187505
514211
111024
654530
293798
334684
418493
83636
325838
258272
409230
534255
719239
536474
597488
741156
548088
592209
469386
467097
192854
408061
584884
515534
480311
584927
82028
514496
118964
636199
474584
608111
467524
195667
523045
134183
26915
4
516671
84905
510409
517897
191482
432574
376046
>un
723570
708556
721808
659812
715771
721630
702663
655411
616998
715001
479728
735872
368518
698341
729555
481657
7917
707162
718983
295626
732576
603601
731995
729023
720182
617012
655579
435404
709586
735703
132305
673284
213604
741200
675103
677528
670022
658983
741231
615110
580794
740694
703215
641470
709049
666884
661503
715779
713308
705798
708599
732226
700340
675284
722057
720884
712829
650182
490273
664045
718605
735747
641595
671129
705946
660046
695041
664670
707817
644744
707636
733164
645304
740900
703723
632997
335057
708882
5737
703832
591538
649235
694013
721240
732915
721056
489449
634414
655424
445221
731967
604770
568072
645558
666839
521075
668731
659352
712922
11463
731642
714226
445772
617139
714106
706330
736381
720181
734679
663607
659910
633840
447953
597982
669276
658072
729877
666842
656970
594805
586920
714182
710466
628788
644867
661056
710162
602523
714168
375762
592197
697497
708178
586830
730827
728078
485365
732681
600727
706175
333528
716465
705948
592281
741290
712943
595479
712650
670451
437856
673645
712892
655513
591793
595276
734344
638095
592747
735556
708083
656872
710481
568273
653586
662170
567352
708202
708445
714023
665190
706229
568105
731600
713827
703938
679492
713025
656583
679916
741972
596814
592555
31037
113418
702041
213122
720702
706160
612359
636438
732543
594974
735314
626313
600185
699389
714913
114180
670155
702126
644430
733944
568267
682303
663874
733124
596857
594745
719719
676308
732301
632112
679379
673736
678897
642209
696394
476706
356721
601496
437153
533977
449320
721030
678909
655463
726551
709031
703245
741973
729514
380956
645450
713095
706572
155959
464404
605083
675282
714951
523262
703577
731821
573984
721761
596713
638333
560066
649847
610337
699316
720106
570545
695027
658049
708847
592561
697821
662400
706044
740504
86538
591626
702472
735144
665043
711117
672981
722631
174021
721343
727237
519666
741456
93832
731545
502677
679985
554395
708119
626362
704051
728926
707504
636089
702566
703834
694349
721310
710543
718463
731478
713292
667844
706575
614195
670941
731317
675283
679986
624595
707244
202452
735042
706897
708630
655578
525888
713327
232417
667677
731440
684017
662570
655799
706277
712977
593927
735868
731606
689039
720750
666011
736108
720565
707322
707545
628957
738025
702139
703070
551837
730593
697982
517207
662953
525339
741178
668244
654240
434130
675279
637954
660057
199371
191701
460642
656049
678927
735206
669724
741662
676679
476320
142737
735554
605378
592737
735337
636388
705523
552217
740363
632539
706610
704299
707453
728847
734298
714062
707090
720958
604993
653312
656808
703790
593474
707170
656622
449095
735553
729879
686261
520703
713035
711058
728409
676750
674820
625171
83346
737898
432330
632796
671237
678727
713929
603122
672095
660224
231029
708680
635352
621651
596944
731426
668955
656304
560417
665718
709863
655575
675535
448226
706858
709003
727859
507343
736122
387576
668088
668434
661256
731958
690960
660766
735207
742121
730849
661659
663083
732724
696748
120633
535901
653990
679860
655771
654030
729487
731979
547622
697218
706842
700074
735521
696702
323560
658148
735864
658797
435957
661825
675278
601686
720876
547404
704767
506989
156551
689001
603657
555895
632900
741335
634316
729282
705227
731850
486304
666466
652619
658359
660415
713966
716952
690366
650713
596312
