>id 1234|Hs|cgap|||testis|neoplasia||tissue
>part
>ku
>uu
553438
600405
540659
600392
600393
663825
574319
600403
542908
663792
583877
554559
600391
>kn
434494
504620
732450
44720
21902
517821
733403
695681
460978
696231
534346
519672
500466
578546
209989
727148
309090
145386
518244
388739
292579
743267
593379
528131
517352
591084
544577
306000
62180
524425
627414
523004
118076
470412
368084
8118
279784
484813
471452
515517
443960
144447
178728
295917
632229
481898
731875
594084
9731
546287
351875
524390
153479
89545
533903
342307
351474
3439
371240
413801
400295
577281
433615
96
442378
374596
516079
636480
653202
6834
523185
546298
584238
147027
49853
440466
449628
644628
496710
446270
700632
301431
435326
370895
365142
298280
632532
567525
469331
525600
75864
253726
592456
254042
2795
513247
75117
356331
460184
128326
433759
696146
369921
435941
524183
300624
149894
741474
546288
566872
530199
524219
409065
521487
602528
522817
10326
715040
596572
445893
719958
460468
511096
507910
250581
187772
489132
69745
632762
642877
530823
546285
591499
221847
595276
315137
274408
535192
591506
146806
609336
593538
496451
632314
479693
271270
435136
119598
434251
713729
306412
58974
511768
144936
513490
654604
500756
514208
189772
411925
741157
350927
333786
743262
106909
643610
435255
258551
524331
290404
21771
438072
499839
75682
511743
584801
508848
144835
743231
647421
238432
129673
530698
35052
274407
419463
106861
186350
490287
656473
524574
279806
467408
23198
46894
632707
632282
635882
529631
464336
513083
356572
355643
250456
656699
26403
443914
282901
388297
476353
123536
473152
78771
472437
514174
651219
470654
520313
449609
133892
150557
492407
63795
183684
719951
25422
741156
227777
533898
571841
442199
1437
71465
118666
79335
433343
660218
506861
436568
>un
655550
480743
318860
708256
713721
663794
377084
479728
594905
702126
567702
720350
663795
593499
538533
655098
716039
592929
600404
715865
714487
593630
335808
731984
7753
710466
706070
>part
>ku
>uu
553438
600405
540659
600392
600393
663825
574319
600403
542908
663792
583877
554559
600391
>kn
504620
434494
732450
44720
21902
517821
695681
733403
460978
696231
534346
519672
500466
578546
209989
727148
145386
309090
518244
388739
292579
743267
593379
528131
517352
591084
306000
544577
62180
524425
627414
118076
523004
470412
368084
8118
279784
484813
471452
515517
443960
144447
178728
295917
632229
481898
731875
594084
9731
546287
351875
524390
153479
89545
533903
342307
351474
3439
371240
413801
400295
433615
577281
96
442378
374596
516079
653202
636480
6834
523185
584238
546298
147027
49853
440466
449628
644628
496710
446270
700632
301431
435326
370895
365142
298280
632532
567525
469331
525600
75864
253726
592456
254042
2795
513247
75117
356331
460184
128326
433759
696146
369921
435941
524183
300624
149894
741474
546288
566872
530199
524219
409065
521487
602528
522817
715040
10326
596572
445893
511096
460468
719958
250581
507910
187772
69745
489132
642877
632762
530823
546285
591499
221847
595276
315137
274408
535192
591506
146806
609336
593538
496451
632314
479693
271270
435136
119598
434251
713729
306412
58974
511768
144936
513490
654604
500756
514208
189772
411925
741157
350927
333786
743262
106909
643610
435255
258551
524331
290404
21771
438072
499839
75682
511743
584801
508848
144835
743231
647421
238432
129673
530698
35052
274407
419463
106861
186350
490287
656473
524574
279806
467408
23198
46894
632707
632282
635882
529631
464336
513083
356572
355643
250456
656699
26403
443914
282901
388297
476353
123536
473152
78771
472437
514174
651219
470654
520313
449609
133892
150557
492407
63795
183684
719951
25422
741156
227777
533898
571841
442199
1437
71465
118666
79335
433343
660218
506861
436568
>un
655550
480743
318860
708256
713721
663794
377084
479728
594905
702126
567702
720350
663795
593499
538533
655098
716039
592929
600404
715865
714487
593630
335808
731984
7753
706070
710466
