>id 1234|Hs|est|NIH_MGC_181|||||tissue
>part
>ku
639648
>uu
563742
583159
625402
688541
543524
625381
688540
688564
688549
545057
625371
576523
625191
542231
688571
688587
505663
688544
625427
639680
543191
566942
499399
539727
625413
542890
566129
625302
543522
688464
539904
625442
688543
738551
543619
688462
566278
543149
537979
625415
513382
578406
625189
652031
468555
543050
531883
639634
688552
688556
625408
560194
625246
625368
545729
539429
639665
566174
647449
546082
541938
577132
688576
565248
639674
540821
553076
543057
540513
688561
625223
639664
625188
625407
688460
688557
564754
625410
625414
543384
688463
545626
540597
688558
625419
552094
625401
538479
459811
541107
544955
541262
625212
688470
688444
542082
688563
625221
538967
543142
625421
639668
688546
540433
639642
625387
542144
639641
554298
639678
688573
541018
688551
539744
540782
565428
625396
625185
581848
625397
538642
688577
453854
539606
688459
625437
544914
650663
468656
625376
538634
625393
688562
538117
540591
542487
545156
625214
688565
625418
625377
566084
639667
565683
545959
543535
625184
639649
543656
688586
592195
639637
541757
542728
639666
625375
625247
625394
625213
625392
540615
538602
494333
639669
545124
541682
625425
688568
688570
485009
539149
544699
639679
541422
639636
541610
688567
625186
688575
544751
564171
652033
688574
625405
625372
545545
688560
565747
560900
688578
688550
546135
625217
537630
538508
567227
543858
688566
688547
625182
545153
639645
688555
625193
541037
639662
625409
688554
625412
688569
546137
537938
625389
688572
688581
688446
738549
540785
542017
580188
625370
545152
545558
581024
565675
566869
625403
541125
545446
625225
688582
688445
543824
581890
625187
625439
639673
545068
625399
625219
688545
625380
688461
625395
639670
540811
688458
462824
542556
688583
540763
545625
540528
625379
563860
539667
542378
565685
625400
564844
541329
688584
564471
539265
543063
688585
554615
625422
572669
625386
625404
563888
625388
625216
688559
688548
625424
537851
539513
543312
543910
566139
625411
579428
>kn
436500
631638
657519
18192
85155
98322
461214
608918
532824
200051
522679
589862
518475
365689
79387
731398
632252
516802
29106
709337
336810
189780
741184
75056
135569
594307
632238
49774
732282
479766
9234
95577
282326
332422
706355
504877
283844
722260
655351
293563
591347
203717
319334
515415
486993
427232
75862
491223
397638
252820
709406
727283
413095
216653
723178
258855
743225
374950
298654
654572
389374
110014
743282
371240
227253
128425
270753
191734
124126
513153
35490
150580
596025
63788
517461
494261
184727
494192
655327
495710
491104
130098
99884
435755
532795
631630
192233
699841
372123
202011
5930
497090
466436
400095
686171
656657
408018
441664
75367
82793
279877
133135
4993
301853
382212
485572
715862
293274
498892
726365
376933
432862
373941
144795
135997
363558
50749
6421
640836
131776
6076
290758
743347
372616
168241
523789
571148
527061
446429
89643
16803
522665
533772
513851
531856
119594
202354
655832
83753
740432
8008
3260
524648
148641
621200
20716
436383
433419
368078
270291
594634
494892
75243
741169
128841
409578
489142
471514
709182
53454
513695
408577
521086
77768
596164
1197
140452
30977
510407
409140
9873
152944
91481
740519
655455
593422
503093
159049
468410
440900
454534
272259
33642
592145
524250
487027
509226
191987
518236
156667
348297
517407
40510
526594
510833
593339
368240
499264
148342
434980
279836
474053
496755
502774
196482
429666
17680
649191
255596
546269
353087
514051
75256
76394
552810
126561
473648
3100
108301
307734
654790
656425
148322
521937
2853
110445
631923
19156
743265
182215
325978
274772
7101
654868
153026
653679
580681
548187
288487
190722
500842
591934
591318
529959
133187
183850
32470
167641
276808
278573
370254
131851
731513
511903
731828
441378
595669
517517
489873
131704
162757
285671
496267
153961
370408
482573
412433
488307
442344
248267
741382
443258
134296
525518
513646
36688
76884
55847
409662
512607
194110
590919
700338
363138
502315
494173
286226
489365
517034
435815
632693
741319
527105
270244
632873
212838
76206
356416
484047
146059
515544
459573
515515
384598
80409
584842
35052
446336
433701
604985
406392
591638
557097
24956
15744
720151
483873
658598
443731
412196
591586
438274
406678
46894
741280
97439
122926
244940
516341
11615
370504
107527
157378
592224
7879
550502
633514
306791
107622
516837
54457
421907
3416
515542
472330
443109
513832
373498
645240
437256
557550
77897
472877
533192
308122
407966
472437
172445
741298
516111
6815
743241
413394
250493
434996
534956
145469
512841
11776
524484
143681
91747
660936
564847
289108
679406
477128
503878
62886
531330
269764
136295
135646
4944
533898
517553
468442
191219
655324
343244
13781
591183
524271
208358
87306
691948
113823
193163
517582
224616
208597
9469
645792
80552
716639
181326
153381
6347
269577
440950
478150
274531
212332
149305
437647
515130
534562
585728
239718
437966
285354
211929
731683
368611
12845
711155
222510
109731
531752
173524
502917
713579
225836
436410
269211
306000
472285
420036
283749
78989
627414
2533
599798
732776
475733
511138
258326
1584
252543
650382
592051
104347
516087
198862
591833
514560
502875
491351
471452
644125
3903
2006
76111
533710
118681
355820
29282
368160
1908
461610
460002
185172
522891
285218
171189
250758
131711
586423
446021
99272
515689
657926
530402
652114
591671
516182
391695
356190
58679
708061
515846
353001
631661
558499
743466
584957
607212
591387
501778
741304
468675
433668
103253
713616
85951
620596
77961
186486
515266
334637
440025
524367
1867
192619
380953
743229
707428
171011
459106
252967
567256
369440
65256
436803
131933
297814
370984
593268
213264
298280
656786
531682
534052
7739
367856
463426
19121
711617
306123
446352
584909
27018
82719
591457
73965
153357
509780
644306
643548
523360
440401
41502
721240
68061
343873
118243
202543
446641
435290
654639
370365
163893
498732
532277
499489
482976
269592
486470
472475
740434
180877
518123
12253
86970
20930
534770
502176
332012
156171
151536
420272
250581
534456
436102
740577
74137
421245
306307
10101
157659
130031
651512
17200
486410
654546
731729
102471
476280
646346
556986
535711
443077
193043
654653
171501
487341
164419
567498
512776
484227
12102
368149
498160
488835
731659
440049
471277
516539
463785
458573
421340
632581
728762
696631
184298
516217
642618
98785
5258
308074
136778
705323
387679
444950
511454
528087
368554
631616
255093
808
743218
519168
289092
513490
155342
654604
657509
410231
443417
498727
6846
648101
241575
514435
714127
466471
524224
195080
656361
231750
729172
356554
500822
148559
82961
432648
514489
401842
650680
516160
439060
277035
655020
443031
568613
462214
445489
546502
719935
109672
376071
445711
46523
411308
250666
499839
1905
445977
655067
434248
520967
140720
13495
518609
741412
247077
106861
501203
386324
169358
519702
108080
430425
6449
90753
508644
386975
410037
743224
472010
655469
501794
469045
323396
128316
82071
371823
731718
632282
150540
407368
514535
556827
13854
441783
529023
466917
571797
268515
632456
458412
279565
732366
743417
521640
415768
597715
143873
479602
440604
112981
201897
561815
477475
9587
527980
530291
555973
534667
532768
436617
519230
655602
482038
596261
644611
75619
465985
9003
374503
473256
518827
720309
30792
325631
503911
286221
10784
370510
448520
425178
432401
465529
528803
387856
249600
144114
294145
591582
531713
387804
379754
570362
410026
507798
407202
274415
98170
696074
339809
462341
504620
430646
478275
433732
518055
731539
357128
521903
644906
480792
643447
8867
657355
422676
311346
529038
533291
656244
643440
531176
720324
172613
468140
5662
647082
567337
653258
76392
584768
531081
381058
462348
481927
626404
380475
490981
156367
71040
8546
517331
632120
431048
37982
323562
356467
517356
473632
522110
107845
406840
8118
111577
485205
471975
443636
12813
528780
232543
489118
706868
478469
435342
521530
272011
445387
13967
585374
643544
730799
655988
725787
8578
743298
279837
473819
401509
740414
591336
132168
654560
153768
525479
9597
579691
661883
501728
27695
632368
705699
517421
482521
524630
29679
485365
4988
546387
195740
474781
145284
442378
487046
4866
636480
591969
6834
523185
368610
740376
731619
483486
513457
483793
144873
105818
146668
520119
729719
380906
481860
517249
408542
460238
77269
406223
655336
418795
498292
466039
471096
39429
85962
249689
476092
370895
513520
170019
387255
596982
591731
506652
443673
567525
193491
249441
81328
147433
426312
486434
647419
37916
512564
471818
254042
654514
510324
532790
154073
95120
167317
159628
461200
73090
471104
197320
509765
17118
22857
153299
475970
476448
487536
148078
517717
515053
480356
524518
620701
79276
505802
134846
516853
467862
713103
356270
196647
446149
591156
75262
632226
467866
522590
338207
654798
183706
511605
709408
497636
78960
10326
632034
288178
741308
189409
434102
5308
595983
632184
463638
221889
120949
446680
631624
436186
381126
87752
593171
8619
654634
137510
515162
454528
519659
436564
666524
157212
632535
29874
293753
655012
374650
150718
163473
743313
464779
530687
368266
155995
595276
743302
3459
502842
706016
101302
155983
449585
158560
668218
191215
523696
414565
355934
533499
743234
12865
334832
302051
534560
518731
435661
145061
507971
143736
8595
498187
353181
376617
428027
288772
558463
664080
533717
77498
201641
369022
520102
143774
467192
199487
22653
656492
252457
12999
229641
514575
25348
439381
440414
1154
315186
90756
655193
91448
494419
103291
476018
526711
46038
187058
108049
159291
654506
497599
161276
436657
743272
500419
594434
524430
24212
525607
438720
316890
741180
503178
515472
372914
515500
504597
352962
9043
743240
631550
436405
278569
377705
108530
103934
259594
43899
647421
506759
465224
129673
667996
530479
432562
59425
81907
368404
490287
435741
414473
110849
632471
146393
706229
22065
483239
476680
514220
476402
495473
439480
336431
514681
732409
25292
75841
317593
442498
488399
631596
88556
444569
724025
406238
546286
727986
388220
195040
647450
75514
485262
661665
654609
519818
296049
602573
407955
368376
546271
282901
497487
247280
274263
391481
523835
49658
654907
410228
247362
598958
123253
350265
676266
343522
514870
558601
277624
200063
363137
637685
369422
634632
474206
75318
505729
445081
524800
448342
133995
571841
36859
484099
387601
66708
192374
24684
103535
445351
433343
504062
592292
632450
516948
1600
246413
528713
604588
440848
726435
500007
643658
654758
117715
522771
466044
733403
298198
505337
436204
22026
520814
481571
369397
111732
4997
516866
119689
325081
655088
80485
647120
130593
356647
731890
129798
372578
657382
743330
463506
309090
79322
631587
741202
655626
53066
529059
584908
517888
584748
90061
741204
75859
94499
172685
502244
508716
534360
146585
234249
283610
388188
12967
167115
515283
532359
463511
211441
520757
269990
420796
523852
656586
713051
170563
111903
59236
111779
155829
586219
496646
21907
510402
309288
518265
435369
378836
424049
46720
173030
440896
712718
386453
288215
522114
353175
513225
289019
713539
436037
712555
433540
533237
432976
743390
55682
524788
524308
462379
584996
743362
57975
532793
31121
534613
704983
591033
163867
546430
374990
654628
170673
191460
630884
591530
444467
424126
731888
502756
29665
653349
481022
513055
170009
508545
523936
423348
515642
731127
523302
708040
465870
647035
90093
99491
94229
18166
30385
458390
567381
731393
389107
656073
432690
7884
213389
525600
466766
187624
418062
520494
312098
513002
631812
497159
611541
525401
368525
300624
350364
497399
462316
235873
501280
382176
458487
58324
310893
268963
655654
591665
614080
598297
741234
522795
671950
435621
699301
654619
368631
714749
279580
528993
173679
77500
515550
525196
549152
381167
425777
151641
74034
491292
76152
702841
440932
513195
522817
443121
185677
743245
726053
130607
88045
652690
522675
18616
458276
162996
530734
593645
604001
370703
446240
529618
226499
631150
510328
148989
656195
124673
83530
389171
520037
115088
460260
503284
446852
97316
529272
38032
445652
74564
432387
654740
54680
8739
516874
370781
126706
584901
720080
726215
81337
102336
101150
223770
23871
173716
459114
159188
520898
522789
631619
712676
480653
34114
728802
200943
732701
306412
517134
434401
59332
56876
509909
472831
743508
348500
446255
84753
599039
530101
525626
655392
500756
480815
483454
509736
652273
654697
282410
699822
598832
355207
654968
500483
255973
718943
152149
61430
76753
643610
678109
9383
721946
491682
135471
76095
498543
488189
524418
655329
703237
438072
492599
201253
162129
35125
523130
153022
36958
471751
529782
719042
524920
301960
126667
5009
164384
743246
455336
419463
385634
252739
369607
431101
591484
7036
709514
25450
535224
650174
632707
655333
533977
496487
524530
187763
529438
510927
472409
137415
97997
106529
26136
464336
74405
126941
322852
438678
501023
183817
657028
502458
655548
425091
595053
411480
82128
483564
213424
511425
517502
277517
712666
463074
632833
132257
34871
363396
158688
199763
464071
406300
18676
209945
150557
520048
492407
78065
389700
107125
256034
42806
567229
143434
2420
258563
372050
534404
492925
59729
118351
301412
75360
118666
642817
48832
476319
524804
369052
654403
190968
501376
643030
194669
741177
15243
673248
153952
55044
93675
654944
602085
368921
529053
523262
191164
256206
695681
591026
380698
404802
485104
485865
350268
724212
28144
6147
643267
162807
120766
652312
520046
613729
654552
476308
474233
593159
446017
490224
591014
381219
477126
738416
142023
510635
368912
328232
279061
46850
368855
379466
655743
695
301685
126857
369762
516966
155597
79334
458747
205163
110298
470412
709893
462492
511076
495349
861
521924
560655
296776
551751
187269
351296
110757
355684
704511
232194
517543
524390
705517
181159
590886
647055
632481
483921
465627
279594
190334
591069
389452
38621
524828
531111
517653
202470
401798
351558
591003
490203
4302
655284
8944
292026
632472
631951
37003
77422
386390
354243
232165
190977
509067
491232
546298
237825
436944
94234
25391
475506
172928
128065
154628
708377
443625
271341
460109
563344
522401
523664
607819
558396
490401
473721
210283
330073
408623
266175
647041
514920
489284
130917
517338
8904
618145
602900
437403
131686
132342
275675
62314
281902
2795
643910
405610
631761
657360
503546
77876
80720
233240
425144
655273
535896
514297
524183
278429
409934
592011
709520
524599
16695
5912
476033
656694
732095
13845
181046
153563
31439
371344
288800
122523
524219
356502
239370
390171
142003
459088
472558
431850
523454
641481
313247
349656
381189
17109
429180
369522
740377
520943
712713
474833
380857
514941
685225
655341
437009
530735
590970
483259
439463
8417
659558
546285
88297
371096
709366
25601
708084
483238
158287
718640
476525
730597
124638
11417
513617
478481
173464
595333
485899
352240
378821
731454
58382
80919
528703
445827
146806
534309
435458
347270
118725
655572
438429
108219
262823
24998
79353
743349
179986
528118
495240
526630
741559
306380
124027
119598
288959
75528
352656
724
506076
296031
517948
369574
189641
279257
439726
202097
522640
496459
517227
15299
276925
445981
513044
287411
198241
280695
591815
356061
263812
6686
114412
741157
350927
268939
632303
743336
13768
522752
157351
729279
483635
646
435255
516854
89655
443551
343334
741199
591947
647051
387567
522818
210385
523370
62771
471851
743248
372331
36587
569700
729159
743223
209561
491322
170835
731660
519445
706674
632264
166556
239818
591451
487933
475074
14745
75890
527412
517817
654537
105956
136905
696211
23172
332708
498178
743430
21611
371720
590961
707620
372679
256747
479756
493919
332706
356654
230601
437277
503763
433863
181368
631650
117835
503787
1501
106212
256526
371282
409137
277721
78771
709458
591121
513667
31498
651219
438236
689006
655056
249227
522257
525629
32973
123633
655453
29595
377484
599470
439040
632865
592130
369068
522057
520989
5025
505326
174193
632486
475629
656980
374446
103147
591395
78944
397609
296169
591588
648369
593923
279245
370024
195471
272328
432491
58042
293653
288164
591968
327736
520205
133397
17572
655782
446678
461047
102
514997
661022
89781
654713
391561
463416
631925
514303
564611
567968
591133
386567
274422
593148
502867
514038
642874
199368
21398
471014
388739
715623
250723
715348
252713
413812
544577
390567
444845
656580
6651
17441
643487
600384
513779
430435
445019
519972
125038
743263
50130
254406
8786
654649
596449
14468
654939
236030
727344
499209
445890
395482
88025
631614
466929
656395
198161
200770
731317
515032
655229
481371
380044
504895
723254
654980
282975
59214
591692
647116
469244
656673
183006
561245
399800
433573
90572
534965
437191
334534
517969
469820
352224
482910
505033
119878
524498
75093
23918
195727
374596
740473
648394
349283
40966
379191
631841
488478
292078
133379
199743
89983
516846
82222
631827
469171
162852
718438
118400
520140
594912
507704
178551
255935
58663
24301
112318
368264
371036
654688
515371
334612
75335
514581
644621
740456
603930
268849
654792
5462
83347
472690
644231
519337
275775
741277
1787
22410
664194
740407
477420
193566
154652
388918
7570
518513
473695
201921
302287
529925
670088
518750
151134
288809
44817
181391
143703
527193
654671
147492
501106
525622
403436
487360
730889
691131
605388
73799
731417
515139
376722
257900
495417
449909
448872
648448
74050
524815
390667
444277
644997
516220
80986
525391
592207
743491
423935
497492
478407
426296
514412
644708
654472
183994
436061
136280
511096
3745
507910
567502
436902
405877
94070
30965
28491
48924
283398
431081
406510
728829
363492
86320
463045
371889
205457
517172
546261
532446
707916
591499
591945
490512
604479
662180
471528
514199
313
515704
591486
80658
9754
306764
713131
65436
413678
609336
335079
657412
644633
702139
659871
657032
534301
534477
522087
369920
466015
448225
610830
270428
4267
196054
458598
12451
54780
708867
99141
234282
593411
115461
513743
20521
181163
523238
523145
302772
743407
517622
24719
271819
271695
653263
643560
130438
465808
121333
527989
29341
512026
654616
7471
436100
496270
30954
397010
733319
169487
530595
709201
136309
227049
513987
432760
474536
160324
159161
655941
740446
200716
192477
279696
381123
445534
721470
306291
438953
437638
719272
602063
531561
160786
471403
533030
528300
527021
508848
743374
200804
710546
743231
463278
354056
533262
487036
199248
522507
502829
525205
505141
609663
368823
458320
445570
484289
600547
118554
659274
462998
98594
462550
743548
325960
196176
490795
647067
532129
410977
83190
460807
491494
301404
96952
534293
129261
473296
412842
732105
168073
372031
201398
409412
375957
592796
380271
131459
410596
523463
347991
274267
477887
406861
466693
429434
659933
522616
396644
631582
476365
476517
511251
432699
11747
524910
368243
36794
621695
119882
188553
696684
304192
27935
268557
516157
504517
32763
642676
443687
522351
659439
446350
368527
520612
368542
257761
87726
75438
51483
459162
264887
371427
9270
518250
388613
148425
21765
573018
145150
567426
644504
283652
517949
519632
632575
632772
220971
591148
431668
257970
140944
464622
727355
743356
368214
743236
334587
643357
79347
50425
696231
185807
607501
467759
604116
521212
520875
137556
525163
532492
444106
199343
707753
655014
121432
325846
412117
654543
514016
21631
444403
632918
369657
474010
533719
183153
290243
562227
430439
658169
524161
656887
368592
607928
512842
727669
523004
743506
318775
32984
515210
740452
77274
516830
443379
497816
431550
76873
40582
654502
134406
503389
180414
592173
643051
445030
655331
514599
202238
433795
596704
472471
259046
280741
89649
536663
469018
144725
69855
406683
558536
631931
458596
591426
120483
654422
373741
495674
170355
77318
31474
284297
23270
729048
477869
253197
530816
518525
433442
405880
597091
433615
659606
512740
656071
491060
696087
644919
650585
390838
190086
432121
274313
496684
404568
524899
201034
535769
592202
195464
339453
602086
310645
200100
326387
477287
98259
184492
514495
442798
437178
271277
517145
403828
743449
511265
709837
330742
370312
706889
98910
24950
293660
38449
654447
643552
119177
654809
740701
719966
130434
696360
237536
481819
632839
459691
712959
356331
146688
155827
23581
709193
153752
741210
242458
514468
54642
527861
533566
16426
109655
466662
466987
731633
519320
517168
631957
518464
446091
514289
505654
533549
271249
124490
108029
20961
62275
514284
356377
154320
370771
182255
353262
743232
647056
374262
172550
522555
134742
567120
469881
398111
518595
517216
209983
591366
438489
627962
526521
184211
165736
183109
721234
743311
87889
520287
567725
505059
518249
27239
652308
42645
276287
9315
12457
504687
2131
369201
269665
596105
184233
522650
288262
743343
489051
293411
490415
515487
444517
519993
135763
597656
374076
7099
315137
418233
6664
202677
410817
535192
531371
260750
591518
413482
441122
253319
168762
506603
259412
268787
475353
501345
88778
520348
135087
534314
516664
369123
591664
507087
445665
7158
464971
520414
369592
533013
644095
27693
203952
75969
631602
23862
369430
467807
114286
125898
162121
417022
436792
127403
4055
474018
155742
485060
142074
5062
460923
435013
471508
129195
77100
24598
726050
463035
21187
155586
593187
709228
207631
347535
292804
165859
337766
515243
231029
212395
74615
502773
530862
460141
58351
473788
200841
181272
444414
272062
438838
45231
643472
482868
332173
74563
474978
414809
740440
78466
495704
422181
920
511816
446574
164226
555910
477346
694353
82916
654784
557780
517830
35096
533738
510225
567562
433307
168799
743328
118738
491912
662152
464333
156178
247186
654665
12970
246112
473583
289347
741153
356572
369039
257008
335163
592566
180903
134587
455493
26670
514474
132483
420269
490181
489824
173894
591605
594454
463041
152774
632239
289123
9235
478588
644108
647064
42151
493808
284217
289271
434864
511991
731853
591733
604551
444024
12152
596078
643683
493796
445061
407190
632326
368433
631580
712598
124366
494985
515094
654400
13662
494186
273621
500409
442199
534612
643565
594444
144700
146559
506784
491440
181301
482087
82887
368364
515003
436568
277677
643433
351887
213061
413047
374477
522805
408054
414396
702010
239514
265018
13999
591405
741179
467751
323489
468840
131819
425123
534330
481720
743373
585017
304682
461896
78601
568247
442782
5613
513373
151220
372541
734816
743689
647723
96996
436505
436317
592112
355455
130838
551713
470608
34492
461705
524214
164026
444075
172602
437594
91531
495985
148272
517478
656205
740420
521973
324341
535298
300701
132225
274873
501857
601055
82963
653163
509791
535464
151787
525392
503886
189445
20274
475125
534591
436439
408073
708190
654794
501353
368296
449718
731507
80776
514276
527748
370421
524502
458355
743501
94672
256301
521213
139896
181112
473877
4749
90443
568291
504703
476415
387208
370292
554829
301478
407860
483494
731613
131226
655277
170499
371914
241576
272838
103939
528572
654705
525232
171825
11314
591306
317192
4082
505412
440475
381096
486228
591960
368359
150956
234898
368157
276905
469331
434286
654379
380133
522500
502659
180919
518460
520640
361463
720376
721414
523875
390623
433759
437599
36959
533282
658547
435771
407580
495138
28249
516788
28988
33719
731847
514590
712722
534341
476270
4859
388927
480415
647079
292493
301350
515890
10499
602528
444407
433670
743323
76686
743431
438673
248153
593928
179675
181244
592322
516119
743226
517232
3989
593382
180141
333738
24601
437365
529798
437379
489254
741424
596514
654836
369017
65029
12341
388347
458499
42400
506357
374127
239388
583805
9194
132161
115242
563491
50123
459927
282113
367956
3873
414099
282998
732031
226755
524195
191346
523512
741282
213690
731446
171695
647068
465885
714496
471695
512597
492859
65758
180878
644384
271667
269512
105685
647195
21213
490347
924
320151
471381
15250
409034
643813
515879
462278
729524
1897
21811
445052
20529
254113
719137
522615
379912
651529
469970
75277
420529
284208
522449
11590
531509
95140
290404
25377
534345
194778
525017
484138
540696
485081
444451
558296
643896
444200
524523
435120
642842
631725
432914
709218
603657
118918
416755
347187
186350
732264
253903
279761
632015
29189
413111
166924
500771
410969
741249
731932
279806
634040
510078
293560
518773
458917
13759
681743
502876
279819
97270
182825
479808
655338
243678
209614
533831
633853
513083
522373
514242
707712
282067
646775
605380
195403
592340
370247
414362
287471
8372
416024
352614
449942
501853
335391
561064
532634
743278
488591
472566
172755
520740
101774
459940
743450
275757
591110
180909
632227
512465
743260
523252
654475
20157
441550
293798
513734
237856
482017
647061
432901
741156
592209
532461
469386
467097
468186
192854
424312
641441
653262
741289
740475
371856
506997
480311
82028
515848
514496
118964
372773
523045
306083
4
516746
191482
376046
>un
573889
474940
648590
626822
613098
479728
732934
728912
731921
128426
596731
736486
592692
647315
657125
656958
676140
729023
700360
634037
568021
677212
638121
732319
488624
661337
675103
736311
656710
120377
665062
674298
696093
575922
659695
625226
712829
596399
710868
22137
569375
559835
710295
655424
732976
601963
586141
587044
703464
714487
707535
741274
524416
734744
634496
603218
589555
659405
644217
665749
743447
706070
592455
657621
678222
447454
504270
572729
732681
595245
664701
711854
508769
714164
741240
643960
571820
712799
710302
718947
78524
12489
635314
720528
656872
742048
714596
679680
682158
720282
706702
151675
676492
465065
594773
533067
684380
502672
706436
596814
688542
664920
646951
683399
731448
645344
596423
597151
720458
626727
661867
712682
731515
602554
114180
626650
588040
498418
721419
733671
670118
539950
568267
662513
682303
656475
654953
670429
741993
280214
661165
661705
713453
485155
655427
355933
743463
356721
647087
743219
593011
639635
713293
731956
655589
734563
645845
210043
163027
731577
713080
568341
743220
658831
736375
731430
708260
349444
569880
654763
677258
661911
743775
653980
661803
732052
628728
718427
731567
708558
516383
574092
657399
712210
594347
702566
348350
656138
708840
688553
676790
675436
695310
658540
660050
720510
592579
625192
530089
736185
732134
716899
593529
736090
522897
593318
624249
670207
310085
736174
529555
679497
436940
709057
476697
741808
525339
729940
560637
510835
706279
671115
476320
636388
709727
687997
449114
714048
656656
512542
586747
731526
685770
714062
657308
644910
641691
740913
653312
729026
661303
520703
12313
553539
661240
731679
608207
618127
512451
707308
664071
614625
473761
638501
655575
655958
318860
587295
713750
702164
618002
658212
692502
655836
618220
567702
433010
710490
664818
470544
728162
506989
661374
675375
569374
661050
660159
633101
675903
>part
>ku
639648
>uu
563742
583159
625402
688541
543524
625381
688540
688564
688549
545057
625371
576523
625191
542231
688571
688587
505663
688544
625427
639680
543191
566942
499399
539727
625413
542890
566129
625302
543522
688464
539904
625442
688543
738551
543619
688462
566278
543149
537979
625415
513382
578406
625189
652031
468555
543050
531883
639634
688552
688556
625408
560194
625246
625368
545729
539429
639665
566174
647449
546082
541938
577132
688576
565248
639674
540821
553076
543057
540513
688561
625223
639664
625188
625407
688460
688557
564754
625410
625414
543384
688463
545626
540597
688558
625419
552094
625401
538479
459811
541107
544955
541262
625212
688470
688444
542082
688563
625221
538967
543142
625421
639668
688546
540433
639642
625387
542144
639641
554298
639678
688573
541018
688551
539744
540782
565428
625396
625185
581848
625397
538642
688577
453854
539606
688459
625437
544914
650663
468656
625376
538634
625393
688562
538117
540591
542487
545156
625214
688565
625418
625377
566084
639667
565683
545959
543535
625184
639649
543656
688586
592195
639637
541757
542728
639666
625375
625247
625394
625213
625392
540615
538602
494333
639669
545124
541682
625425
688568
688570
485009
539149
544699
639679
541422
639636
541610
688567
625186
688575
544751
564171
652033
688574
625405
625372
545545
688560
565747
560900
688578
688550
546135
625217
537630
538508
567227
543858
688566
688547
625182
545153
639645
688555
625193
541037
639662
625409
688554
625412
688569
546137
537938
625389
688572
688581
688446
738549
540785
542017
580188
625370
545152
545558
581024
565675
566869
625403
541125
545446
625225
688582
688445
543824
581890
625187
625439
639673
545068
625399
625219
688545
625380
688461
625395
639670
540811
688458
462824
542556
688583
540763
545625
540528
625379
563860
539667
542378
565685
625400
564844
541329
688584
564471
539265
543063
688585
554615
625422
572669
625386
625404
563888
625388
625216
688559
688548
625424
537851
539513
543312
543910
566139
625411
579428
>kn
436500
631638
18192
657519
85155
98322
461214
608918
532824
200051
522679
589862
518475
365689
79387
731398
632252
29106
516802
709337
336810
189780
741184
75056
135569
594307
632238
732282
49774
479766
9234
95577
282326
332422
706355
504877
655351
722260
283844
293563
591347
203717
319334
515415
486993
427232
75862
491223
397638
252820
709406
727283
413095
216653
723178
743225
258855
298654
374950
389374
654572
743282
110014
371240
227253
128425
513153
124126
191734
270753
35490
150580
596025
63788
494261
517461
184727
655327
494192
495710
491104
99884
130098
435755
631630
532795
192233
202011
372123
699841
5930
497090
466436
400095
686171
656657
408018
441664
75367
82793
279877
133135
4993
301853
382212
485572
715862
293274
498892
726365
376933
432862
373941
144795
135997
50749
363558
6421
640836
131776
290758
6076
372616
743347
168241
523789
446429
527061
571148
89643
533772
522665
16803
531856
513851
119594
202354
83753
655832
740432
8008
524648
3260
148641
20716
621200
433419
436383
270291
368078
594634
494892
75243
741169
409578
128841
471514
489142
513695
53454
709182
77768
521086
408577
596164
1197
140452
510407
30977
409140
9873
152944
740519
91481
655455
593422
503093
468410
159049
272259
454534
440900
592145
33642
524250
191987
509226
487027
518236
156667
348297
526594
40510
517407
593339
510833
368240
499264
148342
279836
434980
496755
474053
196482
502774
429666
17680
649191
255596
546269
353087
514051
75256
76394
552810
126561
473648
3100
108301
307734
654790
656425
148322
521937
2853
110445
631923
19156
743265
182215
325978
274772
7101
654868
153026
580681
653679
548187
288487
190722
591934
500842
591318
529959
133187
183850
32470
278573
276808
167641
131851
370254
731513
511903
731828
441378
595669
517517
162757
131704
489873
285671
153961
496267
412433
482573
370408
442344
488307
741382
248267
134296
443258
525518
513646
36688
55847
76884
512607
409662
194110
700338
590919
363138
494173
502315
489365
286226
517034
435815
741319
632693
527105
270244
212838
632873
76206
484047
356416
515544
146059
515515
459573
384598
80409
584842
35052
446336
406392
604985
433701
591638
15744
24956
557097
483873
720151
443731
658598
412196
591586
438274
406678
46894
741280
122926
97439
244940
516341
11615
107527
370504
592224
157378
7879
633514
550502
107622
306791
516837
54457
421907
3416
515542
443109
472330
513832
645240
373498
437256
472877
77897
557550
533192
308122
407966
472437
172445
741298
516111
6815
743241
413394
250493
434996
534956
145469
512841
143681
524484
11776
91747
660936
564847
477128
679406
289108
62886
503878
135646
136295
269764
531330
4944
517553
533898
468442
191219
655324
591183
13781
343244
524271
208358
87306
691948
193163
113823
224616
517582
208597
645792
9469
80552
716639
181326
153381
6347
269577
440950
478150
274531
212332
149305
437647
515130
534562
585728
239718
437966
285354
211929
731683
368611
12845
711155
222510
109731
531752
173524
502917
713579
225836
436410
269211
306000
472285
420036
283749
78989
627414
2533
599798
732776
475733
511138
258326
1584
252543
650382
592051
104347
516087
198862
591833
514560
502875
491351
471452
644125
3903
2006
76111
533710
118681
355820
29282
368160
1908
461610
460002
185172
522891
285218
171189
131711
250758
446021
586423
515689
99272
657926
652114
530402
591671
516182
391695
515846
708061
58679
356190
353001
631661
558499
743466
584957
607212
591387
501778
468675
741304
433668
713616
103253
85951
620596
77961
186486
515266
334637
440025
524367
1867
743229
380953
192619
707428
171011
252967
459106
567256
369440
65256
131933
436803
297814
370984
213264
593268
656786
298280
531682
534052
463426
367856
7739
19121
711617
446352
306123
584909
27018
82719
73965
591457
509780
153357
644306
523360
643548
41502
440401
68061
721240
343873
118243
202543
446641
435290
654639
370365
163893
498732
532277
499489
482976
486470
269592
472475
740434
180877
518123
12253
86970
20930
534770
502176
332012
156171
151536
420272
250581
534456
436102
740577
421245
74137
306307
10101
157659
17200
651512
130031
486410
654546
731729
476280
102471
646346
556986
535711
443077
654653
193043
164419
487341
171501
512776
567498
484227
12102
368149
498160
488835
731659
440049
516539
471277
463785
421340
458573
696631
728762
632581
184298
642618
516217
98785
5258
308074
136778
387679
705323
444950
511454
528087
255093
631616
368554
808
289092
519168
743218
513490
654604
155342
657509
498727
443417
410231
6846
648101
241575
714127
514435
466471
656361
195080
524224
231750
729172
356554
500822
82961
148559
432648
401842
514489
516160
650680
439060
655020
277035
568613
443031
445489
462214
719935
546502
109672
376071
445711
46523
250666
411308
499839
1905
445977
520967
434248
655067
140720
13495
741412
518609
247077
106861
501203
169358
386324
108080
519702
430425
6449
90753
386975
508644
410037
472010
743224
501794
655469
469045
323396
82071
128316
371823
731718
150540
632282
407368
514535
13854
556827
441783
529023
466917
571797
458412
632456
268515
732366
279565
743417
521640
415768
597715
143873
440604
479602
112981
201897
477475
561815
9587
527980
530291
555973
534667
532768
655602
519230
436617
482038
644611
596261
75619
374503
9003
465985
473256
518827
720309
30792
325631
503911
10784
286221
370510
425178
448520
432401
465529
249600
387856
528803
294145
144114
591582
531713
387804
379754
570362
507798
410026
407202
274415
98170
339809
696074
462341
504620
430646
478275
433732
518055
731539
357128
521903
644906
480792
643447
8867
657355
422676
311346
529038
533291
656244
643440
531176
720324
172613
468140
5662
647082
567337
653258
76392
584768
531081
381058
462348
481927
626404
380475
490981
156367
71040
8546
517331
632120
431048
37982
323562
356467
517356
473632
522110
107845
406840
8118
111577
485205
471975
443636
12813
528780
232543
489118
706868
478469
435342
521530
272011
445387
13967
585374
643544
730799
655988
725787
8578
743298
279837
473819
401509
740414
591336
132168
654560
153768
525479
9597
579691
661883
501728
27695
632368
705699
517421
482521
524630
29679
485365
4988
546387
195740
474781
145284
442378
487046
4866
636480
591969
6834
523185
368610
740376
731619
483486
513457
483793
144873
105818
146668
520119
729719
380906
481860
517249
408542
460238
77269
406223
655336
418795
498292
466039
471096
39429
85962
249689
476092
370895
513520
170019
387255
596982
591731
506652
443673
567525
193491
249441
81328
147433
426312
486434
647419
37916
512564
471818
254042
654514
510324
532790
154073
95120
167317
73090
461200
159628
471104
17118
509765
197320
22857
487536
476448
475970
153299
148078
517717
515053
620701
524518
480356
79276
134846
505802
516853
467862
356270
713103
196647
591156
446149
467866
632226
75262
338207
522590
654798
183706
709408
511605
78960
497636
10326
632034
741308
288178
189409
5308
434102
595983
632184
221889
463638
446680
120949
436186
631624
381126
593171
87752
8619
137510
654634
519659
454528
515162
436564
632535
157212
666524
29874
293753
655012
150718
374650
163473
743313
368266
530687
464779
3459
743302
595276
155995
101302
706016
502842
155983
449585
158560
523696
191215
668218
355934
414565
533499
334832
12865
743234
302051
534560
518731
435661
145061
143736
507971
353181
498187
8595
376617
428027
664080
558463
288772
533717
201641
77498
369022
520102
143774
467192
199487
656492
22653
252457
229641
12999
514575
439381
25348
440414
315186
1154
90756
91448
655193
526711
476018
103291
494419
187058
46038
108049
159291
654506
497599
161276
436657
743272
500419
24212
524430
594434
438720
525607
741180
316890
503178
515472
372914
515500
352962
504597
9043
631550
743240
436405
377705
278569
108530
259594
103934
43899
647421
506759
129673
465224
530479
667996
59425
432562
81907
368404
435741
490287
632471
110849
414473
706229
146393
476680
483239
22065
514220
476402
495473
439480
514681
336431
25292
732409
75841
442498
317593
488399
88556
631596
724025
444569
388220
727986
546286
406238
195040
647450
485262
75514
661665
654609
519818
368376
407955
602573
296049
497487
282901
546271
247280
274263
391481
49658
523835
410228
654907
247362
598958
123253
350265
514870
343522
676266
558601
277624
200063
363137
369422
637685
634632
75318
474206
445081
505729
524800
448342
133995
571841
36859
484099
66708
387601
192374
103535
24684
445351
433343
592292
504062
1600
516948
632450
246413
528713
440848
604588
726435
500007
654758
643658
522771
117715
505337
298198
733403
466044
436204
22026
520814
369397
481571
111732
4997
516866
325081
119689
80485
655088
130593
647120
731890
356647
372578
129798
657382
743330
463506
309090
631587
79322
655626
741202
529059
53066
584908
584748
517888
90061
741204
75859
94499
172685
502244
508716
534360
234249
146585
283610
12967
388188
515283
167115
463511
532359
211441
520757
269990
420796
713051
656586
523852
170563
111903
155829
111779
59236
586219
21907
496646
510402
378836
435369
518265
309288
424049
46720
173030
712718
440896
386453
353175
522114
288215
513225
289019
713539
436037
712555
533237
433540
743390
432976
55682
524308
524788
462379
57975
743362
584996
532793
534613
31121
591033
704983
546430
163867
374990
170673
654628
630884
191460
591530
444467
731888
424126
502756
29665
481022
653349
513055
170009
508545
523936
423348
515642
731127
523302
99491
90093
647035
465870
708040
30385
18166
94229
458390
567381
731393
656073
389107
432690
213389
7884
525600
418062
187624
466766
520494
312098
513002
631812
497159
611541
525401
368525
300624
462316
497399
350364
235873
501280
382176
58324
458487
268963
310893
655654
741234
598297
614080
591665
699301
435621
671950
522795
368631
654619
279580
714749
528993
173679
77500
549152
525196
515550
425777
381167
151641
74034
702841
76152
491292
440932
513195
522817
443121
185677
130607
726053
743245
88045
652690
18616
522675
458276
530734
162996
604001
593645
370703
446240
529618
226499
631150
656195
148989
510328
124673
83530
389171
115088
520037
460260
503284
446852
529272
97316
38032
445652
74564
432387
654740
54680
8739
516874
370781
720080
584901
126706
102336
81337
726215
101150
223770
173716
23871
159188
459114
522789
520898
631619
712676
480653
34114
200943
728802
732701
306412
517134
59332
434401
56876
509909
743508
472831
348500
446255
84753
530101
599039
500756
655392
525626
480815
483454
509736
652273
654697
282410
598832
699822
355207
654968
500483
255973
152149
718943
678109
643610
76753
61430
721946
9383
135471
491682
76095
488189
498543
655329
524418
703237
438072
492599
201253
35125
162129
36958
153022
523130
471751
529782
524920
719042
301960
5009
126667
164384
743246
455336
385634
419463
252739
369607
431101
591484
7036
25450
709514
535224
650174
655333
632707
533977
496487
524530
529438
187763
137415
472409
510927
106529
97997
26136
126941
74405
464336
322852
501023
438678
183817
502458
657028
655548
595053
425091
411480
82128
483564
213424
511425
277517
517502
712666
632833
463074
158688
363396
34871
132257
464071
199763
18676
406300
209945
520048
150557
492407
389700
78065
107125
256034
42806
2420
143434
567229
258563
372050
534404
59729
492925
301412
118351
48832
642817
118666
75360
524804
476319
369052
654403
190968
501376
643030
15243
741177
194669
673248
153952
55044
93675
654944
602085
368921
529053
523262
191164
256206
695681
591026
380698
404802
485104
485865
350268
724212
28144
6147
643267
162807
120766
652312
520046
613729
654552
476308
474233
593159
446017
490224
591014
381219
477126
738416
142023
510635
368912
328232
279061
46850
368855
379466
655743
695
301685
126857
369762
516966
155597
79334
458747
205163
110298
470412
709893
462492
511076
495349
861
521924
560655
296776
551751
187269
351296
110757
355684
704511
232194
517543
524390
705517
181159
590886
647055
632481
483921
465627
279594
190334
591069
389452
38621
524828
531111
517653
202470
401798
351558
591003
490203
4302
655284
8944
292026
632472
631951
37003
77422
386390
354243
232165
190977
509067
491232
546298
237825
436944
94234
25391
475506
172928
128065
154628
708377
443625
271341
460109
563344
522401
523664
607819
558396
490401
473721
210283
330073
408623
266175
647041
514920
489284
130917
517338
8904
618145
602900
437403
131686
132342
275675
62314
281902
2795
643910
405610
631761
657360
503546
77876
80720
233240
425144
655273
535896
514297
524183
278429
409934
592011
709520
524599
16695
5912
476033
656694
732095
13845
181046
153563
31439
371344
288800
122523
524219
356502
239370
390171
142003
459088
472558
431850
523454
641481
313247
349656
381189
17109
429180
369522
740377
520943
712713
474833
380857
514941
685225
655341
437009
530735
590970
483259
439463
8417
659558
546285
88297
371096
709366
25601
708084
483238
158287
718640
476525
730597
124638
11417
513617
478481
173464
595333
485899
352240
378821
731454
58382
80919
528703
445827
146806
534309
435458
347270
118725
655572
438429
108219
262823
24998
79353
743349
179986
528118
495240
526630
741559
306380
124027
119598
75528
288959
724
352656
506076
296031
279257
189641
369574
517948
439726
202097
496459
522640
15299
517227
513044
445981
276925
287411
198241
280695
591815
356061
263812
741157
114412
6686
268939
350927
632303
743336
13768
522752
157351
483635
729279
646
516854
435255
89655
443551
591947
741199
343334
387567
647051
210385
522818
62771
523370
471851
743248
372331
36587
569700
729159
743223
491322
209561
170835
706674
519445
731660
632264
166556
239818
591451
475074
487933
75890
14745
527412
517817
654537
136905
105956
23172
696211
332708
498178
743430
21611
371720
372679
707620
590961
256747
479756
493919
356654
332706
437277
230601
503763
433863
181368
631650
117835
503787
106212
1501
256526
371282
277721
409137
709458
78771
591121
513667
651219
31498
438236
655056
689006
249227
522257
525629
123633
32973
655453
439040
599470
377484
29595
632865
369068
592130
520989
522057
5025
174193
505326
475629
632486
656980
374446
103147
78944
591395
397609
648369
591588
296169
593923
195471
370024
279245
432491
272328
58042
288164
293653
591968
327736
520205
133397
17572
655782
446678
102
461047
89781
661022
514997
654713
391561
463416
631925
564611
514303
591133
567968
386567
274422
593148
502867
642874
514038
199368
21398
471014
715623
388739
250723
715348
252713
413812
544577
444845
390567
656580
17441
6651
643487
600384
513779
430435
445019
125038
519972
50130
743263
8786
254406
596449
654649
14468
654939
727344
236030
445890
499209
88025
395482
631614
466929
656395
198161
731317
200770
655229
515032
380044
481371
504895
654980
723254
282975
59214
591692
469244
647116
656673
183006
561245
399800
433573
437191
534965
90572
334534
517969
352224
469820
505033
482910
524498
119878
75093
195727
23918
740473
374596
648394
40966
349283
379191
292078
488478
631841
89983
199743
133379
516846
82222
631827
162852
469171
520140
118400
718438
594912
507704
178551
255935
58663
24301
112318
368264
654688
371036
334612
515371
75335
514581
740456
644621
603930
268849
654792
5462
83347
472690
644231
275775
519337
741277
740407
664194
22410
1787
193566
477420
154652
7570
388918
473695
518513
201921
670088
529925
302287
518750
288809
151134
181391
44817
143703
527193
501106
147492
654671
525622
403436
487360
691131
730889
605388
73799
376722
515139
731417
257900
495417
449909
448872
648448
74050
524815
644997
444277
390667
516220
80986
592207
525391
743491
497492
423935
478407
426296
514412
644708
654472
436061
183994
136280
511096
507910
3745
567502
436902
405877
30965
94070
28491
48924
406510
431081
283398
363492
728829
86320
371889
463045
205457
517172
707916
532446
546261
591945
591499
604479
490512
662180
514199
471528
313
515704
591486
9754
80658
713131
306764
65436
609336
413678
335079
657412
644633
702139
659871
657032
534301
522087
534477
369920
466015
448225
270428
610830
196054
4267
458598
708867
54780
12451
99141
234282
115461
593411
513743
181163
20521
302772
523145
523238
743407
517622
271819
24719
271695
643560
653263
465808
130438
121333
527989
29341
512026
654616
7471
30954
496270
436100
397010
733319
709201
530595
169487
136309
513987
227049
432760
160324
474536
740446
655941
159161
192477
200716
279696
445534
381123
306291
721470
438953
437638
719272
160786
531561
602063
471403
533030
508848
527021
528300
710546
200804
743374
743231
463278
533262
354056
487036
199248
522507
502829
505141
525205
368823
609663
445570
458320
600547
484289
659274
118554
98594
462998
325960
743548
462550
196176
532129
647067
490795
83190
410977
460807
301404
491494
96952
129261
534293
412842
473296
168073
732105
372031
409412
201398
592796
375957
380271
523463
410596
131459
347991
274267
477887
406861
466693
429434
659933
522616
476365
631582
396644
511251
476517
11747
432699
524910
368243
119882
621695
36794
188553
304192
696684
27935
268557
516157
443687
642676
32763
504517
522351
659439
368527
446350
520612
368542
257761
87726
75438
51483
459162
9270
371427
264887
518250
21765
148425
388613
145150
573018
567426
283652
644504
517949
519632
632575
220971
632772
257970
431668
591148
140944
464622
727355
743236
368214
743356
334587
79347
643357
607501
185807
696231
50425
467759
520875
521212
604116
137556
532492
525163
199343
444106
121432
655014
707753
412117
325846
21631
514016
654543
444403
632918
369657
474010
533719
183153
290243
562227
430439
658169
524161
368592
656887
607928
727669
512842
318775
743506
523004
32984
515210
516830
77274
740452
443379
431550
497816
76873
40582
503389
134406
654502
180414
592173
445030
643051
202238
514599
655331
433795
596704
280741
259046
472471
536663
89649
469018
144725
631931
558536
406683
69855
458596
120483
591426
654422
373741
170355
495674
284297
31474
77318
729048
23270
253197
477869
530816
518525
433442
597091
405880
433615
659606
512740
656071
644919
696087
491060
650585
432121
190086
390838
274313
496684
524899
404568
535769
201034
592202
195464
339453
310645
602086
200100
326387
98259
477287
184492
442798
514495
271277
437178
517145
403828
743449
709837
511265
330742
370312
98910
706889
24950
38449
293660
654447
119177
643552
654809
130434
719966
740701
237536
696360
481819
632839
459691
356331
712959
146688
155827
23581
709193
153752
741210
514468
242458
533566
527861
54642
16426
109655
466987
466662
519320
731633
631957
517168
518464
446091
514289
505654
533549
124490
271249
20961
108029
514284
62275
154320
356377
370771
182255
743232
353262
647056
374262
172550
522555
134742
567120
398111
469881
518595
517216
209983
591366
438489
526521
627962
184211
165736
721234
183109
743311
87889
520287
505059
567725
518249
42645
652308
27239
276287
12457
9315
504687
2131
269665
369201
184233
596105
288262
522650
743343
489051
490415
293411
515487
519993
444517
597656
135763
374076
315137
7099
6664
418233
410817
202677
531371
535192
260750
413482
591518
441122
168762
253319
506603
268787
259412
501345
475353
88778
534314
135087
520348
516664
369123
507087
591664
7158
445665
464971
520414
369592
27693
644095
533013
203952
75969
631602
23862
369430
114286
467807
162121
125898
436792
417022
4055
127403
474018
155742
485060
5062
142074
460923
129195
471508
435013
24598
77100
726050
463035
593187
155586
21187
207631
709228
347535
292804
165859
337766
515243
231029
212395
74615
502773
460141
530862
473788
58351
181272
200841
45231
438838
272062
444414
643472
482868
74563
332173
474978
414809
740440
78466
495704
422181
920
511816
446574
164226
555910
654784
82916
694353
477346
557780
517830
35096
533738
510225
567562
433307
168799
743328
118738
491912
464333
662152
247186
156178
654665
12970
473583
246112
289347
741153
356572
369039
257008
592566
335163
180903
455493
134587
26670
132483
514474
420269
591605
173894
489824
490181
463041
594454
632239
152774
289123
9235
644108
478588
647064
42151
289271
284217
493808
434864
511991
731853
591733
444024
604551
596078
12152
493796
643683
407190
445061
368433
632326
124366
712598
631580
494985
654400
515094
13662
273621
494186
442199
500409
534612
643565
594444
144700
506784
146559
491440
181301
482087
82887
368364
515003
436568
277677
643433
351887
213061
413047
522805
374477
702010
414396
408054
239514
265018
13999
591405
741179
468840
323489
467751
131819
425123
481720
534330
743373
304682
585017
461896
568247
78601
442782
5613
151220
513373
372541
743689
734816
647723
592112
436317
436505
96996
355455
34492
470608
551713
130838
524214
461705
164026
437594
172602
444075
495985
91531
148272
517478
656205
521973
740420
324341
132225
300701
535298
274873
501857
82963
601055
653163
535464
509791
503886
525392
151787
189445
20274
475125
436439
534591
408073
708190
654794
501353
449718
368296
514276
80776
731507
527748
370421
743501
458355
524502
256301
94672
521213
139896
181112
473877
4749
568291
90443
504703
476415
387208
370292
301478
554829
407860
483494
731613
131226
170499
655277
371914
272838
241576
103939
528572
654705
525232
171825
591306
11314
505412
4082
317192
440475
381096
486228
150956
368359
591960
234898
368157
276905
654379
434286
469331
380133
522500
502659
180919
518460
520640
361463
720376
390623
523875
721414
437599
433759
36959
435771
658547
533282
407580
495138
28249
516788
33719
28988
731847
514590
712722
534341
476270
388927
4859
301350
292493
647079
480415
10499
515890
444407
602528
433670
743323
743431
76686
438673
248153
593928
181244
179675
592322
516119
743226
517232
593382
3989
180141
24601
333738
437365
437379
529798
741424
489254
369017
654836
596514
65029
388347
12341
42400
458499
506357
374127
239388
583805
9194
132161
115242
563491
50123
459927
282113
367956
3873
414099
282998
226755
732031
191346
524195
523512
741282
213690
647068
171695
731446
465885
512597
471695
714496
492859
180878
65758
271667
644384
269512
105685
647195
21213
924
490347
471381
320151
15250
643813
409034
515879
462278
729524
254113
20529
445052
21811
1897
469970
651529
379912
522615
719137
420529
75277
522449
284208
11590
290404
95140
531509
25377
194778
534345
484138
525017
540696
485081
444451
558296
524523
444200
643896
435120
631725
642842
432914
709218
603657
118918
416755
347187
732264
186350
279761
253903
632015
29189
166924
413111
410969
500771
741249
731932
279806
634040
510078
293560
518773
13759
458917
681743
502876
279819
97270
182825
479808
243678
655338
533831
209614
514242
522373
513083
633853
707712
282067
646775
605380
592340
195403
370247
414362
8372
287471
416024
449942
352614
501853
335391
561064
743278
532634
172755
472566
488591
520740
459940
101774
180909
591110
275757
743450
632227
512465
523252
743260
654475
20157
293798
441550
513734
647061
482017
237856
432901
741156
532461
592209
469386
468186
467097
653262
641441
424312
192854
741289
371856
740475
480311
506997
82028
515848
118964
514496
372773
523045
306083
4
516746
191482
376046
>un
573889
474940
648590
626822
613098
479728
732934
728912
731921
128426
596731
736486
592692
647315
657125
656958
676140
729023
700360
634037
568021
677212
638121
732319
488624
661337
675103
736311
656710
120377
665062
674298
696093
575922
659695
712829
625226
596399
710868
22137
569375
559835
655424
710295
732976
601963
586141
587044
703464
714487
707535
741274
524416
734744
634496
603218
589555
659405
665749
644217
743447
706070
592455
657621
678222
447454
504270
572729
732681
595245
664701
711854
508769
714164
741240
643960
571820
712799
710302
718947
78524
12489
635314
720528
656872
742048
714596
679680
682158
720282
706702
151675
676492
465065
594773
533067
684380
502672
706436
596814
688542
664920
646951
683399
731448
645344
596423
597151
720458
626727
661867
712682
731515
602554
114180
626650
588040
498418
721419
539950
670118
733671
568267
662513
682303
656475
654953
741993
670429
280214
661165
661705
713453
485155
655427
355933
743463
356721
647087
743219
593011
639635
713293
731956
655589
734563
645845
210043
163027
731577
713080
568341
743220
658831
736375
731430
708260
349444
569880
654763
677258
661911
743775
653980
661803
732052
628728
718427
731567
708558
516383
574092
657399
712210
594347
702566
348350
656138
708840
688553
676790
675436
695310
658540
660050
720510
592579
625192
530089
732134
736185
716899
593529
736090
522897
593318
624249
670207
310085
736174
529555
679497
436940
709057
476697
741808
525339
729940
560637
510835
706279
671115
476320
636388
709727
687997
449114
656656
714048
512542
586747
731526
685770
714062
657308
644910
641691
653312
740913
729026
661303
520703
12313
553539
661240
731679
608207
618127
512451
707308
664071
614625
473761
638501
655575
655958
318860
587295
713750
702164
618002
658212
692502
655836
618220
567702
433010
710490
664818
470544
728162
506989
661374
675375
569374
661050
660159
633101
675903
