>id 2193|Mm|cgap|||stem cell|normal||tissue
>part
>ku
135495
>uu
459268
>kn
118
17537
255858
268000
3074
334810
210334
35911
18832
294315
111928
371585
196220
212703
10407
271071
33764
276856
260900
6065
34329
2969
29495
2395
220912
141936
259716
381553
276504
482104
10182
29746
285797
291059
244536
28659
18565
12459
39700
270681
273170
425090
331719
387835
275434
247837
5831
226554
439927
139314
188432
312233
18892
228930
279736
3065
28957
294951
371846
271891
277779
3229
319719
268347
392646
167882
474441
86607
202725
290447
482105
260036
132208
33421
69044
224233
28688
279103
143817
28300
24131
1090
993
123211
425666
354115
30464
6952
171304
284811
486278
297512
396863
245976
334766
278726
177991
291758
2339
44218
155896
275563
392015
8
259121
98
390865
105182
25514
260314
333406
335968
390906
3555
29324
2785
33796
59167
486309
277857
371997
490401
271578
330496
272336
267810
274926
25997
23869
237064
12965
275526
35661
490261
24063
286394
474800
431334
293263
1022
281741
426706
162811
384918
273836
295875
27968
136648
296566
2344
272974
387108
262059
23847
27107
379214
195451
212861
19804
386752
218637
247788
284592
207052
21938
2950
295246
249280
116418
10474
334313
241604
87773
180052
356059
490477
122399
22108
89987
490307
29073
442134
73608
138471
100068
126534
1260
282560
180337
252918
271784
29476
276293
24169
87130
238034
100113
459507
323386
206919
21950
489700
136093
147052
391007
18626
3261
261620
302175
154312
288324
787
43831
246965
347525
29633
490289
41593
1011
388529
284688
437031
6670
352258
258927
7247
227183
425495
269993
297768
30057
356653
431327
297977
271944
40546
46614
13705
248172
28376
18875
306511
3794
293117
2136
474737
236868
168680
130148
22261
234700
30602
318567
222825
30118
378964
33202
386883
272551
2238
358633
459265
34302
277958
46449
254820
37613
467207
28908
489698
295438
154358
425976
337038
256509
28357
185453
25296
289653
253542
458088
28347
343110
236123
195753
396537
420865
287795
197728
379733
490274
245897
290407
30066
258170
359442
790
44854
30435
247335
193086
30234
299073
379272
86986
10105
1182
28668
208477
441054
3746
334680
102627
24765
17436
334861
269815
23692
172720
217216
251593
273403
288212
13694
20188
196475
273155
21874
46014
269474
24678
4587
4011
3465
32002
265615
26147
227704
175989
324242
276702
30021
71533
322432
62979
29702
25849
788
18962
289583
40
236443
371631
10815
490293
22521
347643
21880
296100
130
1465
268922
180458
24397
308452
330487
27293
473239
129746
292107
22147
7726
259021
28203
425
482118
238817
439801
236553
389248
27387
301585
131150
29182
249586
269188
271222
389579
266972
274146
24042
325827
40655
180063
159684
258670
31259
439649
275910
26730
358714
246688
291554
239814
289402
295124
297482
293819
21162
413275
426670
9244
125770
335460
306789
188734
207432
19133
259795
150701
3131
285351
258846
291917
29442
393247
255066
1318
9806
27548
12967
311948
371603
4965
288179
39088
273082
288183
45141
286598
245027
251621
273804
957
137268
35796
232728
622
87611
338021
251794
442231
4237
275654
25632
29128
33935
240438
341719
22480
30085
293599
248637
440165
36697
21795
490243
276618
246200
285993
198264
33118
360075
66264
148039
17708
3488
681
252080
297096
103655
289106
489651
363404
280199
206934
16898
261842
489647
27259
229107
29845
246018
121265
21662
275191
6095
22266
160079
246550
458138
22845
249695
218233
29709
284649
485793
108054
212813
268548
196544
482358
253771
426344
21687
199964
279898
251199
289662
12481
289456
390409
28013
434054
29432
445088
383235
330113
279690
416924
19187
3152
38235
377046
389787
250359
283283
8766
3979
268104
139675
10265
475573
379011
274237
260530
260791
83981
470599
2065
101316
326089
32826
331565
280083
236114
490372
21184
154570
42234
30038
4479
28839
158264
260737
25504
28128
220821
21529
4538
334867
159945
181933
220946
2180
16775
277409
475704
291214
41803
347009
390347
196581
206054
334031
28549
1393
62521
298
392667
297372
216528
233799
331389
272251
391476
12951
326799
334775
299062
165979
27406
276336
103568
165735
24350
220328
100665
250552
261329
30013
23267
3974
28683
396184
289706
204831
327442
157770
29924
209750
174256
490347
221298
259614
2756
209041
28449
69013
386902
26614
29203
275555
260256
102136
425295
296915
28327
234769
210403
286892
22216
3981
303924
489723
33184
80509
41903
186610
2945
25366
296976
490418
133370
253
1104
240299
490351
25285
22547
327319
275800
276325
643
156771
291208
259907
277870
34027
81793
30496
46675
260925
379358
109600
155696
88364
399624
222228
379302
10
236211
4215
486264
298728
22264
28630
275841
41508
27383
43778
290251
197552
273379
34405
359831
261602
390957
10153
250030
87720
41562
122725
371623
192580
8137
285322
391967
347369
5142
29090
34871
277582
331051
5305
258893
30184
4266
100065
441799
64911
30016
29683
277464
258973
276305
20169
29847
271878
29145
6667
34779
3118
332855
101034
328206
29820
381231
28559
1514
220423
152890
389983
192706
29192
288630
1351
3874
21848
271744
343986
>un
290816
308628
471780
261491
442235
394565
247762
426232
394685
459266
465799
486253
439781
436122
473456
391834
29868
432117
6932
378999
319659
317559
466733
392472
383283
458230
428551
467043
472063
425861
471646
440925
486341
475027
184803
391785
394688
423042
484219
357757
391587
439809
361651
473440
422265
159754
26897
380651
353287
466779
446008
470147
391656
455819
451225
290771
129387
468637
486603
470305
442234
>part
>ku
135495
>uu
459268
>kn
17537
118
255858
268000
334810
3074
35911
210334
18832
294315
111928
371585
196220
212703
10407
271071
33764
260900
34329
29495
2969
2395
141936
220912
259716
381553
276504
482104
285797
29746
10182
291059
28659
18565
39700
12459
270681
425090
273170
331719
387835
226554
5831
139314
439927
312233
188432
18892
228930
279736
3065
28957
294951
271891
277779
319719
392646
167882
86607
202725
290447
482105
132208
260036
69044
33421
28688
279103
143817
28300
24131
123211
993
354115
425666
6952
30464
171304
284811
396863
278726
334766
245976
291758
2339
155896
44218
275563
392015
259121
8
98
25514
105182
260314
335968
390906
3555
29324
2785
59167
486309
277857
371997
490401
330496
271578
272336
267810
274926
237064
275526
35661
490261
24063
286394
474800
293263
426706
281741
1022
384918
295875
273836
27968
136648
2344
272974
387108
262059
23847
27107
379214
195451
212861
386752
218637
284592
247788
207052
2950
116418
249280
334313
241604
87773
356059
180052
490477
122399
22108
89987
29073
73608
442134
138471
100068
126534
282560
1260
180337
271784
252918
29476
87130
238034
459507
21950
206919
489700
147052
18626
3261
302175
154312
288324
787
246965
347525
490289
41593
1011
388529
284688
437031
6670
352258
258927
227183
425495
269993
297768
30057
356653
297977
271944
40546
46614
18875
306511
3794
293117
2136
168680
236868
474737
234700
22261
130148
30602
318567
222825
30118
33202
378964
386883
272551
2238
459265
34302
46449
277958
254820
37613
467207
28908
489698
154358
295438
425976
256509
28357
289653
25296
253542
28347
236123
396537
420865
195753
287795
197728
379733
490274
245897
290407
258170
44854
790
247335
193086
30234
86986
299073
10105
1182
28668
208477
441054
334680
24765
102627
17436
269815
217216
172720
23692
273403
251593
13694
273155
196475
20188
46014
21874
24678
269474
32002
4011
4587
3465
265615
26147
175989
324242
276702
30021
71533
322432
25849
29702
62979
18962
289583
40
236443
10815
371631
22521
490293
21880
130
1465
268922
24397
330487
473239
7726
22147
292107
129746
259021
425
28203
482118
389248
27387
301585
249586
131150
269188
271222
389579
266972
274146
325827
40655
180063
159684
258670
31259
439649
275910
358714
246688
291554
239814
289402
295124
297482
293819
21162
413275
426670
9244
125770
306789
188734
207432
19133
150701
3131
258846
285351
29442
393247
255066
1318
9806
27548
12967
311948
4965
39088
273082
288183
245027
273804
957
137268
35796
232728
622
87611
338021
442231
4237
275654
25632
29128
33935
22480
30085
293599
248637
440165
36697
490243
276618
246200
285993
198264
33118
148039
360075
66264
3488
252080
103655
289106
489651
363404
280199
206934
27259
489647
229107
29845
246018
121265
6095
22266
160079
246550
249695
22845
218233
29709
284649
485793
212813
108054
196544
268548
482358
426344
253771
199964
21687
279898
251199
289662
289456
12481
390409
28013
434054
29432
383235
330113
279690
416924
389787
8766
283283
250359
3979
268104
10265
139675
475573
274237
83981
260791
470599
101316
326089
32826
331565
280083
236114
490372
21184
30038
42234
154570
4479
28839
158264
260737
25504
28128
4538
334867
159945
220946
181933
16775
475704
277409
41803
291214
390347
196581
206054
334031
1393
62521
298
392667
297372
233799
216528
331389
272251
391476
334775
165979
299062
276336
165735
24350
220328
100665
250552
30013
23267
28683
396184
289706
204831
327442
157770
29924
209750
490347
259614
221298
2756
209041
28449
69013
386902
29203
275555
102136
260256
425295
28327
286892
210403
3981
22216
303924
33184
489723
80509
41903
186610
296976
25366
490418
133370
1104
253
240299
490351
25285
275800
327319
276325
156771
291208
259907
277870
34027
81793
46675
260925
109600
155696
399624
88364
222228
10
236211
486264
4215
298728
22264
28630
275841
27383
41508
290251
273379
197552
34405
359831
261602
390957
10153
250030
41562
87720
122725
8137
192580
5142
29090
34871
277582
331051
258893
30184
100065
4266
30016
64911
277464
258973
20169
276305
271878
29145
29847
6667
3118
34779
332855
101034
29820
328206
381231
28559
220423
1514
389983
152890
192706
29192
1351
21848
271744
343986
>un
290816
308628
261491
442235
394565
394685
465799
459266
486253
439781
436122
473456
391834
29868
432117
6932
317559
466733
458230
383283
428551
467043
425861
440925
475027
184803
394688
357757
391587
439809
473440
26897
380651
353287
470147
455819
129387
468637
486603
442234
>part
>ku
>uu
>kn
29182
2180
16775
136093
391007
24042
347009
261620
28549
43831
298
26730
29633
276856
6065
12951
326799
27406
244536
7247
103568
9244
335460
431327
247837
275434
259795
291917
261329
248172
13705
28376
3974
371846
3229
268347
371603
288179
474441
174256
45141
286598
251621
358633
224233
251794
26614
260256
240438
341719
1090
296915
30085
234769
21795
486278
337038
297512
285993
2945
185453
177991
17708
458088
681
343110
390865
297096
289106
22547
276325
333406
643
16898
261842
33796
30066
275191
30496
21662
359442
458138
379358
30435
25997
23869
379302
379272
12965
431334
3746
162811
43778
334861
172720
288212
296566
250030
371623
285322
19804
391967
445088
347369
227704
29090
19187
3152
38235
377046
21938
295246
5305
788
10474
379011
441799
29683
260530
2065
347643
296100
29145
180458
308452
490307
27293
220821
21529
288630
1260
3874
238817
24169
276293
439801
236553
100113
323386
>un
466779
446008
486341
391656
391785
471780
423042
484219
247762
426232
378999
319659
290771
451225
361651
392472
422265
470305
472063
159754
471646
