>id 1234|Hs|cgap||bulk|mammary gland|neoplasia|normalized|tissue
>part
>ku
>uu
581217
144312
720995
600268
687338
600589
664324
663598
601327
87128
548128
539354
112825
663822
600069
541593
541113
534185
600352
538526
540251
602570
600041
600289
663858
167218
600276
600343
587594
730994
663304
666479
634345
663876
687553
205433
663729
133890
564643
602694
600341
663168
687217
515372
600596
600671
600317
730945
222221
663303
600283
514903
134565
733506
634962
447853
663746
634453
666611
634438
602604
600370
663595
577270
666599
8257
159918
600348
540143
483104
663174
634451
687587
130553
690281
155956
652605
565380
666476
135718
663689
634428
600417
663600
729568
563990
663138
666594
734074
562301
133889
199739
649074
563177
663859
600416
512199
721023
163781
>kn
436500
160550
669775
654527
249718
589862
133337
585209
144309
9333
292579
336810
439481
189780
256278
16355
731450
47338
525549
279784
706355
504877
532851
12439
16622
654513
288773
203717
238990
520182
736871
743376
252820
64173
432413
258855
374950
731854
158497
445758
58488
494261
431279
130098
75812
701991
31856
631630
474935
713956
605153
580300
82793
523680
133135
201858
301853
712658
740364
422986
498892
47517
403933
640836
492121
523789
446429
527061
408427
469473
522665
531856
513851
546419
253726
83753
517815
8008
408324
524648
610717
20716
369921
5443
518355
433419
687692
53454
5324
409140
377830
740519
494691
33476
726537
440900
592145
33642
534527
495511
514505
546256
471779
592689
518236
171057
503597
499158
436913
156727
474053
526432
519162
654744
433445
711490
514051
732677
434044
3100
75799
136947
654790
584809
631814
580681
731574
389378
190722
497349
529959
29288
530024
132359
278573
530096
344400
731513
731828
489873
728799
598836
743421
743291
488307
741382
248267
134296
632717
444767
277533
363138
494173
509499
307043
435815
575357
169900
270244
558799
632873
234149
270621
655095
69293
458358
531614
369056
35947
268874
720388
433701
497893
534307
134650
743296
11615
187393
471441
370504
448572
710246
82502
598850
54457
495851
564188
555956
729440
430075
472330
443914
446671
505824
557550
124942
658046
732060
407966
473152
520794
503692
528634
743241
434996
145469
369670
377894
235368
478125
507681
460789
531330
740398
58373
468442
191219
13781
655168
6874
502208
645792
506861
365286
80552
181326
654952
269577
434386
314543
59889
239718
222510
109731
71941
172753
514196
713579
719132
515785
82548
12109
472285
372378
12229
475733
11916
284292
438862
516087
519568
502875
81848
471452
3903
76111
500721
23650
368160
1908
104879
489040
473894
524762
319481
497873
361041
66762
387755
15825
648744
63290
250758
534575
586423
89545
652114
530402
591671
516933
481704
20685
720603
654444
515610
282089
356285
105465
741304
31074
486401
77961
311363
639609
22546
94949
580427
520341
352642
126221
373606
743229
380953
433180
459106
73986
75064
222055
436803
438723
626544
593268
720061
35086
731537
522729
255230
19121
224843
40479
511915
164960
87385
512464
200668
27018
131903
79625
509780
644306
518921
91579
183713
709539
414579
129206
112728
7910
446275
482043
439620
110571
22242
293077
655373
202676
472475
525084
81892
278362
119815
462392
476179
504609
381134
420272
130836
405479
74137
474751
495656
486507
521056
646346
512776
415342
12102
351461
516505
356624
440049
368783
520063
534074
421340
204041
647334
5258
4253
284630
136778
655123
292882
255093
595072
368554
155342
524134
472564
488240
239154
504115
331431
438409
518138
587054
282050
191582
647399
546291
516160
657312
439060
632483
298382
409911
655067
517586
200227
443490
13495
518609
708393
656685
54925
147674
250905
55781
508644
369520
407368
514535
441783
529023
100874
515081
123450
606320
743281
191539
371597
536122
112981
561815
530291
44298
532768
121520
369606
465985
518827
58471
30792
424932
743261
370510
516032
528803
555866
488171
696074
173094
82794
287518
521903
301419
8867
524293
96513
21899
459652
743287
172613
505136
647082
517265
145386
531081
574492
654463
380897
626404
403790
71040
8546
431048
424484
37982
438336
434253
447530
479677
370221
528780
467662
926
78619
529571
151777
643544
559426
594351
743298
654965
109520
153768
268326
524630
485365
117060
329502
12420
145284
128056
374556
743442
636480
513856
656137
368610
482497
513457
47061
515155
150444
54673
743266
59106
460238
530331
77269
173162
370895
106070
172847
170019
507348
591731
498143
467960
567525
496587
81328
147433
493739
323833
77254
254042
654514
520636
154073
159628
520133
502769
476448
174050
148078
239631
632273
522823
140443
546434
288761
61265
54403
505802
467862
28914
348012
24557
446149
652183
75262
338207
111099
511605
12707
498028
10326
302738
5308
461925
434102
595983
445168
467701
654634
436564
743297
632535
646364
546239
655012
243596
193557
502461
3459
657370
155983
449585
1239
414565
513803
162877
334832
743234
500674
409223
632314
405662
7962
435661
297343
372265
149098
376617
656515
127249
288772
77498
477879
77810
175473
730768
5245
252457
211594
440414
311190
91448
656905
103291
494419
516807
653186
726187
497599
511801
440382
528631
524430
438720
316890
503178
372914
515500
446260
503239
9043
436405
377705
278569
482660
181444
259594
110695
647421
9196
506759
465224
509264
514802
143288
517419
75798
731528
412186
22347
75841
631596
743563
632232
18946
200600
724025
444569
404119
97616
546286
656901
75514
666439
19872
368376
497487
511668
319171
421608
731811
470174
49658
654907
166120
654848
301394
44017
15738
596014
523215
547009
656294
484188
632199
369422
517436
634632
262857
571841
36859
1437
534221
292949
590872
378996
445351
187646
644610
592292
246413
192221
117715
466044
478067
369397
481571
503368
4997
523468
403917
660066
647120
129798
301756
70312
463506
182625
515469
53066
499833
660541
407995
158529
355307
109225
555996
226390
508716
107153
720849
534360
529117
546467
475392
295917
480073
535731
530943
445080
93574
437388
522928
49427
433951
706105
116014
534383
247478
223141
90280
108957
522114
502836
325531
115329
614517
712555
524308
275243
743362
485246
534613
12084
163867
114062
170673
119298
530899
29665
533683
653349
470417
334
655325
505154
720448
435326
435735
90093
463129
18166
225356
121676
81934
389107
432690
731863
525600
284295
524280
514819
461786
209979
105779
460924
303669
102914
461253
474069
286194
368525
10136
501280
43213
10842
2962
411138
741234
472165
598297
144949
75307
77500
525196
655210
151641
13351
171061
76152
269988
440932
522817
46452
513984
433702
435759
444292
591901
535257
604001
234896
513316
473341
481202
653495
529551
321541
380233
503284
30011
74564
54680
249184
91586
726215
522789
368971
712676
9825
728802
517134
176503
472831
523446
512676
516711
3254
509637
517293
655392
528222
525626
480815
483454
487648
533336
274416
282410
528836
654968
106730
500483
54973
76753
52788
425125
533543
721946
318529
135471
488189
439760
57687
432329
492599
201253
121025
584801
529782
533723
5009
159448
419463
369607
645009
729356
288232
528320
650174
129598
102928
496487
524530
438678
5199
368255
413074
523822
55028
294041
533732
387995
180062
363396
367854
657750
518602
280342
55016
520048
389700
624002
133183
2420
534404
492925
118351
655285
301412
642817
730881
476319
124696
444600
47062
508266
701892
159118
533139
335614
26612
157031
695681
726290
6147
613729
285197
730693
591014
657403
487062
194408
720208
529735
484500
484813
516105
521924
560655
8752
187269
741324
27222
401388
591569
524390
181159
520073
586261
169047
415067
190334
730674
109760
524828
441072
591003
474095
143250
6551
509067
534450
237825
436944
59486
172928
128065
486835
129227
535972
475812
459632
522401
500598
558396
330073
647078
458216
8904
101014
492612
533934
437403
591496
512675
513296
23582
531987
233240
31240
524014
425144
160562
524183
313847
501252
470907
300816
732095
571874
467210
381099
524219
356502
66196
492427
743408
102406
513053
76090
533444
43728
472558
431850
429180
561412
405913
593351
533308
532491
520943
532835
380857
162989
91521
530735
472270
477789
193832
512235
439463
524760
136348
105379
730597
473231
513617
497581
534350
73722
378821
445827
146806
534309
631636
137674
585011
119598
593995
73793
296031
369574
370927
287411
1274
741581
350927
2210
368353
592510
490394
646645
647051
62771
523370
446083
485233
473937
36587
299002
396358
706674
509451
527412
264
486031
434232
91566
136905
105956
654568
480819
372208
89499
465818
647036
534465
741263
397153
479756
654863
212102
86337
230601
433863
503251
700027
659125
731615
106212
371282
128055
534540
78771
249591
503709
651219
31498
81424
302435
522257
525629
74576
632865
716915
592130
167741
522057
500066
555902
632486
103147
326586
397609
591588
370024
432491
408909
706808
461047
722052
413297
477015
194686
133469
591133
386567
706124
502867
471014
413812
505516
544577
513043
491695
390567
440599
118076
399810
594338
368084
654649
237658
696283
80976
656395
731317
504895
511703
654980
529303
512382
591692
647116
740389
130692
399800
556077
632465
532803
515018
534342
118354
75093
78019
740473
374596
26899
648394
659104
40966
377257
78354
443831
9534
162200
523443
178551
255935
58663
150406
91612
499000
514581
286192
545950
268849
292549
658566
513430
644231
272822
741277
89603
523744
655131
13528
719890
24119
518513
374485
44817
495984
709327
654671
525622
442138
193268
656074
495417
449909
208081
444277
170422
516220
368982
497492
468125
26268
302346
237886
270525
183994
632267
653173
743368
662634
3745
461727
58831
108332
558314
479119
655643
632254
728829
591384
370410
707916
268530
604479
463439
515704
9754
74368
535486
559353
169474
352768
591151
269836
46423
555966
370666
592053
713729
77578
499960
132868
157160
412370
335239
99141
126357
443072
106880
181163
523145
437043
74647
271695
163645
130438
78518
634120
437083
487498
129895
7471
461086
30954
397010
486360
258551
19673
513987
635072
356719
533122
515154
189781
655520
306291
279881
500775
743244
531106
527021
494622
528300
743231
533782
354056
71787
380801
743227
522507
632586
530730
421509
434951
98594
431307
325960
513267
235750
301404
491494
654570
584242
433529
301658
403972
412842
732105
337730
369728
375957
743361
134885
435103
404183
9613
406861
414407
22824
371001
8715
75066
432699
524910
530463
460499
356460
464416
397978
528007
516157
76364
709878
504517
183684
719951
433750
257761
534333
279915
438454
421750
435535
631549
507866
494146
472737
726012
257970
431668
496843
406423
334587
587663
346868
604116
656865
84
525163
406530
94300
504765
258429
433427
8015
356549
567571
463421
632918
512898
437385
523841
477273
523004
515210
77274
654352
523855
496622
524094
489922
279652
431109
515329
401903
179565
301613
69855
654422
463375
79101
433300
405880
382044
407983
500156
497520
547172
117929
45107
733835
535769
654978
238839
195464
477481
339453
460
507433
200100
632721
9999
588815
731827
7744
370312
603040
98910
474787
111801
356366
510172
654660
356331
146688
127126
632377
696735
153752
582627
656803
514468
655215
533566
16426
26023
648635
266728
156346
519320
546288
602571
182885
479384
533549
1407
522736
507680
475896
182255
522632
741420
301921
5710
293970
596572
445893
517216
209983
191842
627962
165736
721234
632447
213642
432996
518249
155651
530823
528385
119591
522885
221847
490415
365405
567488
515487
406475
283378
326035
235795
414332
728983
418233
410817
531371
535192
103106
406013
523560
7644
332197
369123
187946
729762
171626
701324
27693
518119
291533
492555
27160
8859
591680
417962
467807
494337
418175
125898
127403
34576
474018
731383
485060
130036
406520
150837
558403
292804
337766
75348
14248
521124
125867
502773
352341
438227
6314
381061
487471
167535
133916
463295
408903
476432
78466
632089
44693
164226
89864
503594
477346
8562
484195
656473
433307
743409
475945
743328
281564
491912
547257
643951
147563
247186
485628
514050
473583
728814
592566
247700
157101
132483
420269
173894
283739
195364
289123
513266
405942
469175
284217
409834
103183
258798
731853
528050
743285
632466
535319
643683
368433
631580
593679
458414
500409
546407
131673
75139
743253
506784
554762
444118
502314
515003
277677
101174
460978
472101
515598
23413
597755
446689
435981
323489
467751
2556
481720
82045
712767
442782
204619
5613
743339
372541
128420
84549
130988
334603
118820
18426
381220
506415
551713
374257
50098
437594
656205
534582
521151
522572
252229
175043
653163
509791
388236
522819
102696
531962
109052
6906
475125
436439
408073
708190
522639
709581
492751
108969
443081
514276
188606
501289
256301
714548
444986
163451
632296
387208
538286
481545
554829
631573
648612
272499
483494
131226
655277
192326
656723
466937
7626
636452
525232
512610
171825
188746
172587
82890
466871
234898
119251
380133
632515
502659
518460
517820
180946
208124
390623
274402
182698
533282
471207
2128
529244
156369
28249
440534
432132
282700
292493
183428
521934
433670
136247
529862
76686
412468
5268
1211
181244
517357
25829
474643
593382
487393
1735
3989
406277
655320
720672
418198
720220
131306
654836
466945
388347
458499
743332
466148
445999
276770
410455
495755
495039
632191
414099
596726
226755
26837
191346
720708
180878
20013
418093
189772
409034
517262
515879
614787
498548
567342
600825
521800
525251
743352
654636
655179
11125
530902
351445
444451
558296
308171
515082
631725
432914
249996
713334
603657
591944
131151
166924
436062
279806
484950
351335
527971
699247
492516
502876
77978
108104
240770
43812
207106
522373
707712
529857
12107
501853
656547
461819
56
284284
632177
438863
472566
337295
732435
16606
654475
54277
520313
111024
514211
441550
368853
647409
409230
534255
741156
467097
408061
371856
297413
526902
474584
4
516671
217484
661035
512599
524947
515634
67776
200051
518475
445403
731398
432453
170568
516802
567438
597057
405156
154654
97244
663128
655445
158304
727580
479766
632339
95577
282326
406557
170131
144447
16349
515415
397638
494705
145575
300141
333823
727283
463483
298654
213198
356766
191734
150580
487200
517461
743370
592237
505687
496068
155218
712617
494406
435755
525462
699841
202011
180312
534641
408018
211511
143187
514821
516543
382212
26506
592087
376933
432862
605445
497332
524399
135997
26225
100058
372616
535577
512815
666511
521954
115474
180142
367842
124147
202354
593075
439991
171342
621200
76224
436383
270291
288284
529172
494529
489142
529439
79299
515876
77768
1197
50308
590956
201446
15591
459759
632237
132989
503093
56145
468410
434081
272259
528826
524250
523761
487027
77367
13024
388813
561514
318547
489190
251699
432560
567453
46700
604915
105887
460336
533624
22111
12013
379186
236774
729090
79081
68257
181300
271742
603766
741681
307734
513885
23133
2853
274772
117167
7101
333418
406395
548187
652390
524138
73527
131851
1063
441378
730678
612151
474705
39925
285671
365207
370408
482573
436446
442344
85539
194754
443258
55847
411641
9661
507584
527105
516707
212838
515515
384598
90073
35052
523329
446336
406392
708268
557097
116459
498569
444279
524234
743509
516341
592224
282177
306791
85658
516837
355643
26703
421907
488143
504315
735127
3416
418450
515542
75724
720177
353013
308122
231850
568006
99472
437755
655519
291196
172445
250493
515369
11776
458313
477128
22157
405619
408312
280130
740502
655652
517553
71465
632554
706960
524368
25691
481526
691948
502989
386189
433381
631566
433068
6347
534562
719189
327527
285354
632403
463642
647060
494496
731377
134623
515840
420036
728777
471873
19025
511138
650382
513058
491351
644125
477028
2006
355820
406515
140903
716666
185172
125213
13880
732155
437008
446021
591797
202
657926
18442
160565
356190
632555
20158
376064
513242
5836
460317
714231
433668
369761
118552
284286
505676
472024
150107
513463
645504
475963
477959
725151
720269
65234
433291
6891
28020
528305
534052
152173
412482
470477
179522
719925
270437
153177
440219
584909
146161
523360
42644
152717
436975
524216
379785
479747
446641
741474
435290
444724
163893
334772
370267
433439
731774
180877
523221
517670
731375
534770
461113
592123
483444
50732
740360
151536
708182
250581
517148
534456
436102
44024
632258
740577
585931
421245
42572
418192
100691
131489
432755
479911
477325
130031
651512
445892
714400
535711
597434
532968
276878
356440
409368
484227
119889
513343
591992
660143
42215
612096
75061
406534
501293
103755
647117
705323
73875
4900
444950
144912
221127
808
513490
516075
509545
371107
416049
190520
514435
714127
729172
643436
64691
647371
517864
148559
82961
386168
485527
29276
443031
445489
279640
458310
499839
486502
520967
324844
654958
731966
247077
821
169358
434241
362817
173724
720023
323396
485139
128316
108408
591374
653135
657018
30345
466917
632456
642715
444314
143873
515474
351413
434900
636359
633601
527980
13349
594250
97837
655602
546283
592289
647086
555927
370581
653288
515255
653013
8033
503911
491148
286221
330384
369488
144114
494312
591582
379754
410026
523710
150423
519909
98170
128676
644906
654439
279704
515005
434993
94695
407991
517601
5662
513268
533437
615131
250899
368934
7636
156367
374067
591768
174312
485205
382202
653859
443636
12813
310545
478469
515517
655105
503043
272011
730799
8578
535820
459790
9597
170944
26135
470627
705699
525063
443976
102267
436329
439152
577281
466875
590982
61441
4866
523185
295563
105818
465323
741171
631567
472038
435952
177576
537458
106511
221497
481542
466039
471096
502528
516450
371078
410406
417795
596982
731743
249441
193491
128702
6232
75117
706662
197320
63489
465521
515053
238303
120
374973
356545
495219
459211
183706
653287
521487
464472
82927
654815
120949
87752
593171
5086
137510
515162
29874
446315
381204
374650
57813
192131
432984
604110
155995
644105
508479
166539
381222
703523
150136
525752
709545
531642
741230
732385
54483
498187
353181
500724
502511
44402
433203
558463
58974
520102
549751
21577
166011
715543
407926
531789
25348
439381
444851
494614
705692
459265
187058
655369
160556
31387
631856
161276
643566
743272
24587
741180
352962
17686
18788
466154
334713
195642
199625
709066
144835
512636
129673
484324
81907
656600
647011
16441
348609
470259
531064
532786
25292
497183
517307
727986
647450
519818
502705
546271
628599
282901
153850
594331
247280
656799
171426
501928
713636
477547
350265
133892
514870
558601
590870
720344
277624
134688
200063
591729
520070
134665
602015
632469
79335
179260
433722
440848
726435
709356
643658
524571
733403
371642
473087
26593
645427
656683
390736
465475
408257
514323
309090
79322
105606
513726
129867
584908
90061
741204
655248
520136
475663
502244
450230
487296
63128
702907
396740
532359
532626
523852
505662
435655
111779
499205
2430
445574
251531
227729
510402
309288
518265
560727
435369
274959
377416
288215
98041
289019
97013
743379
281004
743390
518403
55682
584996
534312
205326
424126
731888
743452
370834
449296
625725
26010
388654
286261
481022
513491
518267
508545
658676
20142
522506
646734
731127
635350
442180
500897
416735
177530
731393
348112
743446
491354
213389
265174
418062
532399
446588
591633
520494
660757
99196
497159
524464
465498
594708
300624
462316
654773
155396
458487
58324
743239
436181
435621
699301
474213
436743
173679
124156
515550
484363
726053
652690
530734
118003
500761
270869
529618
105399
657067
520037
115088
655346
432822
529272
317190
743230
352839
432387
465784
654740
8739
112058
224607
81337
753
171182
520898
139120
305985
316750
695185
122006
480653
643005
429608
168950
243994
335413
233952
656
405614
647023
435811
743307
391464
522109
509736
362728
743262
474436
255973
61430
643610
25130
728759
9383
76095
210995
511899
130774
65366
518299
248785
134084
433337
122346
592304
743418
15929
524920
145726
516646
516297
655450
435295
519557
509622
34851
327631
535734
187763
529438
23960
632592
464336
74405
651925
425091
411480
433062
515260
511425
303609
440833
462983
302963
632833
132257
522684
294005
492407
632379
42806
437338
118666
268551
369052
120844
190968
501376
463759
741177
133089
93675
634143
298716
518530
529053
523262
647355
741411
350268
162807
159556
516978
654552
476308
593159
525091
163924
510635
534847
348921
301685
205163
462492
495349
220864
418668
658713
66170
3887
369438
232194
355162
705517
368282
645028
627744
131674
68714
632481
465627
241564
75813
591069
584900
376675
531111
412586
490203
515122
292026
430849
77422
386390
232165
288940
94234
729533
713641
80343
443625
731388
591242
465295
189716
482873
6764
461117
210283
489284
445803
388004
130917
474185
517338
618145
602900
321231
275675
405925
370937
62314
584851
643910
632200
1424
87295
518727
595553
732570
182982
654657
409934
167451
380291
592011
80296
181046
271643
371344
31439
24485
91283
642042
655623
15536
731413
25524
648111
371350
497741
381189
458377
414028
740377
224008
32374
459779
732259
165195
584881
515417
590970
567582
515242
440898
436034
463936
546285
555917
591502
271510
590937
389457
173464
744
471040
595333
743372
389649
528703
465337
347270
534338
118725
438429
262823
179986
403253
124027
661254
279257
443330
517937
722657
202097
416998
496459
647822
298312
108112
445981
20000
446427
364544
356061
6686
114412
436585
406461
90303
2780
435255
514465
584782
390443
471851
532082
503749
372331
743223
387671
654899
632264
466391
166556
138860
288034
477892
14745
525610
655205
525330
356630
532749
469030
55940
371720
98475
54941
356654
444776
631650
456557
618526
503787
444835
274329
44070
277721
15977
163484
293971
438236
503357
520094
485518
449609
24379
369068
518200
372003
343380
656980
202207
374446
78183
78944
593923
195471
386294
512963
292088
190559
520205
50649
584807
658575
743310
391561
631925
567968
240845
510847
26704
388739
715623
632144
44289
178011
62180
355581
90107
6651
643487
513779
9857
743263
596449
14468
179718
727344
499209
591095
631614
466929
388034
458360
277704
367690
554791
250429
59214
469244
351875
713698
436636
437191
498317
76244
524498
516155
541894
438991
400295
9527
502302
460217
581171
29464
268742
349283
488478
292078
118400
520140
15476
7122
557709
24301
112318
435126
654688
334612
515371
524009
603930
110675
143818
154104
519337
275775
109051
520973
517987
429879
506748
484242
75864
406096
20315
434886
151134
370555
20768
153310
567268
472213
730889
605388
390594
534384
639447
515139
729120
469022
162233
714302
80986
502915
361323
423935
239
478407
603093
120319
591166
714774
29190
514527
507910
225914
497575
654583
28491
353163
492618
436527
100686
85863
363492
15106
371889
715617
483924
501200
135406
535903
356578
313
533260
6917
172772
491745
609336
647075
520207
438289
355606
644633
273397
657032
534477
610830
270428
524741
531249
177275
299878
43627
460298
20521
443729
517622
130293
515271
643560
728878
654816
591715
617340
273330
440829
136309
279413
436093
567419
493819
159161
200716
192477
381123
528486
226117
180374
534373
591455
160786
533030
508848
200804
463278
533770
533474
400740
519884
525205
151761
718510
368823
458320
445570
600547
496279
440895
462998
83383
196176
274337
131570
532129
410977
83190
30570
489207
534293
111749
129261
473296
373947
12271
429819
34906
656466
565319
523463
190028
466693
24167
268726
514174
621695
188553
696684
159130
198853
706793
348308
171909
616962
284207
118110
522351
573143
490551
488827
368527
520612
371147
570355
654620
799
469543
567619
444356
513632
301963
381256
499953
632772
220971
654762
371698
339735
105940
743356
355899
440880
631742
50425
521212
500466
475150
654817
584845
380250
412117
729544
530314
660076
474010
661968
191213
111554
740452
731668
16059
6483
584985
279583
22616
654502
523299
304792
35101
594084
592262
280741
472471
89649
536663
126057
50889
175905
376206
515164
144725
197143
469060
77318
31474
654465
732244
518525
246310
490874
408846
535293
696087
650585
519075
524690
524899
404568
487774
190495
433222
37706
280781
9925
131555
499984
740619
310645
496255
326387
205144
128067
477287
372680
442798
437178
517145
10095
466165
560805
371674
70573
293660
119177
523309
592038
311640
731775
533040
529495
460184
460693
464210
155827
23581
90286
146180
436161
320823
530009
656765
466662
466987
517168
446091
440263
188634
443861
124490
514284
62275
321045
129563
356377
154320
370771
143751
631562
743232
647056
172550
271614
105323
460468
448588
211800
408355
485910
526521
78888
425311
743311
511386
567725
27239
652308
729204
504687
184233
288262
76704
474949
520525
519523
567779
269560
567482
435761
30141
202677
207538
456507
506603
259412
268787
475353
371021
88778
520348
491767
507087
335139
7158
732098
436445
270851
23248
197071
533712
631602
408927
114286
309641
162121
517070
740467
4055
142074
460923
129195
24598
188882
463456
652389
591122
534679
593187
165859
117853
444414
272062
332173
128690
369998
243564
741531
446574
555910
557780
396393
466775
590971
153863
467408
157527
30634
662152
464333
287362
654665
246112
22393
356572
257008
396178
180903
455493
518545
654869
594454
132499
9235
410889
413133
696497
478588
160958
710370
42151
95835
743243
436646
378103
23131
12152
596078
11355
267194
632326
515094
654400
706168
13662
578109
494186
523811
461647
534612
594444
432485
632161
351887
471933
227457
213061
408054
534330
304682
534457
14839
78601
138207
40763
151220
594504
76662
269128
143766
532610
481852
12144
461705
82116
93659
531550
740420
743301
643130
369297
542050
82963
715778
535464
524812
528834
189445
554594
499094
640726
731507
644033
458355
591867
139896
463569
298990
492445
9701
188456
407860
631844
283416
371914
241576
513867
304613
276252
702056
632709
440776
11314
4082
516076
728237
480876
720167
253603
656581
469331
283551
520640
65735
495471
448941
720197
407580
411125
335918
12082
516788
405590
462529
596461
595451
107382
476270
388927
301350
32826
5210
654699
468478
593413
489615
655259
371563
438587
502770
593974
390420
642877
380933
210367
17267
434953
310231
513633
42853
369017
596514
460960
506374
386470
37616
423968
87539
743280
743393
712563
301540
9194
500165
148677
502883
173859
459927
282113
83734
524195
502100
647068
171695
465885
65758
501012
50002
490347
367437
592317
408233
523424
420529
284208
290404
105584
441113
591212
534345
119387
485606
12677
238432
79402
353454
14333
274136
132660
460574
731932
374458
660996
87435
529609
592188
458917
654380
279819
97661
244595
479808
75914
519601
444947
503074
370247
528763
8372
287471
591874
561064
405144
535622
515536
520740
495230
459940
180909
292265
512465
508480
497684
511817
516090
237856
743257
131255
424312
210532
507290
506997
523836
118964
514496
440092
513315
16003
516746
376046
346736
>un
518326
716193
718514
708522
479728
600045
592734
158951
707162
727882
714430
461694
600189
720637
712906
657771
658636
547695
658434
547465
567846
731968
713582
575922
712829
713846
741390
444291
657290
597222
168677
600462
595524
5737
729494
346566
463382
664214
561654
551832
594648
623076
731589
197962
13291
53997
644782
418123
708209
694796
656713
519656
693776
658186
666979
731749
592974
733457
713833
78592
356604
661763
658564
735373
663301
43047
653798
595245
705959
22302
643960
716502
731992
464599
546250
653586
248049
740803
664319
223678
716096
667972
512015
250616
568105
665421
730937
657232
665058
662770
637253
7753
712931
643721
708457
522995
658368
714498
731914
663920
594905
611799
715921
721007
718708
664215
666700
743597
443527
658202
660907
713819
303727
560315
386476
646252
476706
593476
547600
707608
539714
663585
708443
733971
548018
640464
734930
664480
741656
726725
152460
713765
695067
710405
732081
729623
706044
535009
708287
666477
733463
571742
657535
471461
732336
129621
597604
648914
612332
663979
126714
743499
444809
734315
547367
560946
36927
116465
438623
712696
708292
595343
707244
633061
655887
657607
720350
715913
719336
699784
591807
586709
713889
521961
712678
713206
200412
602520
410773
129051
602608
710176
638142
664216
519520
654689
706927
656296
741682
411848
598333
741664
323878
514216
706888
662114
718709
23033
658076
713020
443239
595004
713638
658216
721551
664071
662625
736011
605502
705738
664070
387576
671161
660766
710455
567702
449945
714993
741352
444595
433010
144151
729536
661597
728955
594292
270570
506989
572030
663125
197922
164708
714301
593044
722329
708303
731742
667135
430755
731815
720460
634987
645244
733484
44532
107410
130239
661626
732568
720024
552087
655579
707178
728191
435404
448879
593491
712986
593435
600068
633996
693701
708414
741667
715719
713845
715062
700831
600042
663929
741205
720801
632997
694013
715965
632537
651507
436298
708259
558671
659259
660734
448912
545418
714487
666787
731644
29952
712903
594910
495410
434374
714620
659405
731943
743275
658982
514118
572393
658853
295923
667843
525899
665091
664492
743458
535075
731534
707223
597840
514368
731745
293796
713634
344812
714504
409726
697184
715233
592966
600021
733684
496631
573606
713078
728006
743550
741314
631793
712672
712919
657764
670361
643727
720458
707136
600185
727468
699389
731509
714913
658703
660504
733955
732616
568267
489045
707012
741007
596123
719719
732159
600350
606167
632112
655070
709751
485155
594931
118101
597594
603090
741454
528615
660933
740375
532236
743652
663725
721950
657019
729700
666526
13268
695621
633338
716672
641827
731974
715053
664056
672162
655865
708701
268887
624548
705873
492869
715270
99785
664212
633241
659553
551521
127274
731478
596743
156256
743599
481208
596027
712717
708630
632240
143408
600342
129636
724099
665057
743424
400432
663599
628957
710158
663124
351126
600282
446700
567917
591900
709037
602557
634444
129235
741752
476320
593793
659631
713027
602568
526948
663724
714977
586984
457744
449095
429581
715159
507978
721179
634685
741242
720717
709942
693867
726062
664213
494347
710172
607723
731532
729519
595539
587465
467411
598240
592599
709723
595302
585419
743382
592633
535901
129244
654974
658392
696702
666512
657748
733406
573448
715338
386793
598410
632900
699340
665573
666668
486304
709696
719698
658583
715732
>part
>ku
>uu
581217
144312
720995
600268
687338
600589
664324
663598
601327
87128
548128
539354
112825
663822
600069
541593
541113
534185
600352
538526
540251
602570
600041
600289
663858
167218
600276
600343
587594
730994
663304
666479
634345
663876
687553
205433
663729
133890
564643
602694
600341
663168
687217
515372
600596
600671
600317
730945
222221
663303
600283
514903
134565
733506
634962
447853
663746
634453
666611
634438
602604
600370
663595
577270
666599
8257
159918
600348
540143
483104
663174
634451
687587
130553
690281
155956
652605
565380
666476
135718
663689
634428
600417
663600
729568
563990
663138
666594
734074
562301
133889
199739
649074
563177
663859
600416
512199
721023
163781
>kn
160550
436500
669775
654527
249718
589862
133337
585209
144309
9333
292579
336810
439481
189780
256278
16355
731450
47338
525549
279784
706355
504877
532851
12439
16622
654513
288773
203717
238990
520182
736871
743376
252820
64173
432413
258855
374950
731854
158497
445758
58488
494261
431279
130098
75812
701991
31856
631630
474935
713956
605153
580300
82793
523680
133135
201858
301853
712658
740364
422986
498892
47517
403933
640836
492121
523789
446429
527061
408427
469473
522665
531856
513851
546419
253726
83753
517815
8008
408324
524648
610717
20716
369921
5443
518355
433419
687692
53454
5324
409140
377830
740519
494691
33476
726537
440900
592145
33642
534527
495511
514505
546256
471779
592689
518236
171057
503597
499158
436913
156727
474053
526432
519162
654744
433445
711490
514051
732677
434044
3100
75799
136947
654790
584809
631814
580681
731574
389378
190722
497349
529959
29288
530024
132359
278573
530096
344400
731513
731828
489873
728799
598836
743421
743291
488307
741382
248267
134296
632717
444767
277533
363138
494173
509499
307043
435815
575357
169900
270244
558799
632873
234149
270621
655095
69293
458358
531614
369056
35947
268874
720388
433701
497893
534307
134650
743296
11615
187393
471441
370504
448572
710246
82502
598850
54457
495851
564188
555956
729440
430075
472330
443914
446671
505824
557550
124942
658046
732060
407966
473152
520794
503692
528634
743241
434996
145469
369670
377894
235368
478125
507681
460789
531330
740398
58373
468442
191219
13781
655168
6874
502208
645792
506861
365286
80552
181326
654952
269577
434386
314543
59889
239718
222510
109731
71941
172753
514196
713579
719132
515785
82548
12109
472285
372378
12229
475733
11916
284292
438862
516087
519568
502875
81848
471452
3903
76111
500721
23650
368160
1908
104879
489040
473894
524762
319481
497873
361041
66762
387755
15825
648744
63290
250758
534575
586423
89545
652114
530402
591671
516933
481704
20685
720603
654444
515610
282089
356285
105465
741304
31074
486401
77961
311363
639609
22546
94949
580427
520341
352642
126221
373606
743229
380953
433180
459106
73986
75064
222055
436803
438723
626544
593268
720061
35086
731537
522729
255230
19121
224843
40479
511915
164960
87385
512464
200668
27018
131903
79625
509780
644306
518921
91579
183713
709539
414579
129206
112728
7910
446275
482043
439620
110571
22242
293077
655373
202676
472475
525084
81892
278362
119815
462392
476179
504609
381134
420272
130836
405479
74137
474751
495656
486507
521056
646346
512776
415342
12102
351461
516505
356624
440049
368783
520063
534074
421340
204041
647334
5258
4253
284630
136778
655123
292882
255093
595072
368554
155342
524134
472564
488240
239154
504115
331431
438409
518138
587054
282050
191582
647399
546291
516160
657312
439060
632483
298382
409911
655067
517586
200227
443490
13495
518609
708393
656685
54925
147674
250905
55781
508644
369520
407368
514535
441783
529023
100874
515081
123450
606320
743281
191539
371597
536122
112981
561815
530291
44298
532768
121520
369606
465985
518827
58471
30792
424932
743261
370510
516032
528803
555866
488171
696074
173094
82794
287518
521903
301419
8867
524293
96513
21899
459652
743287
172613
505136
647082
517265
145386
531081
574492
654463
380897
626404
403790
71040
8546
431048
424484
37982
438336
434253
447530
479677
370221
528780
467662
926
78619
529571
151777
643544
559426
594351
743298
654965
109520
153768
268326
524630
485365
117060
329502
12420
145284
128056
374556
743442
636480
513856
656137
368610
482497
513457
47061
515155
150444
54673
743266
59106
460238
530331
77269
173162
370895
106070
172847
170019
507348
591731
498143
467960
567525
496587
81328
147433
493739
323833
77254
254042
654514
520636
154073
159628
520133
502769
476448
174050
148078
239631
632273
522823
140443
546434
288761
61265
54403
505802
467862
28914
348012
24557
446149
652183
75262
338207
111099
511605
12707
498028
10326
302738
5308
461925
434102
595983
445168
467701
654634
436564
743297
632535
646364
546239
655012
243596
193557
502461
3459
657370
155983
449585
1239
414565
513803
162877
334832
743234
500674
409223
632314
405662
7962
435661
297343
372265
149098
376617
656515
127249
288772
77498
477879
77810
175473
730768
5245
252457
211594
440414
311190
91448
656905
103291
494419
516807
653186
726187
497599
511801
440382
528631
524430
438720
316890
503178
372914
515500
446260
503239
9043
436405
377705
278569
482660
181444
259594
110695
647421
9196
506759
465224
509264
514802
143288
517419
75798
731528
412186
22347
75841
631596
743563
632232
18946
200600
724025
444569
404119
97616
546286
656901
75514
666439
19872
368376
497487
511668
319171
421608
731811
470174
49658
654907
166120
654848
301394
44017
15738
596014
523215
547009
656294
484188
632199
369422
517436
634632
262857
571841
36859
1437
534221
292949
590872
378996
445351
187646
644610
592292
246413
192221
117715
466044
478067
369397
481571
503368
4997
523468
403917
660066
647120
129798
301756
70312
463506
182625
515469
53066
499833
660541
407995
158529
355307
109225
555996
226390
508716
107153
720849
534360
529117
546467
475392
295917
480073
535731
530943
445080
93574
437388
522928
49427
433951
706105
116014
534383
247478
223141
90280
108957
522114
502836
325531
115329
614517
712555
524308
275243
743362
485246
534613
12084
163867
114062
170673
119298
530899
29665
533683
653349
470417
334
655325
505154
720448
435326
435735
90093
463129
18166
225356
121676
81934
389107
432690
731863
525600
284295
524280
514819
461786
209979
105779
460924
303669
102914
461253
474069
286194
368525
10136
501280
43213
10842
2962
411138
741234
472165
598297
144949
75307
77500
525196
655210
151641
13351
171061
76152
269988
440932
522817
46452
513984
433702
435759
444292
591901
535257
604001
234896
513316
473341
481202
653495
529551
321541
380233
503284
30011
74564
54680
249184
91586
726215
522789
368971
712676
9825
728802
517134
176503
472831
523446
512676
516711
3254
509637
517293
655392
528222
525626
480815
483454
487648
533336
274416
282410
528836
654968
106730
500483
54973
76753
52788
425125
533543
721946
318529
135471
488189
439760
57687
432329
492599
201253
121025
584801
529782
533723
5009
159448
419463
369607
645009
729356
288232
528320
650174
129598
496487
102928
524530
438678
5199
368255
413074
523822
55028
294041
533732
180062
387995
363396
367854
518602
657750
280342
55016
520048
389700
133183
624002
2420
534404
492925
301412
655285
118351
730881
642817
476319
124696
444600
508266
47062
159118
701892
533139
335614
26612
157031
695681
726290
6147
613729
285197
730693
591014
657403
487062
194408
720208
529735
484500
484813
516105
521924
560655
8752
187269
741324
27222
401388
591569
524390
181159
520073
586261
169047
415067
190334
730674
109760
524828
441072
591003
474095
143250
6551
509067
534450
237825
436944
59486
172928
128065
486835
129227
535972
475812
459632
522401
500598
558396
330073
647078
458216
8904
101014
492612
533934
437403
591496
512675
513296
23582
531987
233240
31240
524014
425144
160562
524183
313847
501252
470907
300816
732095
571874
467210
381099
524219
356502
66196
492427
743408
102406
513053
76090
533444
43728
472558
431850
429180
561412
405913
593351
533308
532491
520943
532835
380857
162989
91521
530735
472270
477789
193832
512235
439463
524760
136348
105379
730597
473231
513617
497581
534350
73722
378821
445827
146806
534309
631636
137674
585011
119598
593995
73793
296031
369574
370927
287411
1274
741581
350927
2210
368353
592510
490394
646645
647051
62771
523370
446083
485233
473937
36587
299002
396358
706674
509451
527412
264
486031
434232
91566
136905
105956
654568
480819
372208
89499
465818
647036
534465
741263
397153
479756
654863
212102
86337
230601
433863
503251
700027
659125
731615
106212
371282
128055
534540
78771
249591
503709
651219
31498
81424
302435
522257
525629
74576
632865
716915
592130
167741
522057
500066
555902
632486
103147
326586
397609
591588
370024
432491
408909
706808
461047
722052
413297
477015
194686
133469
591133
386567
706124
502867
471014
413812
505516
544577
513043
491695
390567
440599
118076
399810
594338
368084
654649
237658
696283
80976
656395
731317
504895
511703
654980
529303
512382
591692
647116
740389
130692
399800
556077
632465
532803
515018
534342
118354
75093
78019
740473
374596
26899
648394
659104
40966
377257
78354
443831
9534
162200
523443
178551
255935
58663
150406
91612
499000
514581
286192
545950
268849
292549
658566
513430
644231
272822
741277
89603
523744
655131
13528
719890
24119
518513
374485
44817
495984
709327
654671
525622
442138
193268
656074
495417
449909
208081
444277
170422
516220
368982
497492
468125
26268
302346
237886
270525
183994
632267
653173
743368
662634
3745
461727
58831
108332
558314
479119
655643
632254
728829
591384
370410
707916
268530
604479
463439
515704
9754
74368
535486
559353
169474
352768
591151
269836
46423
555966
370666
592053
713729
77578
499960
132868
157160
412370
335239
99141
126357
443072
106880
181163
523145
437043
74647
271695
163645
130438
78518
634120
437083
487498
129895
7471
461086
30954
397010
486360
258551
19673
513987
635072
356719
533122
515154
189781
655520
306291
279881
500775
743244
531106
527021
494622
528300
743231
533782
354056
71787
380801
743227
522507
632586
530730
421509
434951
98594
431307
325960
513267
235750
301404
491494
654570
584242
433529
301658
403972
412842
732105
337730
369728
375957
743361
134885
435103
404183
9613
406861
414407
22824
371001
8715
75066
432699
524910
530463
460499
356460
464416
397978
528007
516157
76364
709878
504517
183684
719951
433750
257761
534333
279915
438454
421750
435535
631549
507866
494146
472737
726012
257970
431668
496843
406423
334587
587663
346868
604116
656865
84
525163
406530
94300
504765
258429
433427
8015
356549
567571
463421
632918
512898
437385
523841
477273
523004
515210
77274
654352
523855
496622
524094
489922
279652
431109
515329
401903
179565
301613
69855
654422
463375
79101
433300
405880
382044
407983
500156
497520
547172
117929
45107
733835
535769
654978
238839
195464
477481
339453
460
507433
200100
632721
9999
588815
731827
7744
370312
603040
98910
474787
111801
356366
510172
654660
356331
146688
127126
632377
696735
153752
582627
656803
514468
655215
533566
16426
26023
648635
266728
156346
519320
546288
602571
182885
479384
533549
1407
522736
507680
475896
182255
522632
741420
301921
5710
293970
596572
445893
517216
209983
191842
627962
165736
721234
632447
213642
432996
518249
155651
530823
528385
119591
522885
221847
490415
365405
567488
515487
406475
283378
326035
235795
414332
728983
418233
410817
531371
535192
103106
406013
523560
7644
332197
369123
187946
729762
171626
701324
27693
518119
291533
492555
27160
8859
591680
417962
467807
494337
418175
125898
127403
34576
474018
731383
485060
130036
406520
150837
558403
292804
337766
75348
14248
521124
125867
502773
352341
438227
6314
381061
487471
167535
133916
463295
408903
476432
78466
632089
44693
164226
89864
503594
477346
8562
484195
656473
433307
743409
475945
743328
281564
491912
547257
643951
147563
247186
485628
514050
473583
728814
592566
247700
157101
132483
420269
173894
283739
195364
289123
513266
405942
469175
284217
409834
103183
258798
731853
528050
743285
632466
535319
643683
368433
631580
593679
458414
500409
546407
131673
75139
743253
506784
554762
444118
502314
515003
277677
101174
460978
472101
515598
23413
597755
446689
435981
323489
467751
2556
481720
82045
712767
442782
204619
5613
743339
372541
128420
84549
130988
334603
118820
18426
381220
506415
551713
374257
50098
437594
656205
534582
521151
522572
252229
175043
653163
509791
388236
522819
102696
531962
109052
6906
475125
436439
408073
708190
522639
709581
492751
108969
443081
514276
188606
501289
256301
714548
444986
163451
632296
387208
538286
481545
554829
631573
648612
272499
483494
131226
655277
192326
656723
466937
7626
636452
525232
512610
171825
188746
172587
82890
466871
234898
119251
380133
632515
502659
518460
517820
180946
208124
390623
274402
182698
533282
471207
2128
529244
156369
28249
440534
432132
282700
292493
183428
521934
433670
136247
529862
76686
412468
5268
1211
181244
517357
25829
474643
593382
487393
1735
3989
406277
655320
720672
418198
720220
131306
654836
466945
388347
458499
743332
466148
445999
276770
410455
495755
495039
632191
414099
596726
226755
26837
191346
720708
180878
20013
418093
189772
409034
517262
515879
614787
498548
567342
600825
521800
525251
743352
654636
655179
11125
530902
351445
444451
308171
558296
515082
631725
249996
432914
713334
603657
591944
131151
436062
166924
279806
351335
484950
527971
699247
492516
502876
77978
108104
207106
43812
240770
522373
707712
529857
12107
501853
461819
656547
56
284284
632177
438863
472566
337295
732435
16606
54277
654475
520313
514211
111024
441550
368853
534255
409230
647409
741156
467097
408061
371856
297413
474584
526902
4
516671
217484
661035
512599
524947
515634
67776
200051
518475
445403
731398
432453
170568
516802
567438
597057
405156
154654
97244
663128
655445
158304
727580
479766
632339
95577
282326
406557
170131
144447
16349
515415
397638
494705
145575
300141
333823
727283
463483
298654
213198
356766
191734
150580
487200
517461
743370
592237
505687
496068
155218
712617
494406
435755
525462
699841
202011
180312
534641
408018
211511
143187
514821
516543
382212
26506
592087
376933
432862
605445
497332
524399
135997
26225
100058
372616
535577
512815
666511
521954
115474
180142
367842
124147
202354
593075
439991
171342
621200
76224
436383
270291
288284
529172
494529
489142
529439
79299
515876
77768
1197
50308
590956
201446
15591
459759
632237
132989
503093
56145
468410
434081
272259
528826
524250
523761
487027
77367
13024
388813
561514
318547
489190
251699
432560
567453
46700
604915
105887
460336
533624
22111
12013
379186
236774
729090
79081
68257
181300
271742
603766
741681
307734
513885
23133
2853
274772
117167
7101
333418
406395
548187
652390
524138
73527
131851
1063
441378
730678
612151
474705
39925
285671
365207
370408
482573
436446
442344
85539
194754
443258
55847
411641
9661
507584
527105
516707
212838
515515
384598
90073
35052
523329
446336
406392
708268
557097
116459
498569
444279
524234
743509
516341
592224
282177
306791
85658
516837
355643
26703
421907
488143
504315
735127
3416
418450
515542
75724
720177
353013
308122
231850
568006
99472
437755
655519
291196
172445
250493
515369
11776
458313
477128
22157
405619
408312
280130
740502
655652
517553
71465
632554
706960
524368
25691
481526
691948
502989
386189
433381
631566
433068
6347
534562
719189
327527
285354
632403
463642
647060
494496
731377
134623
515840
420036
728777
471873
19025
511138
650382
513058
491351
644125
477028
2006
355820
406515
140903
716666
185172
125213
13880
732155
437008
446021
591797
202
657926
18442
160565
356190
632555
20158
376064
513242
5836
460317
714231
433668
369761
118552
284286
505676
472024
150107
513463
645504
475963
477959
725151
720269
65234
433291
6891
28020
528305
534052
152173
412482
470477
179522
719925
270437
153177
440219
584909
146161
523360
42644
152717
436975
524216
379785
479747
446641
741474
435290
444724
163893
334772
370267
433439
731774
180877
523221
517670
731375
534770
461113
592123
483444
50732
740360
151536
708182
250581
517148
534456
436102
44024
632258
740577
585931
421245
42572
418192
100691
131489
432755
479911
477325
130031
651512
445892
714400
535711
597434
532968
276878
356440
409368
484227
119889
513343
591992
660143
42215
612096
75061
406534
501293
103755
647117
705323
73875
4900
444950
144912
221127
808
513490
516075
509545
371107
416049
190520
514435
714127
729172
643436
64691
647371
517864
148559
82961
386168
485527
29276
443031
445489
279640
458310
499839
486502
520967
324844
654958
731966
247077
821
169358
434241
362817
173724
720023
323396
485139
128316
108408
591374
653135
657018
30345
466917
632456
642715
444314
143873
515474
351413
434900
636359
633601
527980
13349
594250
97837
655602
546283
592289
647086
555927
370581
653288
515255
653013
8033
503911
491148
286221
330384
369488
144114
494312
591582
379754
410026
523710
150423
519909
98170
128676
644906
654439
279704
515005
434993
94695
407991
517601
5662
513268
533437
615131
250899
368934
7636
156367
374067
591768
174312
485205
382202
653859
443636
12813
310545
478469
515517
655105
503043
272011
730799
8578
535820
459790
9597
170944
26135
470627
705699
525063
443976
102267
436329
439152
577281
466875
590982
61441
4866
523185
295563
105818
465323
741171
631567
472038
435952
177576
537458
106511
221497
481542
466039
471096
502528
516450
371078
410406
417795
596982
731743
249441
193491
128702
6232
75117
706662
197320
63489
465521
515053
238303
120
374973
356545
495219
459211
183706
653287
521487
464472
82927
654815
120949
87752
593171
5086
137510
515162
29874
446315
381204
374650
57813
192131
432984
604110
155995
644105
508479
166539
381222
703523
150136
525752
709545
531642
741230
732385
54483
498187
353181
500724
502511
44402
433203
558463
58974
520102
549751
21577
166011
715543
407926
531789
25348
439381
444851
494614
705692
459265
187058
655369
160556
31387
631856
161276
643566
743272
24587
741180
352962
17686
18788
466154
334713
195642
199625
709066
144835
512636
129673
484324
81907
656600
647011
16441
348609
470259
531064
532786
25292
497183
517307
727986
647450
519818
502705
546271
628599
282901
153850
594331
247280
656799
171426
501928
713636
477547
350265
133892
514870
558601
590870
720344
277624
134688
200063
591729
520070
134665
602015
632469
79335
179260
433722
440848
726435
709356
643658
524571
733403
371642
473087
26593
645427
656683
390736
465475
408257
514323
309090
79322
105606
513726
129867
584908
90061
741204
655248
520136
475663
502244
450230
487296
63128
702907
396740
532359
532626
523852
505662
435655
111779
499205
2430
445574
251531
227729
510402
309288
518265
560727
435369
274959
377416
288215
98041
289019
97013
743379
281004
743390
518403
55682
584996
534312
205326
424126
731888
743452
370834
449296
625725
26010
388654
286261
481022
513491
518267
508545
658676
20142
522506
646734
731127
635350
442180
500897
416735
177530
731393
348112
743446
491354
213389
265174
418062
532399
446588
591633
520494
660757
99196
497159
524464
465498
594708
300624
462316
654773
155396
458487
58324
743239
436181
435621
699301
474213
436743
173679
124156
515550
484363
726053
652690
530734
118003
500761
270869
529618
105399
657067
520037
115088
655346
432822
529272
317190
743230
352839
432387
465784
654740
8739
112058
224607
81337
753
171182
520898
139120
305985
316750
695185
122006
480653
643005
429608
168950
243994
335413
233952
656
405614
647023
435811
743307
391464
522109
509736
362728
743262
474436
255973
61430
643610
25130
728759
9383
76095
210995
511899
130774
65366
518299
248785
134084
433337
122346
592304
743418
15929
524920
145726
516646
516297
655450
435295
519557
509622
34851
327631
535734
187763
529438
23960
632592
464336
74405
651925
425091
411480
433062
515260
511425
303609
440833
462983
302963
632833
132257
522684
294005
492407
632379
42806
437338
118666
268551
369052
120844
190968
501376
463759
741177
133089
93675
634143
298716
518530
529053
523262
647355
741411
350268
162807
159556
516978
654552
476308
593159
525091
163924
510635
534847
348921
301685
205163
462492
495349
220864
418668
658713
66170
3887
369438
232194
355162
705517
368282
645028
627744
131674
68714
632481
465627
241564
75813
591069
584900
376675
531111
412586
490203
515122
292026
430849
77422
386390
232165
288940
94234
729533
713641
80343
443625
731388
591242
465295
189716
482873
6764
461117
210283
489284
445803
388004
130917
474185
517338
618145
602900
321231
275675
405925
370937
62314
584851
643910
632200
1424
87295
518727
595553
732570
182982
654657
409934
167451
380291
592011
80296
181046
271643
371344
31439
24485
91283
642042
655623
15536
731413
25524
648111
371350
497741
381189
458377
414028
740377
224008
32374
459779
732259
165195
584881
515417
590970
567582
515242
440898
436034
463936
546285
555917
591502
271510
590937
389457
173464
744
471040
595333
743372
389649
528703
465337
347270
534338
118725
438429
262823
179986
403253
124027
661254
279257
443330
517937
722657
202097
416998
496459
647822
298312
108112
445981
20000
446427
364544
356061
6686
114412
436585
406461
90303
2780
435255
514465
584782
390443
471851
532082
503749
372331
743223
387671
654899
632264
466391
166556
138860
288034
477892
14745
525610
655205
525330
356630
532749
469030
55940
371720
98475
54941
356654
444776
631650
456557
618526
503787
444835
274329
44070
277721
15977
163484
293971
438236
503357
520094
485518
449609
24379
369068
518200
372003
343380
656980
202207
374446
78183
78944
593923
195471
386294
512963
292088
190559
520205
50649
584807
658575
743310
391561
631925
567968
240845
510847
26704
388739
715623
632144
44289
178011
62180
355581
90107
6651
643487
513779
9857
743263
596449
14468
179718
727344
499209
591095
631614
466929
388034
458360
277704
367690
554791
250429
59214
469244
351875
713698
436636
437191
498317
76244
524498
516155
541894
438991
400295
9527
502302
460217
581171
29464
268742
349283
488478
292078
118400
520140
15476
7122
557709
24301
112318
435126
654688
334612
515371
524009
603930
110675
143818
154104
519337
275775
109051
520973
517987
429879
506748
484242
75864
406096
20315
434886
151134
370555
20768
153310
567268
472213
730889
605388
390594
534384
639447
515139
729120
469022
162233
714302
80986
502915
361323
423935
239
478407
603093
120319
591166
714774
29190
514527
507910
225914
497575
654583
28491
353163
492618
436527
100686
85863
363492
15106
371889
715617
483924
501200
135406
535903
356578
313
533260
6917
172772
491745
609336
647075
520207
438289
355606
644633
273397
657032
534477
610830
270428
524741
531249
177275
299878
43627
460298
20521
443729
517622
130293
515271
643560
728878
654816
591715
617340
273330
440829
136309
279413
436093
567419
493819
159161
200716
192477
381123
528486
226117
180374
534373
591455
160786
533030
508848
200804
463278
533770
533474
400740
519884
525205
151761
718510
368823
458320
445570
600547
496279
440895
462998
83383
196176
274337
131570
532129
410977
83190
30570
489207
534293
111749
129261
473296
373947
12271
429819
34906
656466
565319
523463
190028
466693
24167
268726
514174
621695
188553
696684
159130
198853
706793
348308
171909
616962
284207
118110
522351
573143
490551
488827
368527
520612
371147
570355
654620
799
469543
567619
444356
513632
301963
381256
499953
632772
220971
654762
371698
339735
105940
743356
355899
440880
631742
50425
521212
500466
475150
654817
584845
380250
412117
729544
530314
660076
474010
661968
191213
111554
740452
731668
16059
6483
584985
279583
22616
654502
523299
304792
35101
594084
592262
280741
472471
89649
536663
126057
50889
175905
376206
515164
144725
197143
469060
77318
31474
654465
732244
518525
246310
490874
408846
535293
696087
650585
519075
524690
524899
404568
487774
190495
433222
37706
280781
9925
131555
499984
740619
310645
496255
326387
205144
128067
477287
372680
442798
437178
517145
10095
466165
560805
371674
70573
293660
119177
523309
592038
311640
731775
533040
529495
460184
460693
464210
155827
23581
90286
146180
436161
320823
530009
656765
466662
466987
517168
446091
440263
188634
443861
124490
514284
62275
321045
129563
356377
154320
370771
143751
631562
743232
647056
172550
271614
105323
460468
448588
211800
408355
485910
526521
78888
425311
743311
511386
567725
27239
652308
729204
504687
184233
288262
76704
474949
520525
519523
567779
269560
567482
435761
30141
202677
207538
456507
506603
259412
268787
475353
371021
88778
520348
491767
507087
335139
7158
732098
436445
270851
23248
197071
533712
631602
408927
114286
309641
162121
517070
740467
4055
142074
460923
129195
24598
188882
463456
652389
591122
534679
593187
165859
117853
444414
272062
332173
128690
369998
243564
741531
446574
555910
557780
396393
466775
590971
153863
467408
157527
30634
662152
464333
287362
654665
246112
22393
356572
257008
396178
180903
455493
518545
654869
594454
132499
9235
410889
413133
696497
478588
160958
710370
42151
95835
743243
436646
378103
23131
12152
596078
11355
267194
632326
515094
654400
706168
13662
578109
494186
523811
461647
534612
594444
432485
632161
351887
471933
227457
213061
408054
534330
304682
534457
14839
78601
138207
40763
151220
594504
76662
269128
143766
532610
481852
12144
461705
82116
93659
531550
740420
743301
643130
369297
542050
82963
715778
535464
524812
528834
189445
554594
499094
640726
731507
644033
458355
591867
139896
463569
298990
492445
9701
188456
407860
631844
283416
371914
241576
513867
304613
276252
702056
632709
440776
11314
4082
516076
728237
480876
720167
253603
656581
469331
283551
520640
65735
495471
448941
720197
407580
411125
335918
12082
516788
405590
462529
596461
595451
107382
476270
388927
301350
32826
5210
654699
468478
593413
489615
655259
371563
438587
502770
593974
390420
642877
380933
210367
17267
434953
310231
513633
42853
596514
369017
460960
506374
37616
386470
423968
87539
743280
743393
712563
301540
500165
9194
148677
502883
173859
459927
282113
83734
524195
502100
171695
647068
465885
65758
501012
50002
490347
367437
592317
408233
523424
420529
284208
441113
105584
290404
591212
534345
119387
485606
12677
238432
353454
79402
14333
132660
274136
460574
731932
374458
87435
660996
529609
592188
458917
654380
279819
97661
479808
244595
75914
519601
444947
503074
370247
528763
287471
8372
591874
405144
561064
535622
515536
520740
459940
495230
180909
292265
508480
512465
497684
511817
516090
237856
743257
131255
424312
210532
506997
507290
523836
514496
118964
440092
513315
16003
516746
346736
376046
>un
518326
716193
718514
708522
479728
600045
592734
158951
707162
727882
714430
461694
600189
720637
712906
657771
658636
547695
658434
547465
567846
731968
713582
575922
712829
713846
741390
444291
657290
597222
168677
600462
595524
5737
729494
346566
463382
664214
561654
551832
594648
623076
731589
197962
13291
53997
644782
418123
708209
694796
656713
519656
693776
658186
666979
731749
592974
733457
713833
78592
356604
661763
658564
735373
663301
43047
653798
595245
705959
22302
643960
716502
731992
464599
546250
653586
248049
740803
664319
223678
716096
667972
512015
250616
568105
665421
730937
657232
665058
662770
637253
7753
712931
643721
708457
522995
658368
714498
731914
663920
594905
611799
715921
721007
718708
664215
666700
743597
443527
658202
660907
713819
303727
560315
386476
646252
476706
593476
547600
707608
539714
663585
708443
733971
548018
640464
734930
664480
741656
726725
152460
713765
695067
710405
732081
729623
706044
535009
708287
666477
733463
571742
657535
471461
732336
129621
597604
648914
612332
663979
126714
743499
444809
734315
547367
560946
36927
116465
438623
712696
708292
595343
707244
633061
655887
657607
720350
715913
719336
699784
591807
586709
713889
521961
712678
713206
200412
602520
410773
129051
602608
710176
638142
664216
519520
654689
706927
656296
741682
411848
598333
741664
323878
514216
706888
662114
718709
23033
658076
713020
443239
595004
713638
658216
721551
664071
662625
736011
605502
705738
664070
387576
671161
660766
710455
567702
449945
714993
741352
444595
433010
144151
729536
661597
728955
594292
270570
506989
572030
663125
197922
164708
714301
593044
722329
708303
731742
667135
430755
731815
720460
634987
645244
733484
44532
107410
130239
661626
732568
720024
552087
655579
707178
728191
435404
448879
593491
712986
593435
600068
633996
693701
708414
741667
715719
713845
715062
700831
600042
663929
741205
720801
632997
694013
715965
632537
651507
436298
708259
558671
659259
660734
448912
545418
714487
666787
731644
29952
712903
594910
495410
434374
714620
659405
731943
743275
658982
514118
572393
658853
295923
667843
525899
665091
664492
743458
535075
731534
707223
597840
514368
731745
293796
713634
344812
714504
409726
697184
715233
592966
600021
733684
496631
573606
713078
728006
743550
741314
631793
712672
712919
657764
670361
643727
720458
707136
600185
727468
699389
731509
714913
658703
660504
733955
732616
568267
489045
707012
741007
596123
719719
732159
600350
606167
632112
655070
709751
485155
594931
118101
597594
603090
741454
528615
660933
740375
532236
743652
663725
721950
657019
729700
666526
13268
695621
633338
716672
641827
731974
715053
664056
672162
655865
708701
268887
624548
705873
492869
715270
99785
664212
633241
659553
551521
127274
731478
596743
156256
743599
481208
596027
712717
708630
632240
143408
600342
129636
724099
665057
743424
400432
663599
628957
710158
663124
351126
600282
446700
567917
591900
709037
602557
634444
129235
741752
476320
593793
659631
713027
602568
526948
663724
714977
586984
457744
449095
429581
715159
507978
721179
634685
741242
720717
709942
693867
726062
664213
494347
710172
607723
731532
729519
595539
587465
467411
598240
592599
709723
595302
585419
743382
592633
535901
129244
654974
658392
696702
666512
733406
657748
573448
715338
386793
598410
632900
699340
665573
666668
486304
709696
719698
658583
715732
