>id 1234|Hs|cgap|||bone marrow|neoplasia||tissue
>part
>ku
>uu
635513
669565
624364
185618
605666
635520
>kn
87889
193832
652308
514806
57813
352839
466945
654543
348935
645317
593920
703523
444749
349096
122908
268787
446374
509140
371021
695185
741408
591456
75528
406620
523512
584921
375217
23650
436618
532359
731513
289092
363308
111903
709914
412870
130293
591569
285218
494614
155742
89545
654816
713698
666631
591495
406683
342307
709576
389945
108957
420529
193725
659346
533122
213470
432976
655327
36587
522969
387208
499839
654602
446574
314359
380953
369056
485471
397918
584863
136102
85962
741280
194329
740386
371720
11615
187763
529631
6734
662922
289347
434286
88556
265174
469473
488173
522090
288809
724025
154073
546286
743317
12107
75724
533655
632531
594708
6396
741169
149894
703306
158688
374503
546288
44017
713636
28914
599470
516157
484188
356545
558601
15277
511605
433670
491577
293970
516023
591183
145150
740515
656192
1342
533624
355935
592945
131489
43233
510328
>un
666907
700734
660816
173381
655579
654621
669549
454011
635331
667735
731577
602971
669550
741816
561402
168677
592114
446522
310781
743458
567699
722213
706044
712977
426104
711628
661894
631793
489932
668267
602099
>part
>ku
>uu
635513
669565
624364
185618
605666
635520
>kn
87889
193832
652308
514806
57813
352839
466945
654543
348935
645317
593920
703523
444749
349096
122908
268787
446374
509140
371021
695185
741408
591456
75528
523512
406620
584921
23650
375217
436618
532359
731513
289092
363308
111903
709914
412870
130293
591569
285218
494614
155742
89545
654816
713698
666631
591495
406683
342307
709576
108957
389945
420529
193725
533122
659346
213470
432976
655327
522969
36587
499839
387208
654602
446574
314359
380953
369056
485471
397918
584863
136102
85962
741280
194329
740386
371720
11615
187763
529631
6734
662922
289347
434286
88556
265174
469473
488173
522090
288809
724025
154073
546286
743317
12107
75724
533655
632531
594708
6396
741169
149894
703306
158688
374503
546288
44017
713636
28914
599470
516157
484188
558601
356545
15277
511605
433670
491577
293970
516023
145150
591183
740515
656192
1342
533624
355935
592945
43233
131489
510328
>un
666907
700734
660816
173381
655579
654621
669549
454011
635331
667735
731577
602971
669550
741816
168677
561402
592114
446522
310781
743458
567699
722213
706044
712977
426104
711628
631793
661894
489932
668267
602099
