>id 1234|Hs|est|||ear|||tissue
>part
>ku
>uu
680277
680343
672379
596695
597291
616825
482418
736911
680301
680285
541776
597170
735055
616826
680352
680256
575538
597295
658897
672375
659629
596689
597227
672366
680348
680279
680303
680260
347810
597188
680310
659099
543467
579457
680269
680300
596525
736912
680342
672352
672328
633650
680247
680339
659649
347905
597215
672343
572002
680272
680322
680296
659107
659650
672383
596685
680263
659685
616834
680283
573249
649682
680288
680262
561571
680305
616847
659808
736913
659759
672368
680321
616844
345449
680340
680274
597169
680259
680316
672380
616837
659745
648732
680350
680307
616818
680254
659858
672357
680347
680320
729214
545754
680308
616850
616841
659754
659108
735059
616848
680291
680335
608137
635971
672371
572921
680319
616845
616835
672377
597251
680309
597172
680328
672359
680345
680332
680290
538113
680287
680338
672356
672367
560620
658899
713732
572990
672373
648678
659756
658901
597237
736908
542087
672335
573550
597285
672346
597247
680297
543448
557910
680323
553197
680253
659757
672374
672329
680334
540819
680267
633535
560137
647621
672336
596687
635968
637689
672338
680278
672341
659652
680329
743728
672360
732503
732658
608133
561382
680266
680281
637684
680246
672382
597189
680299
672349
680341
680315
597245
616829
616819
596541
680333
659688
616849
672334
597226
672376
680257
741906
616839
676549
680271
680324
680295
659100
680282
680349
616832
559770
680250
680304
680261
680317
572162
541005
680346
637686
658905
680264
545006
596532
597238
658898
659760
736910
705652
680326
561937
736907
538011
538038
680280
596683
545736
616840
672381
659679
680298
680330
530030
680314
597246
658894
616830
659682
680306
672370
680311
680245
672361
680336
680293
564715
680344
735060
672332
233142
680275
672358
659680
616820
546060
681581
658415
680325
672333
596534
596554
672339
741905
680286
345497
641692
562065
345485
637691
659101
596691
735056
680318
616816
566231
637687
552178
649683
648726
659657
652767
680313
680252
680248
680265
736909
672372
672330
735057
566064
680268
540464
659805
710877
532884
735054
559962
680273
597219
680251
680331
562875
680284
739060
627462
722780
623934
545861
544561
620376
620373
544676
537276
620374
686946
543970
623932
544598
620372
566509
623933
639256
541939
683641
623935
554691
543479
543840
544209
683643
543946
544510
543964
683642
686945
538955
538619
620375
543788
587628
688205
688207
688210
688206
688209
688204
624762
639562
624765
688208
729346
688212
624764
625149
668639
624759
688203
624758
688211
624760
563825
541187
541735
683185
683186
683187
563706
534634
683184
>kn
732469
669775
634612
98322
596537
149367
558387
681616
654527
506325
249718
105105
596679
164144
418287
36053
713554
585209
523715
15159
9333
741149
505874
631781
10441
201623
16355
594307
525549
532375
9234
91085
531587
731500
471917
293563
203717
238990
654827
520182
319334
549084
29899
531262
269782
412870
75862
546287
444172
709406
743286
216653
269109
654370
435680
531089
720221
124126
58488
144442
494261
706676
516954
31968
506829
431279
532795
619315
418012
686171
713956
99836
496710
201858
712658
516859
523789
446429
656782
469473
522665
513851
253726
524648
148641
610717
369921
518355
433419
368078
741169
635313
409578
740573
377155
53454
5324
408577
740494
597422
134816
409140
9873
98558
377830
740519
494691
33642
662074
709543
582500
171057
503597
436913
117545
368240
499264
79411
156727
434980
474053
429666
592591
532286
114033
654744
270279
69089
58633
546269
10862
4930
339024
509414
390250
491582
469615
654790
73962
730654
591777
372360
731574
591691
288487
344151
389378
591456
656902
278573
344400
731513
333907
661664
486548
131704
489873
598836
513265
498248
741382
134296
632717
444767
91389
409662
485195
277533
363138
458973
494173
346947
509499
125180
435815
593446
741319
169900
558799
632873
76206
270621
401843
729163
584842
69293
458358
208765
485471
433701
720151
497893
438993
743296
13205
370504
468801
633514
54457
440364
12692
300772
380920
270017
31588
49599
472330
430075
443914
437256
557550
505824
503692
743241
78880
482605
369670
145442
437609
91747
439548
655033
620557
487479
661785
503878
62886
460789
433764
531330
477692
740398
468442
449523
596087
113823
6874
502208
153504
591997
208597
314327
645792
535394
434494
716639
274531
212332
128453
658684
391860
479386
520710
416769
655271
460988
13640
518562
82933
514196
133421
356399
436410
434957
99195
82548
12109
558541
475348
472285
372378
2533
475733
478199
284292
104347
591833
369624
81848
76111
118681
368160
90232
1908
489040
518767
335513
522891
497873
361041
9731
648744
63290
530275
586423
89545
279815
652114
573490
591671
516182
481704
434053
398157
119693
12333
515610
162458
607212
356285
196129
468675
85951
620596
9688
77961
639609
94949
199561
188256
128548
580427
149168
9914
380953
24889
171011
2936
65256
49582
626544
302085
298280
729207
511915
306123
531701
498586
460885
79625
644306
482390
518921
183713
414579
721240
444082
486357
331268
129206
482043
439620
75317
370365
293077
516153
444818
655373
486470
62192
472475
591443
119815
462392
373793
502176
504609
420272
709686
74137
474751
306307
271014
495656
665686
521056
119023
486410
96885
628096
443077
6126
162282
415342
54649
516505
498160
654826
356624
387057
521461
642618
516217
369840
398178
42547
741216
491805
479396
18925
5258
136778
292882
534261
441047
631616
631975
743218
519168
82129
524134
472564
239154
331431
113150
591085
231750
741421
522384
612782
432648
152913
700344
354493
209402
546291
668016
527295
284279
462214
389733
512856
523009
405987
445977
503860
708393
528988
656685
4998
334868
508644
410037
369520
479439
82071
92423
743237
407368
283869
441783
529023
268515
521640
191539
112981
29549
530291
592201
532768
121520
369606
203099
306221
350899
518827
267120
424932
65425
135181
370510
729211
516032
528803
387856
585066
387804
260041
555866
274415
696074
488171
226780
173094
462341
478275
435080
386791
600114
468415
655108
82794
518055
301419
480792
8867
422676
492261
76392
524491
657199
531081
574492
654463
380897
403790
8546
661121
126280
292316
438336
107845
743277
708453
8118
479677
211869
729641
528780
655684
75189
593373
267632
530930
445387
529571
151777
643544
559426
743298
109520
333579
268326
3439
89640
482521
443572
99480
524630
29679
485365
444558
4988
577256
487046
128056
636480
513856
731619
482497
596136
559115
150444
631504
408542
743266
530331
77269
498292
489201
504641
370895
106070
504320
387255
728970
518417
591731
467960
443673
482144
649965
632541
436142
77254
254042
154073
159628
471104
509765
22857
502769
476448
475970
174050
44004
591908
148078
483036
743326
584841
201379
692209
166091
495960
524518
140443
505802
503850
496544
446149
388565
652183
467866
522590
654798
185597
743249
657347
568209
553221
10941
511605
485784
24763
517792
516253
446946
498028
449098
288178
302738
5308
461925
434102
595983
1342
212885
196983
512973
655267
654634
743297
632535
38516
646364
153458
150718
121593
243596
193557
431317
464779
3459
743302
706016
657370
158560
355934
653504
743234
500674
632314
440544
534560
518731
84084
65238
507971
546482
428027
664080
201641
77498
519873
77810
516316
112998
276271
591996
495779
229641
446079
514575
363572
211594
440414
520096
656905
654690
494419
632079
333786
653186
504096
189329
440382
24212
503178
372914
210469
213470
178305
644998
482660
111632
731797
499594
655498
647421
506759
509264
667996
622504
514802
260603
514220
513200
439480
655673
740386
596096
529631
18946
649307
546286
538103
421608
731811
28465
464912
410228
486458
598958
15738
110364
123253
469658
523215
484188
585799
363137
369422
533355
637685
634632
445081
524800
571841
66708
192374
461178
378996
288798
647430
445351
1600
473420
192221
590977
127830
369397
481571
4997
403917
119689
70312
5120
350966
469630
660541
706130
435231
75859
172685
555996
508716
107153
7764
534360
146585
476052
417077
31595
480073
530943
445080
496646
437388
431092
522928
529901
534383
61590
223141
35828
302145
90280
353175
432397
191186
524308
275243
743362
532793
114062
1706
49853
743478
29665
653349
533683
734098
523936
271135
128612
193226
652825
348883
447506
389107
432690
82919
525600
284295
728837
102914
461253
474069
286194
38114
404289
355927
501280
594563
43213
10842
729224
256398
522795
430733
3530
77500
720604
425777
443875
269988
440932
585378
355655
513984
433702
604001
473341
592519
567828
510328
444229
321541
389171
412597
380233
503284
480938
406492
533953
74564
162025
467587
374378
370781
416214
101150
128193
406799
413901
80741
525348
435136
34114
732701
514580
434401
523446
512676
599039
528222
269263
487648
483454
533336
282410
654441
478153
54973
425125
653700
661708
491682
135471
488189
627604
506458
438072
468099
477375
201253
21374
591341
584801
529782
156784
743246
159448
419463
343664
461183
104320
123072
288232
533803
292524
535224
533977
496487
655189
479634
472409
196102
306242
438678
368255
595053
444468
82128
18259
656199
213424
592171
55028
294041
463074
533732
443723
363396
280342
116877
150557
49760
624002
133183
714326
258563
372050
534404
271272
118351
75360
642817
82002
79015
124696
47062
508266
159118
405961
500788
368921
157031
534313
695681
652312
404321
563630
518662
473394
1408
446017
436885
632317
743267
529408
126024
194408
126857
306327
529735
458747
470412
464422
116651
58650
644794
591643
484813
27621
521924
560655
17614
570055
187269
144073
32995
524390
181159
494538
438830
424156
190334
497579
477144
109760
38621
524828
441072
202470
591003
614974
578450
147816
631951
143250
6551
743354
509067
546298
534450
475506
25338
172928
731647
590892
535972
12956
475812
563344
293842
289008
558396
503463
473721
234355
330073
408182
632532
101014
655728
437403
13318
512675
443240
2795
407152
657360
654698
80720
382306
233240
524014
425144
491997
160562
784
349092
474005
437241
370100
476033
470728
655697
467210
415766
175343
122523
356502
492427
345588
212670
485729
431850
3346
349656
17109
429180
98381
520943
712713
513470
380857
685225
631822
522418
91521
530735
472270
477789
512619
145605
708084
136348
730597
513617
485899
76272
9788
445827
146806
435458
707013
743259
137674
119598
406620
352656
593995
189641
645015
471156
439726
436350
591815
97887
741581
741157
536655
268939
350927
158195
368353
480042
490394
307913
126550
740445
741199
281707
210385
569831
162585
446083
485233
655552
88252
299002
496666
396358
154069
706674
102735
50850
509451
348915
75890
109437
250693
134859
728916
272168
136905
332708
190518
570562
25010
707620
116471
447458
493218
479756
631750
515947
493919
212102
83634
437277
230601
433863
632294
26403
29304
463059
106212
1501
371282
709462
585464
249591
369779
503709
594647
306769
522257
439040
106469
654390
716915
161357
534196
522057
520989
632486
656339
220950
397609
370024
432491
299055
1869
408909
133397
277154
356799
269542
141125
722052
477015
601274
564611
591133
477155
593148
433278
350194
495912
497123
250723
413812
505516
513043
544577
483200
491695
390567
232021
249159
17441
600384
440599
118076
713590
594338
368084
8786
654649
509163
156509
395482
369368
502823
731317
124165
481371
504895
42586
654980
529303
552103
463105
512382
654548
419240
371723
61812
130692
532803
12256
534342
643655
75093
505104
374596
648394
659104
379191
600086
529592
433466
121260
376984
162852
9534
523443
178551
255935
58663
650389
50118
499000
75335
416089
514581
740456
303787
268849
292549
644231
272822
741277
1787
419640
187823
154652
518750
445705
288348
374485
288809
435850
527193
495984
501106
147492
654671
6396
442138
73799
703306
127486
731417
520819
732485
257900
449909
482526
584775
535297
21509
743420
525391
369232
231942
489811
426296
468125
4014
237886
476930
459149
719958
145402
279902
567502
108332
304376
479119
655156
461361
652712
283398
591384
149185
731505
370410
707916
97849
490512
463439
591486
74368
504281
730710
352768
306764
484412
413678
370666
702139
194718
713729
77578
729053
499960
132868
516994
157160
335239
458598
412370
6360
61635
99141
443072
202179
181163
302772
523238
556063
465808
130438
78518
527989
604823
461086
486360
169487
448979
160324
356719
474536
533122
740446
529509
189781
306291
635227
500775
438953
437638
78948
531106
494622
743231
77558
743227
522699
546573
194392
609663
653654
421509
434951
303676
659274
98594
301404
491494
433529
79064
337730
97199
82201
743361
644719
741587
410596
347991
126774
404183
445244
411847
592142
406861
685856
437366
8715
408241
369615
740465
524910
493202
98280
425023
449662
397978
503222
743329
603252
183684
719951
143604
257761
406756
504352
279915
175534
264887
518250
388613
435535
358997
435629
594535
472737
726012
431668
591148
727355
743236
654957
743270
368214
406423
6638
656865
493401
743304
525163
406530
504765
433427
573245
369657
508738
368315
658169
582050
524161
431400
287555
523004
275865
515210
20136
496622
356135
431550
600545
40582
374588
516629
654718
445030
522484
655331
515329
401903
179565
406683
69855
463375
654422
18631
79101
132314
455089
433442
405880
433615
444441
656071
712543
547172
190086
45107
496684
591190
733835
535762
268675
28608
1466
602086
507433
570770
388400
588815
435560
632255
370312
603040
98910
706889
253211
492314
287749
741213
111801
696360
481819
510172
459691
356331
610084
632377
496572
696735
709193
486542
527861
54642
16426
109655
439440
156346
519320
631957
631865
591162
655830
389638
697059
108029
369373
435479
418416
475896
182255
522632
446414
577202
519385
596572
445893
518595
517216
437084
209983
721234
432996
518249
741364
269665
530823
522885
221847
654611
5111
515487
283378
406475
659516
326035
597656
154429
414332
410817
535192
439530
575782
523560
332197
520245
118474
171626
470316
520414
486189
518119
505924
404423
291533
646325
8859
492555
591680
467807
125898
437779
592313
474018
34576
731383
5062
130036
471508
32452
150837
77100
13370
11614
558403
207631
292804
75348
529369
573495
74615
438227
502773
123159
200841
381061
293884
474978
44693
164226
481181
493791
204475
491988
380887
12844
281564
512867
436031
436854
422990
485628
473583
527874
173001
741168
28872
743258
469376
177633
350848
173894
26006
24678
592105
421848
289123
135904
103183
355141
528050
743285
591733
604551
632466
535319
149360
264208
351475
643683
512592
471162
712598
158237
520189
86905
500409
458414
78060
559428
546407
14611
496191
131673
643565
535804
421391
554762
181301
444118
533526
95972
436568
277677
101174
743386
472101
367725
702010
435981
435933
323489
501833
467751
82045
480506
120855
189075
712767
272630
352018
5613
369168
204619
386684
513373
372541
334603
21929
96996
429
551713
741492
50098
437594
274873
509791
435052
465305
109052
475125
573007
292457
408073
731663
279912
585189
443081
368296
22146
352671
194148
444986
632296
530251
387208
370292
533644
554829
534189
483494
444668
125680
512932
131226
655066
696238
525232
171825
657131
514685
155097
591306
317192
102788
440475
82890
368359
339831
654709
213394
720376
390623
369755
648106
274402
36959
182698
533282
193118
2128
408142
743217
440534
112556
465374
657366
658427
58992
282700
480415
292493
515890
258501
183428
602528
1837
440320
733913
136247
529862
655734
516023
30213
491941
593928
371594
125221
148741
743226
481133
593382
514036
418198
595423
731510
65029
12341
388347
458499
100057
374127
239388
169611
659442
495755
661447
741408
7768
708114
732031
226755
26837
191346
523512
480116
332795
644384
20013
269512
499925
656208
189772
303023
493668
15250
409034
643813
517262
370770
614787
498548
469970
14555
388162
315562
58561
600825
654636
743352
741413
571512
444451
558296
444200
546289
79088
62185
131151
253903
166924
654593
24701
279806
510078
302742
8769
518773
699247
516604
502876
77978
289044
503510
240770
633853
513083
522373
658912
150725
108614
435512
12107
654849
439312
56
741292
172755
244580
282855
337696
221660
355983
654475
520313
44098
731707
511504
513734
647409
534255
654775
482017
741156
149991
651950
548088
469386
444349
741289
21572
371856
480311
82028
515848
654490
474584
655143
100914
75231
584916
85155
82432
9997
200051
518475
445403
731843
731398
170568
567438
656436
405156
154654
24258
518060
727652
143728
727580
368647
479766
95577
282326
355177
332422
647971
406557
144447
16349
495774
731875
427232
189920
512461
533055
494705
145575
300141
463483
473370
743225
298654
743377
412836
371240
227253
270043
35490
29403
150580
487200
655327
558364
495710
155218
535845
93002
525462
655046
474596
567412
202011
591922
211511
441664
75367
726365
376933
432862
280378
605445
144795
182385
642615
654599
467769
290758
512815
472838
202354
621200
76224
436383
369089
270291
494892
326420
489142
471514
532164
1197
21938
50308
30977
26192
459759
152944
646318
524121
515070
503093
56145
468410
215766
272259
528826
643801
524250
509226
191987
524894
489190
740515
401537
46700
604915
460336
533624
731476
507515
591915
433728
643085
197644
12013
432706
8102
79081
76394
552810
534371
181300
470126
473648
59719
330463
655688
655750
307734
108301
2853
110445
274772
505339
7101
41119
652390
500842
591318
183850
144130
1063
435711
591650
496267
444247
283521
436446
442344
515016
106909
371249
368626
55847
76884
533301
512607
43125
743233
6909
507584
59804
507260
602757
527105
212838
90073
187569
35052
632527
607594
485717
557097
483873
443731
47668
116459
498569
556296
46894
102798
444279
122926
94896
462680
516341
492212
279929
487143
209113
157378
743242
522984
89663
107003
516837
355643
26703
657001
709321
735127
3416
73625
353013
533192
568006
437755
472437
291196
515369
584936
11776
564847
241543
477128
628886
284141
280130
633506
136295
227777
71465
632554
309763
591767
532683
435001
31720
510958
506276
632385
149305
448229
327527
514806
558428
16064
134623
269211
283749
78989
728777
627414
599798
659681
511138
658033
632767
241517
740394
513058
198862
297389
491351
644125
477028
533710
658609
597664
140903
596680
412517
125213
30246
458657
171189
591797
657926
356190
743453
353001
654821
714231
483329
433668
172982
284286
472024
189652
591615
150107
552
49367
524367
192619
725151
518059
441926
503560
433291
30561
6891
698120
105642
28020
528305
152173
367856
463426
470477
153177
285051
643548
458365
343873
512833
109439
567973
410965
444724
524767
370267
433439
180877
518123
12253
534770
15154
459072
142442
487635
50732
467627
156171
151536
708182
522099
534456
480694
292472
432755
731729
491234
507669
476280
470588
597434
535711
12106
171501
472852
356440
484227
567943
715494
197043
655332
511067
655213
612096
75061
516539
458573
696631
175322
418533
501293
308074
191046
30619
705323
4900
729646
282376
808
289092
516075
7012
714127
64691
192586
379386
386168
376071
437040
46523
279640
250666
499839
486502
306425
227656
529400
29802
247077
501203
169358
434241
743224
472010
301048
257664
632282
486063
529989
272493
198760
631988
14222
657018
30345
432424
632456
729366
143873
440604
537329
477003
9587
730672
527980
167700
75823
480848
13349
595540
655602
546283
555927
374503
351215
499725
654581
79110
13680
653288
491148
154023
286221
133968
330384
369488
283084
401954
64016
465529
347014
144114
494312
591582
507798
494100
519909
59757
497788
339809
570791
504620
433732
357128
234434
655702
644906
469809
311346
523529
195710
594417
201340
531176
656244
446201
5662
567337
533437
7277
615131
481927
743367
250899
490981
156367
374067
509140
99500
740477
502775
148685
55131
524425
356467
591768
111577
743251
209151
372000
521530
481898
585374
727543
202001
508154
49143
516904
75275
656959
632368
705699
27695
507755
421257
436329
47261
577281
445203
632236
61441
743514
291079
6834
709689
523185
740376
483486
105818
146668
465323
741171
131431
472038
215502
481860
444329
177576
740399
517249
106511
446270
85962
516450
371078
410406
171929
389996
81134
83286
518760
709609
494827
193491
426312
570855
180402
6232
471818
510324
567235
167317
75117
591490
711461
469254
197320
17118
480701
284244
517717
404186
518505
120
713103
356270
732590
4747
591666
591156
494567
643120
741158
518540
653287
521487
155572
78960
464472
207776
576320
187772
115366
221889
381126
87752
593171
442707
427202
436341
454528
291212
446315
374650
155995
644105
101302
703523
253736
741779
709545
743221
292156
99391
335551
148716
54483
517155
368884
494977
498187
353181
270978
208544
166011
715543
436939
35354
436542
494614
592334
705692
476018
108049
655369
302903
125113
643566
161276
595201
436657
743272
24587
21422
741180
515472
730686
352962
81791
503743
18788
498313
356501
103934
144835
645272
470479
512636
129673
727648
514116
435938
483239
476680
269775
14968
476402
74471
18103
50550
584784
497183
234074
146804
59159
658612
643608
235935
570274
597216
654609
546271
282901
329327
647962
594331
31712
729144
174273
43322
133892
343522
514870
558601
520070
134665
189823
602015
406135
468972
723594
446098
487540
438533
559546
709356
495854
486589
91161
643658
8004
522771
18857
371642
521495
655195
645427
531788
655088
480190
657382
586650
513609
437275
518244
106185
90061
158932
577252
496139
475663
508524
502244
450230
505806
98541
515283
532359
435655
111779
586219
503555
251531
220963
480101
510402
518265
173030
291030
712718
288215
450105
595391
436037
533237
433540
55682
570737
534312
704983
646856
128384
374990
591530
731888
47367
502756
388654
518267
513954
654630
523302
500897
30385
158174
265174
532399
446588
591633
520494
660757
190384
424908
245540
475334
318526
300624
348262
503716
654773
155396
533635
58324
655654
714749
193133
124156
515550
484363
165607
517228
271876
652690
445885
170053
521651
446240
529618
226499
288912
212046
555970
105399
740413
115088
508570
431173
446852
12554
432822
529272
38032
595541
654740
658956
509916
442449
584901
513261
520898
2171
479693
591169
631898
12723
695185
480653
571177
716464
200943
643005
429608
6093
168950
59332
233952
405614
743307
500756
632050
509736
362728
250648
598832
730098
743262
497253
413045
255973
643610
380118
436643
76095
703237
726547
524920
126667
516646
385634
83722
136102
431101
77719
416630
515688
34851
166486
535734
672384
23960
97997
126941
464336
74405
651357
596913
501023
525419
425091
411480
594838
712631
511425
654700
632531
440833
166017
440379
493309
158688
54697
406300
477083
492407
78065
110488
468026
143434
481307
654933
444157
369052
348531
8453
190968
463759
643030
655257
741177
93675
468091
708076
518530
523262
534346
741411
350268
662334
516978
654552
593159
445497
525091
128753
477126
381219
657345
368855
348921
205163
297304
658889
75659
462492
426463
376681
495349
283322
652334
633509
418668
282204
90436
66170
3887
533287
232194
469879
705517
368282
645028
652366
68714
709671
508835
75813
591069
511757
408960
412586
490203
191518
41101
492333
430849
190977
94234
154628
443625
41296
271341
465295
534453
471119
482873
461117
210283
700632
23616
514920
489284
553851
445803
282678
130917
507475
517338
373763
602900
618145
578973
132342
315230
491856
592456
643910
162032
595553
409965
700576
421576
14791
488282
514297
278429
632614
524599
709520
229988
260855
181046
271643
409989
122363
24485
390171
99821
459088
500047
381189
458377
740377
462732
186810
177861
732259
165195
584881
446271
505004
483259
500526
558528
449291
585869
436034
202453
463936
709366
546285
499429
555917
743319
484371
9061
595333
571835
645317
58382
389649
444749
528703
465337
595507
126497
528833
79353
179986
521083
51891
724
517948
279257
202097
517227
652441
445981
320368
520889
446427
625133
701982
356061
467637
406461
494738
369471
2780
440525
435255
584782
592126
471851
532082
743248
659346
44766
372331
443735
436973
741501
40735
654899
205392
519445
533273
105269
49433
14745
517817
525330
75639
572993
278285
554831
332706
356654
586811
259347
631650
618526
277721
15977
438236
731384
563205
627078
37288
24379
741422
369068
467326
372003
475629
374446
591395
231883
24422
533626
420483
8526
593923
279245
195471
58042
475688
293653
288164
500512
591968
327736
433512
404089
520205
433269
480218
161000
567968
470369
308710
510847
26704
466891
517603
388739
715623
655772
524731
656580
513779
519313
50130
743263
596449
654939
727344
499209
631614
458367
191073
647046
655229
235069
380044
494875
255932
117825
372309
351875
561245
713698
43834
535801
334534
517768
655057
516077
505033
541894
438991
512670
400295
502302
9527
581171
460217
29464
654824
647659
292078
133379
235331
631827
713173
469171
594912
508999
173656
112318
368264
83758
154104
275775
519337
109051
696158
740407
448889
558422
603732
506748
506558
484242
406096
535873
20315
516632
151134
731646
459070
132966
567268
472213
303808
487360
730889
630181
702189
400698
390594
483784
648448
500340
729120
706828
397729
644997
462693
502915
283928
478407
9589
461405
644708
107284
506852
507910
534590
497575
496535
512587
28491
436527
567380
492618
48924
406510
85863
86320
440955
13982
715617
3352
546261
144197
237396
471528
313
655081
172772
491745
647075
335079
520207
479754
355606
644633
443577
435832
408236
369920
124953
524741
270428
7055
177275
516777
743324
597035
492974
743407
406234
525238
130293
484738
654858
723399
444931
152292
211520
437322
437039
412462
529044
193326
733319
432674
95243
530595
213666
440829
6799
149239
606592
500645
381123
721470
431045
467740
531561
654449
508848
597122
710546
200804
723693
743254
445570
524574
496279
380346
462998
83383
274337
226307
129261
372031
429819
700188
34906
656466
594923
523463
396644
268726
476517
505652
165575
75527
621695
36794
188553
365706
696684
159130
27935
706793
594170
573143
490551
505735
75438
371147
120658
740645
570355
592184
655964
567619
263671
444356
517949
499620
211602
519632
741226
381256
508010
22867
408614
515972
743356
643357
50425
467759
521212
500466
380250
104613
410378
282787
21631
258576
654543
474010
371372
591286
26904
368592
656887
515011
111554
727669
435556
740452
98262
694944
435004
301865
6483
518726
477866
660109
503389
496542
523299
180414
643051
387300
594084
2799
592262
596704
124047
472471
469018
175905
376206
591760
170355
77318
654465
477869
592086
494648
365365
246310
518525
597091
370487
644919
491060
650585
487774
524899
190495
201034
433222
37706
200260
740619
310645
326387
128067
98259
567759
514495
517145
403828
132760
643526
511265
194329
24950
236828
38449
164853
591221
311640
437855
140617
132858
460693
155827
23581
146180
242458
320823
477693
466662
157401
731633
518464
443861
529178
485392
448003
481186
405410
370771
743232
187861
631672
172550
522555
567295
460468
448588
357567
716623
517033
659437
193516
526521
78888
412587
425311
486285
520287
58367
357004
643605
445498
368203
12457
112553
2131
184233
675564
76704
520525
7099
269560
30141
490510
413482
654922
168762
506603
259412
501345
593538
520348
161008
655103
335139
279522
525781
546292
644095
270851
75969
444834
533712
431367
23862
369430
159014
309641
114286
120323
162121
88013
436792
417022
4055
654841
142074
482730
460923
495035
24598
463456
202672
534679
593187
165859
25155
458401
460141
58351
181272
437846
626637
482868
74563
729135
414809
78224
422181
655301
511816
446574
248437
555910
82916
631971
58877
20107
510225
506985
168799
532091
246112
289347
356572
478682
498397
335163
455493
587231
654869
146602
631858
644108
696497
655084
351306
511991
95835
743243
378103
653125
11355
476636
423163
696657
154329
632326
124366
654400
532755
523811
509343
177766
461647
97469
591040
520886
432485
491440
468048
643433
146196
519294
471933
213061
529420
374477
408054
369675
658436
591998
304682
495134
534457
31082
523739
40763
151220
646568
594504
591241
169378
532610
12144
598862
34492
470608
461705
445129
93659
82116
471834
743301
132225
632336
591208
542050
706276
404706
418520
310456
528834
189445
149387
509447
163244
101364
645802
458355
478383
139896
18573
90443
476415
492445
707791
407860
743351
283416
59368
241576
611911
304613
655255
632709
463985
152536
516076
591960
434286
180919
520640
369091
487325
325667
407580
335918
596461
405590
707804
712722
356076
388927
593413
371563
35758
119192
593974
80395
592322
642877
513071
24601
239459
333738
210367
600630
310231
369017
596514
460960
632093
743280
148677
446850
50123
173859
647084
459927
713245
584862
282113
21816
3873
282998
524195
546627
741282
501890
162016
251830
171695
465885
271667
445078
501012
369265
924
490347
127675
501629
730806
18029
631655
20529
379912
420529
264482
284208
290404
591212
468653
25377
470804
122337
643896
412103
642842
485606
12677
238432
729380
353454
530712
116935
511477
186350
434255
128199
274136
612385
731932
93338
182825
479808
436687
654351
592340
195403
370247
21016
287471
118651
405144
743278
535622
488591
520740
459940
275757
743450
292265
512465
474667
743260
743427
511817
467084
258272
288954
355559
32148
647061
489734
709017
469264
532461
468186
131255
191887
25674
293811
514496
16003
432752
608380
516746
152978
510409
35524
432574
>un
593937
233356
740613
740598
665633
516199
706088
633156
728912
594961
659112
445169
567919
648648
596851
622424
696554
596625
495128
598065
444975
659677
655537
644748
736018
594695
699852
727882
550850
597184
714430
547389
149996
121144
659670
728334
561095
740757
659668
594321
596491
644733
596822
519738
43133
736281
665584
727889
662065
23648
658434
445034
596764
714169
725336
668116
659577
610373
461247
713821
655261
680327
657264
710782
705563
715779
546323
672350
533222
743730
537260
696093
600488
713582
575922
562331
80714
741390
657406
718605
568386
594036
97876
635793
596528
406191
633993
657290
657660
595524
335057
5737
715754
656094
554083
661002
463382
732989
558512
732399
716034
707704
660706
708294
743247
730984
233134
702967
725354
656178
663379
197962
714554
176376
544498
644782
517557
676777
714525
661934
593517
597982
671336
710008
715793
49329
721175
672347
519656
710380
659665
704158
738053
660348
713335
696662
501239
706432
710466
476164
731962
573497
708256
356604
731514
743468
593027
50125
728969
602470
713927
716231
712781
653798
594655
595245
658890
501684
291587
705959
596881
720523
603349
715570
554050
597496
706856
492187
659709
22302
707152
697561
606901
594916
702321
713091
713174
638095
546250
698104
708235
708120
529589
655482
658911
653586
408455
32478
664367
731820
708341
655371
740803
657534
672355
729162
667972
599659
701256
732146
585854
721284
568105
732586
706199
714046
658370
698027
595501
643072
593903
715129
493655
680351
592571
291993
633078
79881
7753
713390
699851
708457
602680
602348
657987
655550
597213
645344
714000
553168
733285
713973
136443
731735
714498
657359
649538
708628
489646
729683
434948
719273
658900
637897
663896
703769
592789
658930
406184
718708
655984
710784
664227
715755
600029
631797
658907
734874
644847
600844
661733
672731
731443
708313
702903
148462
659898
672348
269011
648955
386476
721529
705703
644693
743463
712663
356721
560420
602497
466291
656729
667092
721277
707463
656317
743219
719973
655180
710933
594325
714386
645902
667884
559765
593218
633222
707187
726725
697350
704509
743220
656649
708158
714549
593376
656900
713718
665088
598985
593005
713777
743489
170973
658895
698295
731437
677025
706044
659702
713850
658910
663273
586812
708287
644853
702472
706948
701151
712810
25647
659630
743486
723409
595868
658903
471461
659095
731685
664312
530412
659110
390459
624728
658931
595562
664334
708634
708558
708046
659671
723431
624499
405427
203699
555947
668279
601814
594347
656151
604300
694911
720506
721182
4295
737452
611451
655757
713911
659105
664419
743502
706002
449862
595435
496096
715546
628678
645643
656593
663180
595504
743567
720527
593087
680337
743429
644915
598003
707244
657841
633061
732247
712766
709314
668225
718761
714861
522897
672345
740636
713310
593927
657607
694289
731606
504815
595802
187866
483829
662253
658908
708573
156316
658896
712963
645915
740615
594569
644878
32118
708066
715773
718727
644777
594584
602907
604400
662969
656585
713764
593176
191701
643744
594335
712970
573436
669724
680249
661822
701436
268774
713654
712669
659507
626461
736416
662743
708769
713014
651519
614591
712751
674451
715703
587215
713510
598939
662467
709727
632539
655632
678810
710144
449114
715309
712882
638142
656058
661655
681216
519520
712768
723672
743485
654689
656808
666126
706927
734559
648342
475103
480597
591774
659503
426104
663531
48945
712786
406526
707363
743490
671889
706888
708774
488433
592614
667568
733270
733617
700699
561947
667269
711297
562598
105791
718709
732028
708350
656823
512451
616599
658728
708605
741201
658618
710433
697461
656303
741463
732080
672364
699535
714402
655041
683607
657682
655575
675535
663384
518635
448226
705738
596523
608553
49181
720467
387576
23554
469199
735650
712763
556027
724692
657129
633505
658290
707438
634290
592015
713817
596688
567702
732644
100261
646163
720507
464402
671008
714993
713135
707288
661933
595421
519783
572642
716039
433010
634522
26297
151498
561643
703398
644901
728955
741257
659613
519776
709711
512037
709788
690052
743568
596216
497674
662097
714451
664898
598394
540140
707396
593875
707087
731742
474940
707091
593599
403924
593170
708492
708625
707069
656052
714318
657592
731919
651574
714401
659103
596692
701002
481657
664803
593098
714142
107410
663570
648806
295626
597217
201488
712991
309753
713075
632886
703151
720024
740945
655579
592466
659109
633179
249102
659753
571105
448879
659096
593491
655980
276976
708359
437422
706985
524276
675234
597382
712800
595319
449037
657369
587384
694036
596681
733596
604579
720884
600959
708414
547282
669051
657095
707011
715735
654618
713968
740809
700831
708326
660221
702481
645304
209253
741205
664561
665377
743456
741426
713916
602285
595176
564550
720644
118769
682003
671351
722259
714497
632537
609165
655424
714914
718642
732351
436298
709992
708641
657362
79136
703444
528513
732529
721132
447653
592595
705664
547576
173381
741503
666310
659137
13313
528668
600843
347034
558835
714487
644956
720521
709775
662047
632573
732654
525704
714374
434374
714620
668172
659703
551122
702881
659420
714410
665749
666329
706070
633518
659658
512525
480743
592455
710162
602523
707043
720248
658781
514118
706076
375762
606641
694971
196437
660622
701265
697075
741504
347841
438858
7151
688213
596054
593090
732648
732660
379858
714058
649297
656523
658909
730749
743458
522074
596058
731534
633838
594803
707223
709881
696606
593659
706976
713108
709493
592679
42650
663120
732123
736579
713634
704080
594181
596521
659651
672175
597244
708083
666628
658590
656890
703413
440730
409352
713386
662170
708202
14822
592851
659927
652436
652488
710943
672870
672365
664524
642540
705884
134060
587521
658904
706436
653604
667354
596814
592555
551896
713004
592564
671710
706687
174330
708270
125008
517970
605433
734247
720458
148340
129777
668560
702126
603024
700083
498418
164254
128692
693845
712904
568267
596522
718900
672344
707012
654953
54089
730820
601001
656051
26766
648567
714873
702582
732159
598869
686730
714065
711079
370287
657446
647813
632112
656695
594093
585479
706874
664064
637690
705549
672351
658557
658383
594896
597547
535026
595527
594832
658665
597594
595286
380956
645450
597045
740375
672801
743483
635969
681002
708542
595085
734140
567539
695166
721950
719442
713664
660762
655754
714202
13268
699316
598813
568341
712686
695621
701361
145049
741438
633667
567859
659098
671035
510745
743711
656701
593258
595320
705580
633338
705704
505983
449415
592561
669016
204559
707507
696043
443837
724046
597612
654763
715053
708494
563050
572073
714673
713706
701723
705873
628728
743325
516790
731873
274352
592495
706054
659586
492869
715270
632435
633241
368598
732550
694927
644773
222731
262868
572537
663821
721310
672331
658078
608134
731478
656954
705797
655322
714517
720688
562147
603381
645734
712705
592579
658891
672353
732502
713739
732206
667854
712784
701787
491024
706095
440648
731551
590898
482549
90250
731440
598016
664028
667853
731623
593318
504187
337307
98943
696399
556673
587283
705571
732963
708510
708005
653669
596780
732073
595847
714329
670379
716747
741178
603407
567917
713999
709037
592946
596142
668532
708722
703106
655825
586298
670186
126593
669748
655932
654855
650205
598166
659683
741752
733950
603803
657749
700042
740820
491779
448865
584939
513000
592737
50319
713184
669351
705680
658253
706253
732001
503704
512542
592414
705679
707090
700008
659628
588460
653312
731423
656327
529231
658906
707170
449095
429581
707250
606772
520703
604232
99528
662920
507978
599215
731737
708426
595887
657799
149995
714080
107474
713283
730702
733575
658892
680302
706803
635685
659445
732758
671316
713355
380132
699566
732632
31664
644597
737814
696546
734579
652540
467411
700846
711544
496271
591248
731195
368960
734528
607676
665804
707273
727859
709640
444770
596942
520974
713750
702164
632891
533440
731901
147710
644939
7886
711545
721107
391527
709443
573586
702487
471011
707174
707059
561570
233165
659653
120633
713895
672342
233120
645579
680276
702921
594008
547622
697218
706116
654974
512309
715966
592472
601686
596527
706294
595378
715338
712945
659667
657622
728162
134830
720101
658522
743729
668718
632900
436448
555895
605365
662429
706214
699340
159699
656655
708460
732775
714543
732072
699795
719698
664022
593783
593873
658893
>part
>ku
>uu
680277
680343
672379
596695
597291
616825
482418
736911
680301
680285
541776
597170
735055
616826
680352
680256
575538
597295
658897
672375
659629
596689
597227
672366
680348
680279
680303
680260
347810
597188
680310
659099
543467
579457
680269
680300
596525
736912
680342
672352
672328
633650
680247
680339
659649
347905
597215
672343
572002
680272
680322
680296
659107
659650
672383
596685
680263
659685
616834
680283
573249
649682
680288
680262
561571
680305
616847
659808
736913
659759
672368
680321
616844
345449
680340
680274
597169
680259
680316
672380
616837
659745
648732
680350
680307
616818
680254
659858
672357
680347
680320
729214
545754
680308
616850
616841
659754
659108
735059
616848
680291
680335
608137
635971
672371
572921
680319
616845
616835
672377
597251
680309
597172
680328
672359
680345
680332
680290
538113
680287
680338
672356
672367
560620
658899
713732
572990
672373
648678
659756
658901
597237
736908
542087
672335
573550
597285
672346
597247
680297
543448
557910
680323
553197
680253
659757
672374
672329
680334
540819
680267
633535
560137
647621
672336
596687
635968
637689
672338
680278
672341
659652
680329
743728
672360
732503
732658
608133
561382
680266
680281
637684
680246
672382
597189
680299
672349
680341
680315
597245
616829
616819
596541
680333
659688
616849
672334
597226
672376
680257
741906
616839
676549
680271
680324
680295
659100
680282
680349
616832
559770
680250
680304
680261
680317
572162
541005
680346
637686
658905
680264
545006
596532
597238
658898
659760
736910
705652
680326
561937
736907
538011
538038
680280
596683
545736
616840
672381
659679
680298
680330
530030
680314
597246
658894
616830
659682
680306
672370
680311
680245
672361
680336
680293
564715
680344
735060
672332
233142
680275
672358
659680
616820
546060
681581
658415
680325
672333
596534
596554
672339
741905
680286
345497
641692
562065
345485
637691
659101
596691
735056
680318
616816
566231
637687
552178
649683
648726
659657
652767
680313
680252
680248
680265
736909
672372
672330
735057
566064
680268
540464
659805
710877
532884
735054
559962
680273
597219
680251
680331
562875
680284
739060
627462
722780
623934
545861
544561
620376
620373
544676
537276
620374
686946
543970
623932
544598
620372
566509
623933
639256
541939
683641
623935
554691
543479
543840
544209
683643
543946
544510
543964
683642
686945
538955
538619
620375
543788
587628
688205
688207
688210
688206
688209
688204
624762
639562
624765
688208
729346
688212
624764
625149
668639
624759
688203
624758
688211
624760
563825
541187
541735
683185
683186
683187
563706
534634
683184
>kn
732469
669775
634612
98322
596537
149367
558387
681616
654527
506325
249718
105105
418287
164144
596679
36053
713554
585209
15159
523715
9333
741149
505874
631781
10441
16355
201623
594307
525549
9234
532375
91085
531587
471917
731500
293563
203717
238990
654827
520182
319334
549084
29899
531262
269782
412870
75862
546287
444172
743286
709406
216653
269109
654370
531089
435680
720221
124126
58488
494261
144442
706676
516954
31968
431279
506829
619315
532795
418012
686171
713956
99836
496710
201858
712658
516859
523789
446429
656782
469473
522665
513851
253726
524648
148641
610717
369921
518355
433419
368078
741169
635313
409578
740573
377155
53454
5324
408577
740494
597422
134816
409140
98558
9873
377830
740519
494691
33642
662074
709543
171057
582500
503597
436913
368240
117545
499264
79411
156727
434980
474053
429666
532286
592591
114033
654744
270279
69089
58633
546269
10862
4930
339024
509414
390250
491582
469615
654790
73962
730654
591777
372360
731574
591691
288487
344151
389378
591456
656902
278573
344400
731513
333907
661664
486548
131704
489873
598836
513265
498248
741382
134296
632717
444767
91389
409662
485195
277533
363138
458973
494173
346947
509499
125180
435815
593446
741319
169900
558799
632873
76206
270621
401843
729163
584842
69293
458358
208765
485471
433701
720151
497893
438993
743296
13205
370504
468801
633514
54457
12692
440364
300772
380920
270017
31588
49599
430075
472330
437256
443914
505824
557550
503692
743241
78880
482605
369670
437609
145442
91747
439548
620557
655033
661785
487479
460789
62886
503878
433764
477692
531330
740398
468442
449523
113823
596087
6874
591997
153504
502208
314327
208597
645792
535394
434494
716639
274531
212332
128453
658684
391860
479386
520710
416769
655271
460988
13640
518562
82933
514196
133421
356399
436410
434957
99195
82548
12109
558541
475348
472285
372378
2533
475733
478199
284292
104347
591833
369624
81848
76111
118681
368160
90232
1908
489040
518767
335513
522891
497873
361041
9731
648744
63290
530275
586423
89545
279815
652114
573490
591671
516182
481704
434053
398157
119693
12333
515610
162458
607212
356285
196129
468675
85951
620596
9688
77961
639609
94949
199561
188256
128548
580427
149168
9914
380953
24889
171011
2936
65256
49582
626544
302085
298280
729207
511915
306123
531701
498586
460885
79625
644306
482390
518921
183713
414579
721240
444082
486357
331268
129206
482043
439620
75317
370365
293077
516153
444818
655373
486470
62192
472475
591443
119815
462392
373793
502176
504609
420272
709686
74137
474751
306307
271014
495656
665686
521056
119023
486410
96885
628096
443077
6126
162282
415342
54649
516505
498160
654826
356624
387057
521461
642618
516217
369840
398178
42547
741216
491805
479396
18925
5258
136778
292882
534261
441047
631975
631616
519168
743218
82129
524134
472564
239154
331431
113150
591085
741421
231750
522384
432648
612782
700344
152913
354493
209402
668016
546291
527295
284279
462214
389733
512856
523009
445977
405987
503860
708393
656685
528988
4998
334868
508644
369520
410037
82071
479439
92423
743237
407368
283869
441783
529023
268515
521640
191539
29549
112981
530291
592201
532768
121520
369606
203099
306221
350899
518827
267120
424932
65425
135181
729211
370510
516032
585066
387856
528803
387804
260041
555866
274415
488171
696074
226780
173094
462341
478275
435080
386791
600114
468415
655108
82794
518055
301419
480792
8867
422676
492261
76392
524491
657199
531081
574492
654463
380897
403790
8546
661121
126280
292316
438336
107845
743277
708453
8118
479677
211869
729641
528780
655684
75189
593373
267632
530930
445387
529571
151777
643544
559426
743298
109520
333579
268326
3439
89640
482521
443572
99480
524630
29679
485365
444558
4988
577256
487046
128056
636480
513856
731619
482497
596136
559115
150444
631504
408542
743266
530331
77269
498292
489201
504641
370895
106070
504320
387255
728970
518417
591731
467960
443673
482144
649965
632541
436142
77254
254042
154073
159628
471104
509765
22857
502769
476448
475970
174050
44004
591908
148078
483036
743326
584841
201379
692209
166091
495960
524518
140443
505802
503850
496544
446149
388565
652183
467866
522590
654798
185597
743249
657347
568209
553221
10941
511605
485784
24763
517792
516253
446946
498028
449098
288178
302738
5308
461925
434102
595983
1342
212885
196983
512973
655267
654634
743297
632535
38516
646364
153458
150718
121593
243596
193557
431317
464779
3459
743302
706016
657370
158560
355934
653504
743234
500674
632314
440544
534560
518731
84084
65238
507971
546482
428027
664080
201641
77498
519873
77810
516316
112998
276271
591996
495779
229641
446079
514575
363572
211594
440414
520096
656905
654690
494419
632079
333786
653186
504096
189329
440382
24212
503178
372914
210469
213470
178305
644998
482660
111632
731797
499594
655498
647421
506759
509264
667996
622504
514802
260603
514220
513200
439480
655673
740386
596096
529631
18946
649307
546286
538103
421608
731811
28465
464912
410228
486458
598958
15738
110364
123253
469658
523215
484188
585799
363137
369422
533355
637685
634632
445081
524800
571841
66708
192374
461178
378996
288798
647430
445351
1600
473420
192221
590977
127830
369397
481571
4997
403917
119689
70312
5120
350966
469630
660541
706130
435231
75859
172685
555996
508716
107153
7764
534360
146585
476052
417077
31595
480073
530943
445080
496646
437388
431092
522928
529901
534383
61590
223141
35828
302145
90280
353175
191186
432397
524308
275243
743362
532793
114062
1706
49853
743478
29665
734098
533683
653349
523936
271135
128612
193226
652825
447506
348883
389107
432690
82919
525600
284295
728837
102914
474069
461253
286194
38114
404289
355927
501280
594563
43213
10842
729224
256398
430733
522795
3530
77500
425777
720604
443875
269988
440932
585378
355655
513984
433702
604001
592519
473341
567828
510328
444229
321541
412597
389171
380233
503284
480938
406492
533953
74564
162025
467587
374378
416214
370781
101150
128193
406799
80741
413901
34114
435136
525348
732701
514580
434401
523446
512676
599039
528222
269263
483454
487648
533336
282410
654441
478153
54973
425125
661708
653700
135471
491682
488189
627604
506458
438072
477375
468099
201253
21374
591341
584801
529782
156784
159448
743246
343664
419463
461183
104320
123072
288232
533803
535224
292524
533977
496487
655189
479634
472409
196102
306242
438678
368255
595053
444468
18259
82128
656199
213424
55028
592171
294041
463074
533732
363396
443723
280342
116877
150557
49760
133183
624002
714326
258563
372050
534404
271272
118351
82002
642817
75360
124696
79015
508266
47062
159118
405961
500788
368921
157031
534313
695681
652312
404321
563630
518662
473394
1408
446017
436885
632317
743267
529408
126024
194408
126857
306327
529735
458747
470412
464422
116651
58650
644794
591643
484813
27621
521924
560655
17614
570055
187269
144073
32995
524390
181159
494538
438830
424156
190334
497579
477144
109760
38621
524828
441072
202470
591003
614974
578450
147816
631951
143250
6551
743354
509067
546298
534450
475506
25338
172928
731647
590892
535972
12956
475812
563344
293842
289008
558396
503463
473721
234355
330073
408182
632532
101014
655728
437403
13318
512675
443240
2795
407152
657360
654698
80720
382306
233240
524014
425144
491997
160562
784
349092
474005
437241
370100
476033
470728
655697
467210
415766
175343
122523
356502
492427
345588
212670
485729
431850
3346
349656
17109
429180
98381
520943
712713
513470
380857
685225
631822
522418
91521
530735
472270
477789
512619
145605
708084
136348
730597
513617
485899
76272
9788
445827
146806
435458
707013
743259
137674
119598
406620
352656
593995
189641
645015
471156
439726
436350
591815
97887
741581
741157
536655
268939
350927
158195
368353
480042
490394
307913
126550
740445
741199
281707
210385
569831
162585
446083
485233
655552
88252
299002
496666
396358
154069
706674
102735
50850
509451
348915
75890
109437
250693
134859
728916
272168
136905
332708
190518
570562
25010
707620
116471
447458
493218
479756
631750
515947
493919
212102
83634
437277
230601
433863
632294
26403
29304
463059
106212
1501
371282
709462
585464
249591
369779
503709
594647
306769
522257
439040
106469
654390
716915
161357
534196
522057
520989
632486
656339
220950
397609
370024
432491
299055
1869
408909
133397
277154
356799
269542
141125
722052
477015
601274
564611
591133
477155
593148
433278
350194
495912
497123
250723
413812
505516
513043
544577
483200
491695
390567
232021
249159
17441
600384
440599
118076
713590
594338
368084
8786
654649
509163
156509
395482
369368
502823
731317
124165
481371
504895
42586
654980
529303
552103
463105
512382
654548
419240
371723
61812
130692
532803
12256
534342
643655
75093
505104
374596
648394
659104
379191
600086
529592
433466
121260
376984
162852
9534
523443
178551
255935
58663
650389
50118
499000
75335
416089
514581
740456
303787
268849
292549
644231
272822
741277
1787
419640
187823
154652
518750
445705
288348
374485
288809
435850
527193
495984
501106
147492
654671
6396
442138
73799
703306
127486
731417
520819
732485
257900
449909
482526
584775
535297
21509
743420
525391
369232
231942
489811
426296
468125
4014
237886
476930
459149
719958
145402
279902
567502
108332
304376
479119
655156
461361
652712
283398
591384
149185
731505
370410
707916
97849
490512
463439
591486
74368
504281
730710
352768
306764
484412
413678
370666
702139
194718
713729
77578
729053
499960
132868
516994
157160
335239
458598
412370
6360
61635
99141
443072
202179
181163
302772
523238
556063
465808
130438
78518
527989
604823
461086
486360
169487
448979
160324
356719
474536
533122
740446
529509
189781
306291
635227
500775
438953
437638
78948
531106
494622
743231
77558
743227
522699
546573
194392
609663
653654
421509
434951
303676
659274
98594
301404
491494
433529
79064
337730
97199
82201
743361
644719
741587
410596
347991
126774
404183
445244
411847
592142
406861
685856
437366
8715
408241
369615
740465
524910
493202
98280
425023
449662
397978
503222
743329
603252
183684
719951
143604
257761
406756
504352
279915
175534
264887
518250
388613
435535
358997
435629
594535
472737
726012
431668
591148
727355
743236
654957
743270
368214
406423
6638
656865
493401
743304
525163
406530
504765
433427
573245
369657
508738
368315
658169
582050
524161
431400
287555
523004
275865
515210
20136
496622
356135
431550
600545
40582
374588
516629
654718
445030
522484
655331
515329
401903
179565
406683
69855
463375
654422
18631
79101
132314
455089
433442
405880
433615
444441
656071
712543
547172
190086
45107
496684
591190
733835
535762
268675
28608
1466
602086
507433
570770
388400
588815
435560
632255
370312
603040
98910
706889
253211
492314
287749
741213
111801
696360
481819
510172
459691
356331
610084
632377
496572
696735
709193
486542
527861
54642
16426
109655
439440
156346
519320
631957
631865
591162
389638
655830
697059
108029
369373
435479
475896
418416
182255
522632
577202
446414
519385
596572
445893
518595
437084
517216
209983
721234
432996
518249
741364
269665
530823
522885
221847
654611
5111
515487
659516
406475
283378
326035
597656
154429
414332
410817
535192
439530
575782
523560
332197
520245
118474
171626
470316
520414
486189
505924
518119
404423
291533
646325
492555
8859
591680
467807
125898
437779
592313
34576
474018
731383
5062
130036
150837
32452
471508
13370
77100
11614
558403
207631
292804
573495
529369
75348
74615
502773
438227
200841
123159
381061
293884
474978
44693
164226
493791
481181
204475
491988
380887
12844
281564
512867
436854
436031
422990
485628
473583
527874
173001
741168
28872
743258
469376
177633
173894
350848
26006
592105
24678
289123
421848
135904
103183
355141
528050
591733
743285
632466
604551
149360
535319
264208
643683
351475
512592
712598
471162
158237
520189
86905
78060
458414
500409
546407
559428
14611
496191
131673
643565
535804
421391
554762
181301
533526
444118
95972
436568
277677
101174
743386
472101
367725
702010
435981
435933
467751
501833
323489
82045
120855
480506
189075
712767
272630
352018
386684
204619
369168
5613
513373
372541
21929
334603
96996
429
551713
741492
50098
437594
274873
509791
435052
465305
109052
475125
573007
731663
408073
292457
585189
279912
368296
443081
22146
194148
352671
444986
632296
387208
530251
533644
370292
554829
534189
483494
125680
444668
131226
512932
655066
696238
525232
514685
657131
171825
155097
591306
102788
317192
82890
440475
339831
368359
654709
213394
720376
390623
648106
369755
274402
182698
36959
193118
533282
2128
408142
743217
440534
112556
465374
657366
658427
58992
282700
292493
480415
515890
258501
183428
602528
1837
440320
733913
136247
529862
655734
516023
491941
30213
593928
125221
371594
743226
148741
481133
593382
514036
418198
595423
731510
65029
388347
12341
458499
374127
100057
239388
169611
659442
495755
661447
741408
708114
7768
26837
226755
732031
191346
480116
523512
332795
20013
644384
269512
656208
499925
189772
303023
493668
15250
643813
409034
517262
370770
614787
498548
469970
14555
388162
600825
58561
315562
743352
654636
741413
571512
444451
558296
444200
546289
79088
62185
131151
253903
166924
654593
24701
279806
302742
510078
8769
518773
699247
516604
502876
77978
289044
240770
503510
522373
513083
633853
658912
435512
108614
150725
12107
439312
654849
56
741292
172755
244580
282855
337696
221660
355983
654475
520313
44098
731707
511504
513734
534255
647409
654775
482017
149991
741156
651950
548088
444349
469386
21572
741289
371856
480311
82028
515848
654490
474584
655143
100914
75231
584916
85155
82432
9997
200051
518475
445403
731843
731398
170568
567438
656436
405156
154654
24258
518060
727652
143728
727580
368647
479766
95577
282326
355177
332422
647971
406557
144447
16349
495774
731875
427232
189920
512461
533055
494705
145575
300141
463483
473370
743225
298654
743377
412836
371240
227253
270043
35490
29403
150580
487200
655327
558364
495710
155218
535845
93002
525462
655046
474596
567412
202011
591922
211511
441664
75367
726365
376933
432862
280378
605445
144795
182385
642615
654599
467769
290758
512815
472838
202354
621200
76224
436383
369089
270291
494892
326420
489142
471514
532164
1197
21938
50308
30977
26192
459759
152944
646318
524121
515070
503093
56145
468410
215766
272259
528826
643801
524250
509226
191987
524894
489190
740515
401537
46700
604915
460336
533624
731476
507515
591915
433728
643085
197644
12013
432706
8102
79081
76394
552810
534371
181300
470126
473648
59719
330463
655688
655750
307734
108301
2853
110445
274772
505339
7101
41119
652390
500842
591318
183850
144130
1063
435711
591650
496267
444247
283521
436446
442344
515016
106909
371249
368626
55847
76884
533301
512607
43125
743233
6909
507584
59804
507260
602757
527105
212838
90073
187569
35052
632527
607594
485717
557097
483873
443731
47668
116459
498569
556296
46894
102798
444279
122926
94896
462680
516341
492212
279929
487143
209113
157378
743242
522984
89663
107003
516837
355643
26703
657001
709321
735127
3416
73625
353013
533192
568006
437755
472437
291196
515369
584936
11776
564847
241543
477128
628886
284141
280130
633506
136295
227777
71465
632554
309763
591767
532683
435001
31720
510958
506276
632385
149305
448229
327527
514806
558428
16064
134623
269211
283749
78989
728777
627414
599798
659681
511138
658033
632767
241517
740394
513058
198862
297389
491351
644125
477028
533710
658609
597664
140903
596680
412517
125213
30246
458657
171189
591797
657926
356190
743453
353001
654821
714231
483329
433668
172982
284286
472024
189652
591615
150107
552
49367
524367
192619
725151
518059
441926
503560
433291
30561
6891
698120
105642
28020
528305
152173
367856
463426
470477
153177
285051
643548
458365
343873
512833
109439
567973
410965
444724
524767
370267
433439
180877
518123
12253
534770
15154
459072
142442
487635
50732
467627
156171
151536
708182
522099
534456
480694
292472
432755
731729
491234
507669
476280
470588
597434
535711
12106
171501
472852
356440
484227
567943
715494
197043
655332
511067
655213
612096
75061
516539
458573
696631
175322
418533
501293
308074
191046
30619
705323
4900
729646
282376
808
289092
516075
7012
714127
64691
192586
379386
386168
376071
437040
46523
279640
250666
499839
486502
306425
227656
529400
29802
247077
501203
169358
434241
743224
472010
301048
257664
632282
486063
529989
272493
198760
631988
14222
657018
30345
432424
632456
729366
143873
440604
537329
477003
9587
730672
527980
167700
75823
480848
13349
595540
655602
546283
555927
374503
351215
499725
654581
79110
13680
653288
491148
154023
286221
133968
330384
369488
283084
401954
64016
465529
347014
144114
494312
591582
507798
494100
519909
59757
497788
339809
570791
504620
433732
357128
234434
655702
644906
469809
311346
523529
195710
594417
201340
531176
656244
446201
5662
567337
533437
7277
615131
481927
743367
250899
490981
156367
374067
509140
99500
740477
502775
148685
55131
524425
356467
591768
111577
743251
209151
372000
521530
481898
585374
727543
202001
508154
49143
516904
75275
656959
632368
705699
27695
507755
421257
436329
47261
577281
445203
632236
61441
743514
291079
6834
709689
523185
740376
483486
105818
146668
465323
741171
131431
472038
215502
481860
444329
177576
740399
517249
106511
446270
85962
516450
371078
410406
171929
389996
81134
83286
518760
709609
494827
193491
426312
570855
180402
6232
471818
510324
567235
167317
75117
591490
711461
469254
197320
17118
480701
284244
517717
404186
518505
120
713103
356270
732590
4747
591666
591156
494567
643120
741158
518540
653287
521487
155572
78960
464472
207776
576320
187772
115366
221889
381126
87752
593171
442707
427202
436341
454528
291212
446315
374650
155995
644105
101302
703523
253736
741779
709545
743221
292156
99391
335551
148716
54483
517155
368884
494977
498187
353181
270978
208544
166011
715543
436939
35354
436542
494614
592334
705692
476018
108049
655369
302903
125113
643566
161276
595201
436657
743272
24587
21422
741180
515472
730686
352962
81791
503743
18788
498313
356501
103934
144835
645272
470479
512636
129673
727648
514116
435938
483239
476680
269775
14968
476402
74471
18103
50550
584784
497183
234074
146804
59159
658612
643608
235935
570274
597216
654609
546271
282901
329327
647962
594331
31712
729144
174273
43322
133892
343522
514870
558601
520070
134665
189823
602015
406135
468972
723594
446098
487540
438533
559546
709356
495854
486589
91161
643658
8004
522771
18857
371642
521495
655195
645427
531788
655088
480190
657382
586650
513609
437275
518244
106185
90061
158932
577252
496139
475663
508524
502244
450230
505806
98541
515283
532359
435655
111779
586219
503555
251531
220963
480101
510402
518265
173030
291030
712718
288215
450105
595391
436037
533237
433540
55682
570737
534312
704983
646856
128384
374990
591530
731888
47367
502756
388654
518267
513954
654630
523302
500897
30385
158174
265174
532399
446588
591633
520494
660757
190384
424908
245540
475334
318526
300624
348262
503716
654773
155396
533635
58324
655654
714749
193133
124156
515550
484363
165607
517228
271876
652690
445885
170053
521651
446240
529618
226499
288912
212046
555970
105399
740413
115088
508570
431173
446852
12554
432822
529272
38032
595541
654740
658956
509916
442449
584901
513261
520898
2171
479693
591169
631898
12723
695185
480653
571177
716464
200943
643005
429608
6093
168950
59332
233952
405614
743307
500756
632050
509736
362728
250648
598832
730098
743262
497253
413045
255973
643610
380118
436643
76095
703237
726547
524920
126667
516646
385634
83722
136102
431101
77719
416630
515688
34851
166486
535734
672384
23960
97997
126941
464336
74405
651357
596913
501023
525419
425091
411480
594838
712631
511425
654700
632531
440833
166017
440379
493309
158688
54697
406300
477083
492407
78065
110488
468026
143434
481307
654933
444157
369052
348531
8453
190968
463759
643030
655257
741177
93675
468091
708076
518530
523262
534346
741411
350268
662334
516978
654552
593159
445497
525091
128753
477126
381219
657345
368855
348921
205163
297304
658889
75659
462492
426463
376681
495349
283322
652334
633509
418668
282204
90436
66170
3887
533287
232194
469879
705517
368282
645028
652366
68714
709671
508835
75813
591069
511757
408960
412586
490203
191518
41101
492333
430849
190977
94234
154628
443625
41296
271341
465295
534453
471119
482873
461117
210283
700632
23616
514920
489284
553851
445803
282678
130917
507475
517338
373763
602900
618145
578973
132342
315230
491856
592456
643910
162032
595553
409965
700576
421576
14791
488282
514297
278429
632614
524599
709520
229988
260855
181046
271643
409989
122363
24485
390171
99821
459088
500047
381189
458377
740377
462732
186810
177861
732259
165195
584881
446271
505004
483259
500526
558528
449291
585869
436034
202453
463936
709366
546285
499429
555917
743319
484371
9061
595333
571835
645317
58382
389649
444749
528703
465337
595507
126497
528833
79353
179986
521083
51891
724
517948
279257
202097
517227
652441
445981
320368
520889
446427
625133
701982
356061
467637
406461
494738
369471
2780
440525
435255
584782
592126
471851
532082
743248
659346
44766
372331
443735
436973
741501
40735
654899
205392
519445
533273
105269
49433
14745
517817
525330
75639
572993
278285
554831
332706
356654
586811
259347
631650
618526
277721
15977
438236
731384
563205
627078
37288
24379
741422
369068
467326
372003
475629
374446
591395
231883
24422
533626
420483
8526
593923
279245
195471
58042
475688
293653
288164
500512
591968
327736
433512
404089
520205
433269
480218
161000
567968
470369
308710
510847
26704
466891
517603
388739
715623
655772
524731
656580
513779
519313
743263
50130
596449
654939
727344
499209
631614
458367
191073
647046
655229
380044
235069
494875
255932
117825
351875
372309
561245
43834
713698
535801
334534
517768
655057
516077
505033
438991
541894
512670
400295
9527
502302
460217
581171
29464
654824
647659
292078
133379
235331
631827
469171
713173
594912
508999
173656
112318
368264
83758
154104
109051
519337
275775
696158
448889
740407
558422
603732
506748
506558
484242
20315
535873
406096
516632
151134
731646
459070
132966
567268
472213
303808
487360
730889
702189
630181
400698
390594
483784
648448
500340
706828
729120
397729
644997
462693
502915
478407
283928
461405
9589
644708
107284
506852
507910
534590
497575
496535
512587
28491
492618
567380
436527
48924
85863
406510
86320
440955
13982
715617
546261
3352
144197
237396
471528
313
172772
655081
491745
647075
335079
520207
479754
355606
644633
443577
435832
408236
369920
124953
270428
524741
7055
177275
516777
743324
597035
492974
525238
406234
743407
484738
130293
654858
723399
152292
444931
211520
529044
412462
437039
437322
193326
733319
95243
432674
530595
440829
213666
149239
6799
606592
500645
381123
721470
431045
467740
654449
531561
508848
200804
710546
597122
723693
743254
445570
524574
496279
380346
462998
83383
274337
226307
129261
372031
429819
656466
34906
700188
523463
594923
396644
476517
268726
505652
165575
75527
36794
621695
188553
365706
696684
27935
159130
706793
594170
573143
490551
505735
75438
371147
120658
740645
570355
592184
655964
567619
444356
263671
211602
499620
517949
519632
381256
741226
508010
22867
515972
408614
743356
643357
50425
467759
521212
500466
380250
104613
282787
410378
654543
258576
21631
474010
371372
591286
26904
656887
368592
515011
435556
727669
111554
740452
98262
435004
694944
301865
518726
6483
477866
660109
496542
503389
523299
180414
643051
387300
594084
2799
596704
592262
472471
124047
469018
376206
175905
591760
170355
77318
654465
592086
477869
365365
494648
518525
246310
597091
370487
491060
644919
650585
524899
487774
190495
201034
433222
37706
200260
740619
310645
326387
128067
98259
514495
567759
517145
403828
132760
511265
643526
194329
24950
236828
38449
164853
311640
591221
437855
140617
132858
460693
155827
23581
146180
242458
320823
477693
466662
157401
731633
518464
443861
529178
448003
485392
481186
370771
405410
187861
743232
631672
172550
522555
567295
460468
448588
357567
716623
517033
659437
193516
526521
78888
412587
425311
486285
58367
520287
357004
643605
445498
368203
112553
12457
2131
184233
675564
76704
520525
7099
269560
30141
490510
413482
654922
168762
506603
259412
501345
593538
520348
655103
161008
335139
279522
525781
546292
644095
270851
75969
444834
533712
23862
431367
369430
159014
120323
114286
309641
162121
88013
417022
436792
4055
654841
482730
142074
460923
495035
24598
463456
202672
534679
593187
165859
25155
458401
460141
58351
181272
437846
626637
482868
74563
729135
414809
422181
78224
511816
655301
446574
248437
555910
82916
631971
58877
20107
510225
506985
168799
532091
246112
289347
478682
356572
498397
335163
455493
587231
654869
146602
631858
696497
644108
351306
655084
95835
511991
743243
378103
653125
476636
11355
423163
696657
632326
154329
124366
654400
532755
523811
177766
509343
461647
97469
520886
591040
432485
491440
468048
643433
146196
471933
519294
213061
529420
374477
408054
369675
658436
591998
304682
495134
534457
523739
31082
40763
151220
594504
646568
169378
591241
532610
12144
598862
470608
34492
445129
461705
82116
93659
471834
743301
132225
632336
591208
542050
706276
418520
404706
310456
528834
189445
149387
163244
509447
645802
101364
458355
139896
478383
18573
90443
476415
492445
407860
707791
743351
283416
59368
241576
304613
611911
655255
632709
463985
152536
516076
591960
434286
180919
369091
520640
487325
325667
407580
335918
405590
596461
712722
707804
356076
388927
593413
371563
35758
119192
80395
593974
642877
592322
513071
333738
239459
24601
600630
210367
310231
596514
369017
460960
632093
743280
148677
446850
50123
173859
647084
584862
713245
459927
282113
3873
21816
282998
524195
546627
501890
741282
162016
171695
251830
465885
271667
445078
501012
369265
490347
924
127675
501629
730806
18029
631655
20529
379912
420529
284208
264482
290404
591212
25377
468653
470804
643896
122337
412103
485606
642842
12677
238432
530712
353454
729380
116935
511477
186350
434255
128199
274136
612385
731932
93338
182825
479808
436687
654351
195403
592340
370247
21016
287471
118651
405144
743278
535622
488591
520740
459940
743450
275757
292265
512465
474667
743260
743427
511817
467084
288954
258272
355559
32148
647061
709017
489734
469264
532461
131255
468186
191887
25674
514496
293811
432752
16003
608380
516746
510409
152978
432574
35524
>un
593937
233356
740613
740598
665633
516199
706088
633156
728912
594961
659112
445169
567919
648648
596851
622424
696554
596625
495128
598065
444975
659677
655537
644748
736018
594695
699852
727882
550850
597184
714430
149996
547389
121144
728334
659670
561095
740757
594321
659668
596491
644733
596822
519738
43133
736281
665584
727889
662065
23648
658434
445034
596764
714169
725336
668116
659577
610373
461247
713821
655261
680327
657264
710782
715779
705563
546323
672350
533222
743730
537260
696093
600488
713582
575922
80714
562331
741390
657406
718605
568386
594036
97876
635793
596528
406191
633993
657290
657660
595524
335057
5737
715754
656094
554083
661002
463382
732989
558512
732399
716034
707704
660706
708294
743247
730984
233134
702967
725354
656178
197962
663379
714554
176376
544498
644782
517557
676777
714525
661934
593517
597982
671336
710008
715793
49329
721175
519656
672347
710380
659665
704158
738053
660348
713335
696662
706432
501239
710466
476164
731962
573497
708256
356604
731514
743468
593027
50125
728969
602470
713927
716231
712781
653798
594655
595245
658890
501684
291587
705959
596881
720523
603349
715570
554050
597496
706856
492187
659709
22302
707152
697561
606901
594916
702321
713091
713174
638095
546250
698104
708235
708120
529589
655482
658911
653586
408455
32478
664367
731820
708341
655371
740803
657534
672355
729162
667972
599659
701256
732146
585854
721284
568105
732586
706199
714046
658370
698027
595501
643072
593903
715129
493655
680351
592571
291993
633078
79881
7753
713390
699851
708457
602680
602348
657987
655550
597213
645344
714000
553168
733285
713973
136443
731735
714498
657359
649538
708628
489646
434948
729683
719273
658900
637897
663896
703769
592789
658930
406184
718708
655984
710784
664227
715755
600029
631797
658907
734874
644847
600844
661733
672731
731443
708313
702903
148462
659898
672348
269011
648955
386476
721529
705703
644693
743463
712663
356721
560420
602497
466291
656729
667092
721277
707463
656317
743219
719973
655180
710933
594325
714386
645902
667884
559765
593218
633222
707187
726725
697350
704509
743220
656649
708158
714549
593376
656900
713718
665088
598985
593005
713777
743489
170973
658895
698295
731437
677025
706044
659702
713850
658910
663273
586812
708287
644853
702472
706948
701151
712810
25647
659630
743486
723409
595868
658903
471461
659095
731685
664312
530412
659110
390459
624728
658931
595562
664334
708634
708558
708046
659671
723431
624499
405427
203699
555947
668279
601814
594347
656151
604300
694911
720506
721182
4295
737452
611451
655757
713911
659105
664419
743502
706002
449862
595435
496096
715546
628678
645643
656593
663180
595504
743567
720527
593087
680337
743429
644915
598003
707244
657841
633061
732247
712766
709314
668225
718761
714861
522897
672345
740636
713310
593927
657607
694289
731606
504815
595802
187866
483829
662253
658908
708573
156316
658896
712963
645915
740615
594569
644878
32118
708066
715773
718727
644777
594584
602907
604400
662969
656585
713764
593176
191701
643744
594335
712970
573436
669724
680249
661822
701436
268774
713654
712669
659507
626461
736416
662743
708769
713014
651519
614591
712751
674451
715703
587215
713510
598939
662467
709727
632539
655632
678810
710144
449114
715309
712882
638142
656058
661655
681216
519520
712768
723672
743485
654689
656808
666126
706927
734559
648342
475103
480597
591774
659503
426104
663531
48945
712786
406526
707363
743490
671889
706888
488433
708774
592614
667568
733270
733617
700699
561947
667269
711297
562598
105791
718709
708350
732028
656823
512451
616599
658728
741201
708605
658618
710433
697461
656303
741463
732080
672364
699535
714402
655041
683607
657682
655575
675535
663384
518635
448226
705738
596523
608553
49181
387576
720467
23554
469199
735650
712763
556027
724692
657129
633505
658290
707438
634290
592015
713817
596688
567702
732644
100261
646163
720507
464402
671008
714993
713135
707288
661933
595421
519783
572642
716039
433010
634522
26297
151498
561643
703398
644901
741257
728955
659613
519776
709711
512037
709788
690052
743568
596216
497674
662097
714451
664898
598394
540140
707396
593875
707087
731742
474940
707091
593599
403924
593170
708492
708625
707069
656052
714318
657592
731919
651574
714401
659103
596692
701002
481657
664803
593098
714142
107410
663570
648806
295626
597217
201488
712991
309753
713075
632886
703151
720024
740945
655579
592466
659109
633179
249102
659753
571105
448879
659096
593491
655980
276976
708359
437422
706985
524276
675234
597382
712800
595319
449037
657369
587384
694036
596681
733596
604579
720884
600959
708414
547282
669051
657095
707011
715735
654618
713968
740809
700831
708326
660221
702481
645304
209253
741205
664561
665377
743456
741426
713916
602285
595176
564550
720644
118769
682003
671351
722259
714497
632537
609165
655424
714914
718642
732351
436298
709992
708641
657362
79136
703444
528513
732529
721132
447653
592595
705664
547576
173381
741503
666310
659137
13313
528668
600843
347034
558835
714487
644956
720521
709775
662047
632573
732654
525704
714374
434374
714620
668172
659703
551122
702881
659420
714410
665749
666329
706070
633518
659658
512525
480743
592455
710162
602523
707043
720248
658781
514118
706076
375762
606641
694971
196437
660622
701265
697075
741504
347841
438858
7151
688213
596054
593090
732648
732660
379858
714058
649297
656523
658909
730749
743458
522074
596058
731534
633838
594803
707223
709881
696606
593659
706976
713108
709493
592679
42650
663120
732123
736579
713634
704080
594181
596521
659651
672175
597244
708083
666628
658590
656890
703413
440730
409352
713386
662170
708202
14822
592851
659927
652436
652488
710943
672870
672365
664524
642540
705884
134060
587521
658904
706436
653604
667354
596814
592555
551896
713004
592564
671710
706687
174330
708270
125008
517970
605433
734247
720458
148340
129777
668560
702126
603024
700083
498418
164254
128692
693845
712904
568267
596522
718900
672344
707012
654953
54089
730820
601001
656051
26766
648567
714873
702582
732159
598869
686730
714065
711079
370287
657446
647813
632112
656695
594093
585479
706874
664064
637690
705549
672351
658557
658383
594896
597547
535026
595527
594832
658665
597594
595286
380956
645450
597045
740375
672801
743483
635969
681002
708542
595085
734140
567539
695166
721950
719442
713664
660762
655754
714202
13268
699316
598813
568341
712686
695621
701361
145049
741438
633667
567859
659098
671035
510745
743711
656701
593258
595320
705580
633338
705704
505983
449415
592561
669016
204559
707507
696043
443837
724046
597612
654763
715053
708494
563050
572073
714673
713706
701723
705873
628728
743325
516790
731873
274352
592495
706054
659586
492869
715270
632435
633241
368598
732550
694927
644773
222731
262868
572537
663821
721310
672331
658078
608134
731478
656954
705797
655322
714517
720688
562147
603381
645734
712705
592579
658891
713739
732502
672353
732206
667854
712784
491024
701787
706095
440648
731551
590898
482549
90250
731440
598016
664028
667853
731623
593318
504187
337307
98943
696399
556673
587283
705571
732963
708510
708005
653669
596780
732073
595847
714329
670379
716747
741178
603407
567917
713999
709037
592946
596142
668532
708722
655825
703106
586298
670186
126593
669748
654855
655932
650205
598166
659683
741752
733950
657749
603803
700042
740820
491779
448865
584939
513000
592737
713184
50319
669351
705680
658253
706253
503704
732001
512542
705679
592414
707090
659628
700008
588460
653312
656327
731423
529231
658906
707170
449095
429581
707250
606772
520703
604232
99528
662920
599215
507978
731737
708426
595887
657799
149995
714080
107474
713283
730702
733575
658892
680302
706803
635685
659445
732758
671316
713355
380132
699566
732632
31664
644597
737814
696546
734579
652540
467411
711544
700846
496271
591248
731195
368960
734528
607676
665804
707273
727859
444770
709640
596942
713750
520974
702164
632891
533440
731901
644939
147710
7886
711545
721107
391527
709443
573586
702487
471011
707174
707059
561570
233165
659653
120633
713895
672342
233120
645579
680276
702921
594008
547622
697218
706116
654974
512309
715966
592472
601686
596527
595378
706294
715338
712945
659667
657622
728162
134830
720101
658522
743729
668718
555895
436448
632900
605365
662429
706214
699340
159699
656655
708460
732775
714543
732072
699795
719698
664022
593783
658893
593873
