>id 1233|Hs|cgap|||prostate||non-normalized|tissue
>part
>ku
558829
591526
>uu
663559
634418
663483
663560
663482
733507
162171
542179
663653
663478
663591
663535
663532
663486
663554
712913
634410
634419
560290
663558
549788
663552
677265
663534
663484
543742
702919
634415
663505
600219
663511
634411
663503
600205
663507
663479
634416
634422
600233
559742
663526
663563
663753
543171
683395
663618
548305
634474
600609
663882
600605
600536
733534
663881
541954
600606
600604
600666
664126
663066
600074
662983
729496
600075
554579
540329
663188
663181
663051
663183
540753
663116
664355
664406
598527
634565
664241
651547
677221
663356
733581
572260
598708
635704
346856
664271
661136
690323
664237
729087
664399
653574
664219
664401
598707
663438
664221
661381
664565
664210
664343
572285
663355
664240
671180
663351
664344
664567
634401
663338
663963
664364
664228
663966
664564
663954
96360
162891
663358
671165
663440
663354
671167
565377
664403
634587
671181
663366
664361
663959
661138
663360
664436
538010
275663
634492
634532
663364
540584
664566
634399
539185
600160
661409
740856
663363
664573
663960
664363
600778
664405
661403
663962
664396
664065
671170
663958
661383
663112
545460
663349
664232
664392
664531
663365
661378
465730
664422
663359
663333
664529
634535
664394
664407
664224
658279
551042
663332
579390
671169
664388
671166
661384
664356
565813
664423
663337
663330
575301
671168
670725
664222
671179
664272
683893
661382
664358
600864
621141
664251
162734
663467
634404
733490
663471
663465
663549
663475
634403
544042
663470
663464
663463
663468
634407
663550
664264
665973
666045
665774
677705
709993
663657
661344
661285
427242
648918
634437
670437
662472
661132
670419
661388
671164
277346
324029
600386
663779
671163
653584
662471
663635
662968
634441
663769
663830
663682
600335
661484
661317
663686
663711
634454
598687
662474
663772
552431
662973
733535
661133
661489
534743
599571
663765
661386
663662
663684
336650
598783
663761
663687
600303
663713
733067
661483
323655
661355
733515
537760
708438
661328
634194
663774
649086
661387
663681
661342
702801
662470
662966
663767
661488
432947
662967
663658
733068
663781
661334
427229
561073
661349
663780
598784
544174
693980
661354
663680
661326
661339
651521
690321
662971
599572
662469
661330
662468
662970
729518
663704
661338
161894
697182
663661
663715
733526
710418
663705
662972
687543
663634
633990
588905
582807
161705
670421
662965
561867
640545
554470
661487
640590
663706
710453
738371
661352
661340
598702
599573
662794
661356
661493
661329
663775
539750
520038
661485
661353
634229
662466
661350
661320
661492
600471
663602
663719
600288
540093
663604
663610
663611
325198
663867
733444
663095
639443
551409
662952
663108
663103
634342
663101
663096
105428
600015
663094
663091
567106
663097
634343
518145
664375
661371
663734
663984
600866
430851
664236
670723
599869
664427
560725
671175
661312
661392
662779
662677
661135
634309
303427
664131
664410
661397
661410
562304
664418
664376
661389
663851
649121
634564
664417
663850
539414
720700
662778
664411
662774
664414
600520
635651
663983
663940
662783
600346
664206
663735
663777
671182
606549
664061
664416
662776
600321
572568
663944
664705
634558
544119
663939
664370
664323
633997
636819
661407
577314
661370
664415
670438
574757
653603
634490
664428
664062
664430
664132
600813
566159
664218
598705
377508
324207
661309
664205
662775
600521
663778
663936
661408
664534
547732
649591
664250
663982
664377
661394
663945
661373
661391
600742
662782
664059
651531
663732
664431
663776
634455
663084
545107
544121
544150
663129
600760
664570
664245
664342
163690
738091
600228
566597
663460
607056
731276
600174
663521
733498
600175
720761
191602
661379
670728
>kn
436500
741170
18192
701398
634612
715792
558387
681616
249718
133337
500104
523715
29106
15159
434937
7862
505874
211463
336810
439481
632703
654989
631781
75056
524210
525549
49774
9234
308628
93670
279784
706355
407694
484551
504877
532851
16622
170953
145068
293563
203717
654827
234642
520182
319334
29899
444959
86543
546287
407856
432413
632404
258855
374950
446685
334846
731854
158497
513153
520122
596025
595458
516954
550906
65135
130098
75812
631630
192233
474935
519035
400095
686171
713956
741175
943
580300
523680
82793
435413
496710
133135
201858
444975
301853
712658
422986
498892
293274
13366
47517
601562
162777
640836
6076
523789
446429
89643
408427
656782
54609
469473
99120
522665
513851
531856
584905
83753
524648
173611
148641
369921
7854
433419
368078
570189
75243
741169
5324
53454
408577
594658
510407
409140
377830
2719
655455
494691
407604
593422
33476
726537
440900
33642
514505
534527
471779
518236
499158
510833
117545
79411
26890
275352
156727
434980
507333
474053
429666
532286
430589
221761
133475
519162
144407
58633
546269
514051
365116
196990
732677
606584
181128
144468
267245
3100
75799
496098
491582
136947
730654
446374
597484
632787
631923
19156
325978
719938
731574
389378
344151
592327
591456
530024
444099
278573
167641
276808
530096
731513
333907
741187
486548
595669
368254
231411
488624
731575
523847
741382
248267
134296
632717
513646
435700
413416
194110
700338
363138
631768
494173
301904
509499
286226
593985
204773
435815
593446
741319
558799
270244
356416
401843
584842
69293
117339
741450
458358
531614
369056
208765
270833
485471
48297
471401
433701
720388
211079
15744
720151
497893
323342
118633
406678
741280
97439
474384
283565
319438
654580
370504
419171
471441
710246
587350
631551
633514
546323
54457
591363
300772
507783
155040
438994
564188
270017
430075
40499
443914
437256
505824
557550
167017
533655
473152
317243
520794
503692
516111
528634
6815
78880
434996
482605
369670
123534
377894
91747
731481
478125
187636
507681
460789
503878
62886
433764
77793
518270
468442
191219
517310
13781
435557
343244
524271
449523
6874
708687
208597
430551
645792
657058
95612
334911
181326
159509
654952
269577
440950
591360
274531
128453
59889
239718
498115
211929
109731
518562
71941
62578
502917
133421
514196
415414
434957
515785
372378
2533
390287
592490
475733
284292
516087
519568
23119
502875
369624
471452
81848
520145
76111
118681
23650
29282
567431
368160
731661
1908
489040
469313
507991
524762
278695
643514
15825
63290
250758
78089
586423
89545
571246
80358
151218
652114
591671
516182
516933
516826
434053
515846
416207
335355
631661
162458
356285
607212
105465
213467
326
620596
77961
439894
488181
22546
515266
639609
147027
199561
128548
149168
520341
677623
9914
380953
433180
647774
655167
8364
517066
436803
49582
298280
439815
4029
278277
255230
355753
306123
82719
79625
591457
509780
644306
482390
381178
91579
149500
75516
414579
72290
129206
532609
7910
482043
133044
439620
346566
202543
75317
490789
287714
370365
293077
444818
655373
652255
472475
740434
278362
119815
495961
4276
398989
502176
504609
381134
420272
336994
445588
534375
405479
306307
474751
495656
521056
10101
528889
491861
556986
6126
308992
415342
499709
160871
12102
351461
516505
3192
497391
440049
463785
728762
387057
437894
521461
709570
162241
516217
479396
647334
18925
5258
32018
284630
4253
584921
292882
534261
372924
499941
519168
592170
654604
144513
472564
443417
660010
488240
525105
504115
75361
493750
466471
195080
524224
282050
537218
522384
191582
733412
644524
612782
700344
546291
647069
514489
516160
284279
632483
445711
632119
523009
13495
741412
469944
708393
592124
386324
519702
250905
430425
334868
410037
731718
407368
473117
283869
514535
482491
529023
100874
471675
712915
521640
304362
368996
483521
530291
532768
373857
272927
526464
707281
369606
600681
656619
203099
465985
350899
98317
518827
404056
733045
23349
177841
400625
370510
415172
420244
367992
517981
516032
740551
528803
585066
294145
569843
387804
645273
458283
731748
555866
591868
478275
406014
468415
484741
82794
598475
655108
518055
521903
524293
96513
144011
634944
505136
647082
145386
531081
654463
403790
517331
71040
431048
424484
37982
355570
19414
434253
741237
479677
446664
654803
632773
528780
655684
729062
75189
101307
78619
128576
445387
151777
643544
198269
522493
279837
654965
591002
740414
109520
23363
333579
372775
3447
417004
3439
516114
443572
516986
732509
524630
444558
65641
12420
577256
487046
374556
513856
636480
653202
656137
368610
289015
482497
596136
291587
513457
727072
515155
515111
83381
465924
54673
408542
460238
498292
39429
489201
150824
308340
370895
504320
612155
172847
170019
387255
518417
252839
57973
591731
654591
467960
443673
482144
159028
496587
81328
737206
493739
512564
37916
254042
520636
647062
461200
509765
502769
476448
174050
602037
483036
148078
239631
692209
495960
522823
333120
524518
480356
288761
204564
467862
28914
29444
496544
647097
24557
446149
652183
467866
23170
632226
521922
656411
338207
522590
657347
568209
15277
511605
643754
498028
10326
654387
449098
288178
189409
302738
461925
434102
5308
595983
1342
632184
1968
652423
741247
420024
152414
467701
654634
732047
437460
153458
293753
546239
150718
121540
464779
730730
112444
706016
643455
155983
449585
414565
1239
546250
513803
162877
12865
334832
466919
500674
409223
655055
405662
632314
440544
534560
438689
518731
7962
435661
84084
65238
515872
372265
143736
149098
534032
183390
371617
532188
656515
127249
428027
288772
77498
201641
519873
81874
730768
192649
128791
252457
229641
12999
446079
211594
440414
98321
656905
91448
494419
526711
516807
333786
515169
726187
497599
511801
164303
440382
524430
594434
24212
467279
438720
525607
316890
372914
210469
515500
213470
466539
31334
446260
445356
333132
436405
278569
377705
183800
111632
181444
259594
110695
647421
506759
509264
741339
15580
122115
175955
515664
514802
368404
522310
110849
414473
517419
22065
203910
514220
731528
75798
530791
381050
27475
439480
741208
740386
514681
596096
529631
732409
75841
578443
632232
18946
104636
200600
103665
649307
525134
724025
97616
546286
507076
75514
661665
368376
370102
203634
521240
421608
611072
533771
113094
654907
166120
654848
247362
741338
250632
109778
523215
596014
484188
656294
632199
363137
517436
534168
634632
178695
1707
7753
262857
524800
448342
571841
484099
1437
66708
730789
192374
685640
687688
445351
433343
644610
592292
534322
516948
246413
192221
720076
485130
298705
656660
170622
481571
369397
503368
523468
6217
647120
645344
129798
70312
729258
435228
463506
515469
5120
502948
517888
92732
335933
469630
435231
75859
651245
109225
172685
555996
508716
23111
534360
60339
388188
417077
106674
475392
741160
295917
480073
111903
446354
496646
433951
534383
303025
223141
654988
647707
108957
98255
8375
522114
513225
191186
432397
502836
631730
524308
275243
485246
532793
20131
469287
523456
12084
58756
1706
153521
444467
164595
518203
593833
530899
29665
653349
458346
170473
470417
657991
733066
523936
123642
649475
271135
515642
435326
489287
193226
348883
200136
159711
81934
389107
731863
741600
82919
525600
284295
466766
728837
524280
312098
514819
460924
154296
741297
435941
102914
461253
510989
474069
368525
655909
38114
433845
355927
594563
10842
321709
411138
614080
598297
144949
527778
419859
3530
75307
77500
525196
425777
694157
374191
74034
13351
76152
256667
440932
585378
522817
101915
433702
593645
604001
530227
234896
740431
481202
98265
415058
594236
370379
148989
510328
408702
321541
592078
503284
600029
74564
133512
643431
54680
511998
477115
91586
374378
370781
102336
726215
101150
47166
591506
541177
159188
406799
522789
502330
534454
368971
465645
9825
435136
34114
444448
524763
31130
472831
512676
509637
599039
434914
530101
339639
517293
528222
732184
483454
530538
634408
282410
655515
105806
741328
654968
106730
500483
718943
76753
425125
721946
491682
488189
513075
437249
433159
31532
477375
492599
146339
446065
591852
420559
584801
529782
465744
532411
5009
733180
419463
479223
369607
645009
104320
729356
123072
567378
288232
528320
535224
292524
650174
81071
112968
496487
102928
655189
472409
418045
106529
513683
306242
438678
741217
592859
183817
444468
82128
379821
5158
413074
100299
29383
523822
592171
463074
533732
180062
367854
464071
199763
654964
657750
280342
435610
716128
55016
492208
150557
520048
389700
204947
107125
624002
436873
67896
713690
258563
53996
372050
534404
605712
120165
655285
75360
642817
476319
124696
508266
47062
741294
159118
194669
335614
500788
256206
726290
695681
508113
380164
622871
279913
741401
444212
404321
518662
473394
657268
446017
288151
731826
585118
512181
632317
194692
46850
379466
695
194408
714477
126857
30174
631618
647063
458747
288382
470412
110298
5148
484500
19196
644794
15114
603111
861
516105
521924
560655
414740
8752
465144
69771
7200
27222
593134
591569
524390
163113
702168
438830
75254
351474
479122
274256
190334
389452
524828
38621
441072
351558
614974
578450
464137
643467
6551
491232
534450
546298
237825
380627
436944
475506
25338
172928
731647
203559
460109
12956
475812
632179
522401
659517
558396
473721
330073
647078
8904
729498
741244
533934
571886
437403
13318
512675
443240
23582
281902
2795
654698
233240
110637
160562
535896
349092
524183
282795
474005
631989
278064
504998
501252
470907
269898
300816
476033
21145
567284
131452
467210
175343
524219
122523
584864
356502
477009
663950
660053
199877
102406
513053
503163
533444
472558
431850
523454
3346
349656
17109
429180
405913
593351
533308
520943
712713
75182
655266
513470
380857
25647
522418
632762
162989
91521
530735
598320
512235
439463
524760
655165
730597
741172
478481
513617
709469
497581
485899
352240
76272
534350
73722
9788
534309
513706
229335
370480
485871
585011
119598
288959
459049
352656
406620
593995
471156
439726
16936
370927
643430
436350
351665
282665
287411
741196
517941
97887
263812
741157
350927
268939
480042
592510
740445
646645
741199
591947
387567
281707
523370
62771
569831
162585
644420
19977
505934
36587
274539
323363
299002
491322
209561
706674
524431
280951
591451
509451
475074
555947
534525
134859
434232
91566
272168
390568
654568
136905
332708
372208
647036
741263
436977
32417
493919
247921
654863
212102
83634
50727
230601
437277
433863
660640
446123
596643
463059
106212
256526
368431
78771
114191
356744
249591
515714
503709
440643
594647
651219
81424
306769
522257
525629
520246
29595
439040
106469
5811
632865
592130
534196
522057
440553
500066
87779
505326
632486
220950
103147
397609
591588
440494
370024
432491
534538
299055
1869
408909
133397
390599
421136
356799
102
517821
89781
728902
591133
133469
386567
591106
708172
706124
593148
511143
495912
651221
730779
471014
250723
715348
252713
413812
505516
544577
513043
509017
118076
464585
399810
411299
131740
594338
368084
696283
445890
509163
728813
156509
23876
375217
194385
502823
565094
719927
198161
356247
445899
511703
504895
654980
723254
529303
304249
104215
463105
99962
163754
732725
419240
371723
740389
656673
333179
399800
501522
532803
517969
118354
75093
505104
374596
654404
648394
40966
631841
529592
78354
443831
162852
718438
9534
162200
523443
439199
654602
178551
255935
58663
650537
663312
443750
286192
416089
514581
162963
498173
545950
268849
303787
278564
292549
655502
567714
591976
272822
741277
89603
655131
1787
631163
193566
419640
13528
558922
374485
435850
527193
381105
525622
6396
703306
376722
656074
520819
539684
530539
458280
495417
429839
449909
482526
535297
656790
533709
497492
231942
426296
741374
467151
270525
356626
183994
436061
464391
389037
476930
719958
134602
567502
661130
376209
60300
655643
461361
655156
474217
188464
444450
591384
463045
631789
594952
149185
288274
268530
591945
591499
490512
741526
643702
463439
591486
74368
169474
730710
352768
65436
591151
515687
30054
194718
506381
499960
516994
412370
157160
61635
99141
126357
234282
181163
523145
496512
262886
170107
163645
271695
465808
476595
527989
129895
29341
512026
592286
7471
461086
486360
258551
460179
19673
286073
448979
474536
356719
515154
231320
529509
631840
500775
438953
437638
78948
157113
531106
494622
528300
309403
741152
533782
77558
438918
71787
444472
522699
522507
502829
530730
567572
653654
421509
741264
303676
56045
431307
98594
7236
368794
235750
529340
301404
491494
654570
433529
301658
412842
306051
732105
337730
369728
82201
375957
380271
134885
410596
347991
659291
592142
406861
437366
105153
514012
371001
408241
381214
432699
369615
380225
524910
634882
22399
461655
304192
663766
449662
112195
397978
61418
528007
516157
603252
475387
504517
466435
183684
719951
433750
107812
534333
406756
212088
512914
175534
279915
264887
438454
591038
370950
709644
388613
587979
631549
435535
644504
591329
590958
514151
662284
726012
257970
431668
454640
727355
335393
496843
368214
406423
235390
334587
741286
26232
79347
185807
6638
525163
655014
433427
463421
567571
632918
213724
522568
533719
437385
508738
6451
603676
523004
529517
275865
8361
334707
515210
500333
443379
497816
600545
524094
374588
134406
143067
57988
183435
654718
121549
279652
522484
202238
655378
431109
485434
443728
355126
473927
95600
515329
401903
81131
654550
179565
442634
301613
7907
558536
406683
69855
656646
654422
463375
715194
79101
521969
433442
405880
202522
433615
356398
407983
740631
588655
497520
547172
190086
117929
191510
496684
740570
467733
535762
172791
654978
502745
238839
195464
731438
465849
339453
602086
460
200100
632721
347408
149103
467634
184492
588815
731827
720393
370312
7744
514179
8036
643552
492314
592116
287749
178357
111801
458986
481819
356366
510172
654660
592095
356331
146688
610084
132599
696735
719906
580464
709193
164060
582627
92308
343383
486542
656803
655215
718984
527861
507074
26023
741402
417029
480597
546288
652159
182885
591162
389638
533549
108029
285847
12332
369373
182255
522632
741420
446414
663619
567424
715040
445893
517216
209983
720173
191842
356231
475872
627962
269004
489132
165736
721234
66731
632447
518249
369285
656313
729520
740368
514216
530823
55879
528385
409925
119591
369581
221847
522650
489051
490415
527688
406475
315137
418233
410817
535192
497350
591518
253319
557655
103106
406013
523560
534314
7644
632807
118474
187946
522561
720136
171626
520414
475382
709257
522662
27693
518119
433146
462598
565725
492555
8859
413123
591680
741447
417962
494337
467807
418175
567598
386225
125898
430606
437779
127403
474018
34576
723297
485060
637001
5062
406520
130036
77100
76917
500067
709228
347535
292804
75348
337766
458513
730862
401929
212395
591589
438227
502773
530862
473788
438838
586059
381061
732666
133916
660192
476432
78466
920
164226
89864
503594
477346
472651
493791
481181
517830
648565
380887
631557
105460
263912
379018
726316
183702
512867
491912
156178
422990
485628
12970
473583
145956
173001
369039
477352
525513
48353
509083
469376
591605
55999
26006
289123
421848
513266
647064
409834
352250
731853
355141
473761
528050
604551
535319
167496
264208
351475
643683
462971
368433
712598
494985
459379
520189
654566
353090
86905
500409
458414
78060
546407
14611
496191
535804
605502
144700
75139
731568
554762
6418
731969
656498
444118
533526
655006
95972
533479
436568
277677
101174
275736
470646
515598
414396
486084
528439
597755
13999
435933
323489
659013
593920
82045
120855
189075
272630
352018
5613
386684
522826
84549
729265
96996
429
374257
50098
437594
172602
148272
656205
521973
201083
280604
282417
535298
274873
653163
509791
120963
525392
522819
435052
531785
102696
720143
109052
20274
179309
475125
436439
573007
408073
292457
435012
708190
24054
709581
108969
443081
368296
188606
504301
524502
256301
352671
16258
444986
181112
523550
163451
632296
387208
462946
538286
554829
192103
301478
648612
483494
372633
131226
512932
514193
655277
696238
656723
167046
446890
525232
737088
657131
283374
459538
591306
317192
82890
440475
339831
368359
119251
654379
632515
522500
502659
433060
518460
44385
517820
433759
274402
533551
36959
533282
193118
471207
173088
103137
408142
632729
558009
33719
731847
117136
520627
432132
514477
282700
647079
148105
292493
740490
515890
446251
183428
444407
433670
567236
520042
136247
529862
516023
76686
160211
412468
5268
593928
181244
478031
187694
283851
517232
3068
474643
3989
593382
180141
406277
519574
519783
529798
731510
12341
388347
458499
715556
14317
654720
506357
374127
598540
514132
445999
515475
82327
276770
410455
563491
591967
433391
495039
87194
10649
708114
26837
732031
191346
523512
492859
20013
644384
269512
516176
499925
131436
418093
189772
471381
493668
15250
96459
705480
643813
517262
40919
515879
370770
740620
614787
445052
498548
469970
224137
14555
95140
591159
567342
525251
654636
234521
401218
133350
525017
655179
11125
444451
308171
558296
147762
444200
546289
300076
631725
432914
79088
131151
523718
314359
253903
202517
654593
371794
24701
279806
510078
302742
293560
484950
493771
518773
3017
502876
77978
108104
6734
731923
655338
207106
209614
522373
513083
707712
104925
595071
211571
54943
336681
381072
435512
12107
515560
718492
461819
200022
56
292154
284284
438863
532634
561314
103561
337295
530597
523252
54277
654475
520313
111024
514211
731707
293798
511504
171280
83636
713535
409230
534255
719239
647409
482017
149991
741156
444349
467097
475208
192854
741289
480311
218366
515848
526902
474584
655143
523045
100914
524590
75231
516671
17569
584916
201978
732341
461722
85155
512599
82432
524947
515634
485158
11042
9997
518475
445403
79387
5345
117938
632252
567438
741291
597057
405156
24258
508725
154654
518060
158304
479766
727580
90875
95577
657844
282326
352631
402752
170131
591347
655387
16349
67201
427232
533055
494705
397638
708096
145575
731866
300141
298654
270043
227253
356766
191734
85769
150580
514063
63788
487200
96
655327
495710
155218
496068
530261
655046
202011
699841
372123
408018
211511
474116
514821
644628
654668
28540
728980
376933
432862
280378
182385
495834
654599
731416
154084
205558
290758
654610
372616
512815
472838
33455
333427
111867
535011
124147
458426
202354
3260
621200
76224
467306
369089
436383
648806
270291
288284
594634
239500
591054
489142
513695
631869
103159
77768
532164
596164
159472
1197
631656
21938
140452
201446
15591
459759
646318
515070
477370
512144
631724
503093
468410
215766
434081
454534
100915
643801
221737
470038
524250
487027
231616
318547
508423
740515
593339
460336
105887
604915
533624
731476
581320
130704
591915
9676
17680
649191
569017
197644
431471
12013
8102
236774
66915
79081
75256
523442
76394
552810
572535
181300
521926
330463
59719
660396
307734
22587
23133
478868
336916
2853
178715
470399
333418
470996
121575
116467
421202
500842
503022
410388
533721
404741
625768
466714
183850
436166
73527
144130
1063
612151
474705
39925
162757
592129
128959
153961
496267
436446
412433
370408
442344
85539
194754
525093
719176
443258
657632
371249
603629
36688
720172
55847
76884
512607
513626
730870
6909
411641
661972
57652
9661
507584
527105
212838
720898
484047
448497
444319
644234
384598
516522
660718
35052
740365
446336
82609
117183
660760
414418
708268
24956
557097
483873
443731
142736
412196
73797
116459
498569
33962
115838
652364
556296
46894
102798
122926
18894
462680
492212
443301
279929
591809
107527
169615
157378
282177
516837
355643
421907
488143
709321
504315
38044
418450
515542
435044
7517
741300
493225
77897
720177
500643
533192
308122
231850
568006
291196
655519
741298
119316
61469
584936
11776
99936
564847
518997
477128
511316
628886
284141
280130
135646
517553
380389
520149
632554
415842
309763
524368
741191
208358
741259
730618
435001
649234
31720
170737
518346
146632
17546
433381
706587
433068
506276
632385
35198
437647
149305
729187
448229
327527
719189
514806
558428
173524
647060
472667
134623
20103
411501
591742
78989
728777
627414
471873
25892
339278
439180
740394
513058
483305
123119
491351
644125
9347
631639
477028
2006
603131
533710
406515
597664
203206
4973
442657
438219
185172
119273
437008
202
593973
657926
232532
553497
18442
356190
654821
376064
714231
369761
731524
186486
505676
162659
69504
513463
192619
48849
740488
288969
475963
437075
252967
123070
592944
503560
433291
6891
105642
28020
106876
213264
723344
528305
152173
412482
470477
719925
270437
606838
153177
313905
440219
730800
584909
285051
593292
153357
643548
42644
195060
152717
590143
440401
436975
343873
458365
258209
118243
221375
741154
479747
438550
409561
740597
435290
272813
410965
163893
270655
590908
436098
370267
517670
180877
518123
12253
20848
534770
459072
187459
461113
592123
147765
483444
487635
246381
570821
156171
151536
708182
250581
517148
534456
632258
740577
292472
585931
421245
356742
157659
504249
651512
657722
631593
470588
597434
12106
276878
193043
472852
487341
356440
523913
567943
715494
368149
406050
511067
660143
612096
75061
516539
94865
406534
696631
434247
501293
632708
403171
171844
308074
577775
30619
73875
4900
387679
25313
282376
808
221127
511839
289092
513490
466625
498727
410231
349570
416049
81964
103521
7012
714127
656361
194816
647044
432818
517864
647371
500822
82961
148559
235116
485527
348979
443031
438102
657271
719935
376071
279640
250666
499839
434248
520967
48428
655785
227656
324844
29802
247077
603858
656298
821
169358
173724
108080
283402
469045
467284
731649
301048
309231
323396
108408
334370
632282
198760
631988
5333
657018
30345
713623
522090
2178
632456
468702
731569
696428
143873
604789
515474
444673
448854
434900
112377
708017
9587
730672
480848
594250
210751
534667
34560
133321
482038
546283
509966
9003
373560
499725
370581
79110
653288
515255
491148
8033
10784
286221
133968
320890
330384
7736
347014
731391
591582
716652
660812
531713
379754
570362
519909
591474
407202
704031
570791
504620
430646
113876
481569
433732
644906
191179
311346
656244
531176
468140
94695
279529
517601
716456
5662
567337
653258
731767
466507
437058
481927
250899
368934
156367
73800
374067
504534
632120
356467
473632
591768
406840
5719
111577
485205
653859
469918
232543
478469
515517
287521
13034
521530
655105
503043
481898
585374
655988
591047
446459
508154
371987
7367
226007
49143
459790
76480
705699
632368
517421
647119
421257
443976
529353
439152
577281
356224
322473
173878
445203
439200
61441
523185
740376
314263
483486
105818
144873
447011
146668
465323
380906
730749
12286
741589
177576
740399
221497
27267
481542
446270
516450
502528
513520
596982
389996
288936
506652
709609
216623
647419
632706
483136
471818
510324
532790
567235
75117
95120
706662
711461
409602
63489
17118
654473
480701
515053
733072
78582
238303
590939
120
591666
190622
356545
741239
643120
741293
660887
591923
183706
521487
462323
497636
78960
464472
43670
207776
576320
654815
221889
149219
436186
381126
87752
593171
442707
5086
137510
454528
519659
515162
436426
291000
567501
381204
374650
57813
591061
427284
55220
644105
502842
434406
703523
385956
191215
533499
292156
302051
132227
335551
658251
433738
517155
353181
500724
433203
208544
520102
549751
511768
467192
464572
166011
139053
715543
567261
407926
531789
436939
439381
24135
26530
494614
93842
10846
596543
476018
459265
187058
655369
632041
125113
31387
631856
643566
436657
591720
632223
500419
24587
503134
515472
144058
730686
17686
671268
741183
714425
466154
268573
334713
199625
108530
103934
144835
129673
512636
3041
530479
289052
59425
432562
514116
172865
490287
435938
146393
476680
483239
487510
518611
34024
39311
578684
531064
532786
497183
146804
88556
517307
643608
77060
570274
727986
406238
647450
597216
485262
22960
502705
296049
657969
628599
546271
329327
594331
529677
729144
174273
134060
730610
740554
592161
713636
43322
530000
133892
350265
514870
558601
590870
277624
134688
435381
520070
75318
31819
643424
632469
507769
729372
512680
331420
655622
726435
486589
500007
643658
733403
591415
371642
1004
373642
642990
531788
390736
594496
130593
731890
480190
388645
123198
513609
698060
309090
437275
79322
518244
631587
741151
529059
584908
106185
148340
90061
741204
158932
655248
500013
450230
502244
487296
702907
493804
396740
12967
532359
524517
532626
520757
420796
523852
713051
111779
586219
500635
2430
251531
510402
435369
592108
438872
663548
173030
513915
377416
288215
289019
97013
484288
265829
433540
55682
462379
594171
655234
704983
205326
590945
503721
424126
502756
26010
286261
388654
529451
513055
596607
508545
438231
372688
423348
328236
1027
635350
94229
30385
177530
348112
148656
35199
213389
265174
741552
591633
446588
532399
187624
520494
190384
424908
524464
611541
525401
318526
466804
594708
462316
522863
503716
171995
434412
458487
655654
728857
368631
654619
474213
714749
436743
515550
591952
271876
443121
185677
726053
652690
522675
530734
521092
500761
370703
603880
270869
529618
580910
465413
657405
226499
646264
516484
657067
520037
655346
732022
16157
446852
432822
529272
422336
437497
352839
203961
631590
8739
112058
584901
224607
112160
513261
400876
520898
479693
305985
17719
316750
695185
480653
571177
581170
716464
429608
643005
654418
6093
434890
59332
631863
233952
348500
647023
84753
386693
500756
522109
509736
362728
356096
598832
699822
474066
413045
255973
268177
513797
643610
61430
380118
728759
25130
488293
9383
498543
655329
703237
562568
7486
446438
659209
713170
130774
248785
35125
134084
153022
106019
516646
741377
83722
185489
519557
7036
509622
656271
502328
368920
416630
632707
591463
166486
327631
183861
315177
104019
187763
529438
23960
510927
421724
464336
74405
464595
502458
408515
368866
518198
411480
559040
483564
511425
632531
535898
740404
493309
158688
644352
54697
406300
209945
731824
294005
492407
163909
468026
78065
632379
42806
438782
567229
500874
553987
435291
643536
437338
74655
655217
118666
348531
190968
99819
529163
463759
741177
602085
708076
298716
518530
529053
534346
404802
567596
430199
741354
350268
162807
159556
654552
593159
504613
459095
508284
381219
591358
510635
328232
368912
534847
740530
368855
655743
110839
645295
516966
647016
170839
205163
462492
495349
80305
523084
130730
31704
296776
633509
48513
90436
351296
66170
468688
3887
704511
507948
533287
524817
232194
355162
368282
618430
590886
68714
533903
632481
465627
279594
75813
647752
591069
632013
733070
278959
369279
531111
87159
490203
510543
515122
655284
77422
430849
386390
232165
7835
1048
288940
200250
655921
357637
443625
2785
41296
271341
465295
534453
279669
189716
482873
471119
607819
6764
461117
592088
514920
489284
553851
445803
282678
590868
130917
388004
523438
22907
517338
9911
373763
618145
102558
592081
578973
531668
558537
719954
321231
1832
405925
370937
592456
643910
584851
2704
405610
503546
631761
162032
713564
518727
741306
700576
14791
488282
709561
655273
514297
732570
278429
409934
80296
574240
167451
380291
524599
229988
16695
5912
260855
271643
181046
369431
31439
371344
122363
302740
14623
499607
642042
655623
731413
741327
719465
278815
445511
641481
313247
491577
369522
740377
373550
186810
732228
489355
177861
514941
732259
165195
399984
15961
515417
505004
483259
590970
21639
515242
484547
449291
277101
202453
463936
25601
546285
88297
591502
147950
271510
590937
657494
9061
173464
104476
595333
645317
156527
593613
389649
444749
449009
347270
118725
438429
528833
262823
24998
179986
495240
445775
443330
517937
202097
416998
44276
276925
445981
446427
408434
364544
96322
512661
701982
356061
114412
436585
467637
406461
732773
90303
2780
440525
514465
435255
343334
471851
15827
532082
44766
372331
443735
654899
301094
533273
466391
105269
204121
138860
349150
660384
517817
731909
567356
525330
356630
696211
460645
532749
554831
111286
726920
55940
185055
534619
98475
534773
356654
444776
656996
643864
446309
181368
656185
44070
514373
277721
15200
709320
591121
15977
513667
293971
163484
627078
520094
518524
655056
449609
599470
377484
24379
369068
372003
590876
465929
500375
591395
231883
279245
57771
522147
288164
293653
327736
520205
288229
433269
163776
301961
514303
514636
567968
631579
274422
470369
499793
57732
510847
26704
233119
408708
642874
466828
593014
575631
388739
12923
632144
655772
99949
721001
178011
532315
524731
90107
6651
709550
513779
307962
445019
9857
596449
14468
654939
727344
317304
499209
591095
421621
631614
466929
277704
645517
554791
741173
282975
59214
469244
351875
436636
437191
334534
517768
522472
352224
655057
516077
482910
25786
524498
76244
516155
438991
645288
512670
400295
517729
502302
9527
99145
643452
255462
47382
195727
333526
268742
741396
349283
654824
292078
488478
199743
133379
631827
469171
118400
507704
741405
557709
24301
433901
491737
112318
654688
515371
334612
5462
59523
532853
64004
109051
275775
519337
740407
448889
520973
558422
603732
474740
75864
20315
406096
189585
151134
504317
3094
132966
193406
104672
472213
487360
437341
137562
534384
170986
515139
111256
406068
706828
462729
731941
524815
390667
162233
714302
80986
502915
620644
98943
356873
423935
478407
521008
422967
591166
9589
878
644708
506852
72901
514527
80132
356050
436902
470233
372286
445868
28491
570455
658099
567380
406510
530749
363492
321689
86320
15106
644000
371889
440955
13982
526754
483924
546261
135406
654562
741193
741248
172772
592178
491745
181173
642660
654350
647075
609336
335079
662248
78788
496451
355606
438289
644633
104315
435832
657032
534301
534477
408236
522087
369920
534521
158427
124953
610830
270428
518155
523753
462086
54780
660080
369042
516777
500197
437006
20521
525238
406234
130293
37617
484738
515271
523506
643560
654816
728878
152292
654616
551962
643580
371718
437322
529044
273330
432674
95243
136309
213666
436093
493819
159161
500645
445534
381123
431045
467740
534373
591455
531561
160786
533030
508848
200804
710546
533770
460857
400740
460355
533474
519884
525205
445570
532469
496279
700353
462998
83383
196176
593430
647067
643600
410977
83190
208680
372082
489207
30570
534293
129261
373947
473296
168073
318894
201398
525088
429819
700188
565319
523463
485557
190028
466693
740459
508514
24167
72026
522616
377992
631582
396644
476365
476517
511251
268726
116244
505652
75527
514174
621695
36794
188553
365706
284491
529755
159130
438265
616962
284207
118110
594170
475538
573143
490551
533514
24178
488827
368527
629638
441038
505735
731817
75438
552819
112569
740645
570355
592184
654620
21765
655964
799
661088
472497
567619
567426
263671
517949
211602
430299
513632
519632
741226
508010
136235
220971
731675
654762
739872
360940
632151
643357
118241
696231
50425
467759
519672
521212
500466
444106
380250
659851
732075
707753
214142
258576
444403
474010
183153
562227
430439
26904
191213
368592
607928
111554
740452
731668
16059
6483
584985
660109
645535
76873
22616
654502
15535
180414
643051
62661
514599
594084
433795
447654
592262
596704
731414
197116
280741
472471
124047
536663
89649
469018
515164
719203
730830
469060
373741
77318
713595
16004
365365
494648
461175
34045
246310
518525
597091
644919
491060
696087
74375
432121
321273
524690
274313
524899
487774
523899
404568
190495
83147
201034
433222
163898
9925
460996
310645
326387
148767
205144
199850
477287
471768
98259
514495
372680
442798
437178
731864
517145
728908
466165
132760
469872
443460
194329
293660
500921
442609
654447
119177
311640
719966
237536
533040
712144
709297
529495
451997
460693
464210
155827
72925
147381
23581
553723
146180
741210
436161
242458
530009
466662
731633
517168
591078
518464
446091
188634
529178
477361
514284
62275
356377
129563
481186
370771
405410
631672
647056
523732
172550
522555
271614
112242
448588
517033
526521
485910
99528
78888
183109
375707
425311
584839
87889
486285
520287
389461
571037
643605
170599
505059
445498
157078
27239
301696
112553
9315
504687
2131
369614
596105
184233
17466
592347
474949
76704
112955
476358
741251
86912
519523
130934
269560
207538
713588
260750
413482
456507
259412
501345
374201
88778
520348
516664
634506
507087
591664
7158
335139
433332
546292
533013
644095
23248
440968
631602
431367
369430
465041
159014
232375
120323
114286
162121
517070
4055
482730
142074
532401
460923
129195
435013
24598
188882
652389
463456
591122
463035
534679
642624
1690
654471
114309
515243
458401
117853
460141
272062
437846
332173
414809
75682
78224
655301
741531
146312
446574
555910
82916
631971
632738
439309
20107
533738
467338
466775
168799
373612
467408
118738
464333
662152
287362
700779
246112
289347
741153
356572
498397
335163
180903
455493
26670
587231
514474
27021
522413
207459
463041
155729
9235
146602
150122
410889
631858
518805
29698
356769
160958
180871
212957
289271
169982
27059
95835
511991
458485
378103
741457
655334
12152
534517
11355
476636
464438
617449
423163
632326
124366
654400
236361
532755
13662
578109
591375
273621
494186
523811
594444
515064
654371
380403
432485
632161
731459
313544
483423
642701
643433
594042
471933
213061
529420
374477
408054
265018
741179
658436
534330
304682
495134
534457
523739
198072
78601
741167
151220
632891
10082
169378
436505
143766
655348
598862
524214
107101
82116
91531
517478
618002
154163
591178
643130
132225
542050
356187
535464
167805
418520
419126
528834
495541
239600
189445
534591
22678
446445
434966
501353
619593
644033
458355
94672
703764
521213
463569
661816
90443
298990
458418
476415
492445
532855
188456
657377
407860
288998
508021
183232
731613
59368
204238
513867
241576
304613
611911
702056
152536
529317
4082
505412
740369
731754
604267
484782
69554
634508
443134
368157
253603
434286
469331
360174
283551
180919
520640
527090
740388
658547
411125
129055
335918
75694
631539
516788
234786
596461
405590
647045
466831
439662
729370
448664
426359
664357
356076
461787
75160
38972
463964
4859
122752
301350
415762
10499
463797
131188
706116
593413
494457
497692
489615
465593
655259
371563
35758
524871
438587
119192
248153
502770
656565
647370
642877
380933
366053
24601
377090
310231
513633
468878
42853
596514
369017
460960
632093
506374
370854
652371
37616
386470
423968
516034
741635
75835
500165
148677
115242
741206
173859
459927
713245
584862
282113
3873
21816
83734
282998
658118
519033
741282
647068
171695
465885
471695
65758
138211
445078
105685
501012
12272
186756
652235
924
127675
656895
501629
655317
499952
730806
592317
408233
9029
594238
631655
20529
469002
420529
264482
284208
522449
290404
31845
741241
485081
709416
122337
643896
412103
435120
485606
404466
522356
709218
12677
353454
79402
439645
14333
186350
632015
434255
128199
500771
55041
374458
727615
369819
556017
529609
592188
458917
655788
654380
715616
279819
418581
110702
182825
741195
479808
502223
436687
75914
161985
654351
519601
444947
370247
287471
8372
421622
50382
561064
515536
459940
495230
710442
180909
591110
512465
177926
401835
654530
334684
511817
32148
489734
597488
591787
378813
131255
584830
584884
210532
25674
515534
506997
523836
514496
500750
293811
513315
608111
306083
709466
516746
659311
43233
152978
510409
461379
191482
253247
346736
376046
>un
655522
525527
740598
479728
741651
741619
659896
560505
567919
325015
661449
662950
655433
700105
713835
336643
257368
712805
647315
636112
714430
737118
631721
720270
663466
569458
732885
729545
663941
150064
652608
663182
519738
663683
676328
447714
600204
661333
679283
664568
663878
661337
657811
663092
619009
663357
659310
662660
547465
647444
567846
610373
658412
661499
665958
655261
718522
603286
715779
587253
653742
449238
663620
574774
290820
731601
600488
713582
702075
287168
722057
712829
512354
720502
696354
658827
490273
180902
661376
664408
730816
600157
733541
587502
718605
568386
657641
126938
663731
662871
523470
702947
663659
659816
633993
741407
592572
733426
333118
595524
663113
708893
700044
335057
611057
664125
433201
666154
610118
663863
662937
462392
546324
661494
598703
640565
602526
5724
703823
703167
594648
714226
710463
553493
561110
189826
584478
741235
13291
709485
448833
644782
210739
661402
595493
568277
656129
708312
508644
658188
663938
731444
694796
634562
661947
723389
661318
741685
663130
663674
663087
519656
662780
741730
663414
733105
708772
661314
659424
732021
649066
705767
713833
719384
78592
733447
708256
646088
662795
731514
593027
602628
663640
714168
600177
697497
708178
663709
485365
653798
658890
659746
715052
706175
597496
728839
596208
592281
508769
676697
733428
702906
714239
720227
741461
509585
708332
645803
697561
663040
708672
571119
731648
733071
720681
661316
697172
536395
638095
663879
708120
656872
446345
710481
664374
741585
663953
662787
633942
661324
716096
667972
732548
706229
714198
724874
663784
714046
632688
658167
444569
663081
664360
655468
15738
707292
79881
706312
663115
699851
654770
663617
720940
602348
702933
705552
715117
664195
714000
733356
713973
664527
561796
136443
511952
190284
660954
731466
495566
599875
600450
368507
732714
598487
709531
710214
600867
664433
663107
663073
690444
662054
663703
725582
687918
594103
699808
733583
664215
663480
657935
655638
663485
664227
664042
600025
173233
658123
727631
741045
631797
658202
666431
594696
600761
659666
731443
595300
600961
659898
662183
135471
658476
663508
657735
593216
661375
733215
167087
723354
356721
601496
663102
193132
741527
707608
533977
648920
721030
661111
732137
432566
733010
600814
661395
720231
711070
713719
663395
654977
489932
659093
605083
707194
573202
712749
645902
663088
593418
655686
548018
290831
661343
731640
732516
61184
661331
661540
733401
733492
648636
664480
659952
634447
731577
709728
708367
726725
661335
730861
708274
152460
663099
9585
686668
633059
708158
595351
713120
595349
593376
713718
713777
274184
720106
634293
708811
731802
730726
706044
663708
656336
655631
687808
661842
591626
655950
593838
663783
712810
661567
713758
712578
430824
596613
661323
661803
648428
730313
93832
708558
436009
105944
626362
690916
663857
728926
663880
664424
604300
712937
596580
490745
633271
662166
734082
732280
293978
644954
664419
661482
594390
660695
712725
600087
663562
595285
731501
645643
664325
663180
633102
614195
710934
644915
732005
733014
663391
664412
634016
726614
663439
480321
657736
682029
657782
661491
663178
712917
661486
596182
677706
712977
593927
707338
657607
708653
720350
663770
635678
731606
595802
687325
469798
725427
483829
707322
733065
649902
663085
156316
662933
703497
595482
663362
596272
664434
476697
670718
663601
731421
675631
708066
591807
592114
662953
733491
594478
634675
604400
663077
662969
726339
731380
663553
711611
593176
430300
663768
573436
669724
659640
661520
707304
573018
594448
697258
644898
664066
571738
713014
585792
636388
662785
662467
713681
663176
632539
632988
193784
449114
115881
723432
663603
707453
714892
519520
687438
741186
663093
661385
594424
148721
661332
708459
426104
678310
654950
663967
676750
661336
706888
740926
632796
731679
454011
702885
539717
597387
665072
23033
658076
708350
333643
600667
720939
52931
710446
162010
713649
655426
663934
662399
712841
728972
699535
705892
597684
655575
675535
448226
705738
664265
130011
664225
560539
663474
656109
387576
707339
291209
598011
661490
661256
724692
605984
697535
663692
735793
732891
661377
658276
653990
567702
100261
662777
729105
741302
661894
663352
659136
661405
607849
714993
546568
530359
713135
708295
707188
696673
664387
594419
433010
634522
664217
723424
731814
444475
644901
655530
741257
661348
534603
551944
731502
715135
600825
708897
733064
663615
663956
662771
599962
595233
663685
734456
714206
732770
31181
569761
272234
664400
714301
647264
707184
661311
600484
682406
697073
205952
712897
664413
600362
634674
661321
592508
655411
663481
657784
506435
711594
655001
659732
656052
644980
733500
664402
663952
449153
698341
662473
88605
388742
651574
664209
712846
663660
702916
710391
7917
659711
660369
741649
727514
661061
596214
632983
731722
694087
555012
487161
708659
567822
601678
663714
740945
655579
733771
708149
732499
175569
694782
661310
732004
667639
663528
600030
569800
448879
662545
484769
462913
660941
276976
662784
732668
738476
449037
292580
644753
732384
663213
705798
656820
593435
657369
660047
603055
713662
713301
554140
733489
661398
443627
720884
661399
594580
714935
705547
735747
221334
715719
664231
511138
129290
571163
715735
654618
659483
644654
656220
733764
671570
645304
472024
600322
732608
741205
703723
662951
432331
661327
591538
649235
663655
694013
733508
656788
654971
720644
716727
697432
602987
715026
710837
632537
655424
713154
721374
645558
721120
137945
741228
436298
732900
599861
712922
663353
705664
663957
666310
694993
528087
661137
599574
528668
733479
136495
693875
644829
702200
558835
591571
477134
658306
725304
731644
447953
704508
633082
708262
662047
553031
632573
705912
662287
653522
634491
714620
213065
493517
666842
659405
732925
732023
594805
553217
645178
512525
480743
592455
592636
546527
437367
593861
600854
655274
656661
323562
707043
654969
514118
663459
731408
706076
655644
701265
730799
697075
737180
295923
525899
593090
694115
633766
180171
379858
740115
653927
712867
737320
522074
660583
596058
547030
612263
655444
606538
661393
705948
714164
707223
633885
162874
430013
600608
707264
514368
714388
709493
594599
741548
664532
655513
660032
732123
713634
655617
7395
568273
599033
553053
714596
559896
663762
708202
369785
680812
14822
660236
592851
661406
714023
664391
707430
708213
660551
598688
713078
733493
705884
30483
532959
715113
594258
664322
301858
596814
293184
592555
712672
662265
356794
718686
702041
670361
658408
597166
309316
143629
708270
182626
656462
660287
605433
643727
720458
654621
662781
713923
699389
602554
656487
723295
658703
727823
702126
695422
700083
128692
715132
663350
133352
723065
702902
430557
682312
723368
663331
709281
713643
634388
663146
663086
712899
719719
276523
660267
699527
707022
709767
648567
551995
711290
714873
442160
708712
652803
557644
592759
664378
700839
560115
726782
509398
536633
720975
655070
713747
661346
715039
664064
596515
677304
595031
658557
662069
713656
664373
517438
700975
595527
594832
709154
707383
713837
380956
645450
659367
600315
660933
661673
593011
572189
562144
662954
703379
644948
663177
663605
523262
649073
711686
663089
567539
661400
664390
657019
729364
662786
681887
552800
593514
708437
699316
712686
695621
664233
675655
124848
560695
710259
728357
574710
656216
732433
595320
705580
740656
657070
662227
663361
634568
660795
461807
713079
732050
374460
512372
597612
713326
711117
596397
664321
650092
546903
710438
599611
661226
594519
174021
732633
663712
737632
662684
657334
708338
658362
356273
732267
732251
663405
712597
663368
715270
195058
632435
567699
714988
702756
728457
713585
694927
737060
663722
222731
644773
664238
721310
712660
634439
731478
733341
224012
661605
705797
631994
707733
714517
562147
658710
130853
645734
664372
733601
657637
655787
741652
595264
30567
706897
657793
708630
663060
663514
580074
494568
663098
679424
700774
731440
598016
506748
134656
663504
655954
677708
721160
720318
337307
657828
585176
634443
661595
654357
705890
600862
602701
708005
664220
661914
653669
663487
595066
517207
654258
661396
715088
628573
446700
663935
595526
696718
741178
715916
446522
664398
732227
663477
633225
586298
657236
660398
658976
594262
599620
598166
703321
491779
584939
663764
657002
651549
713712
663951
656343
76171
693847
663137
430095
643648
655920
512542
714423
594609
592414
661380
659931
536913
594673
708779
707090
657308
720958
588460
653312
731423
658906
585672
663853
661401
707170
632878
663422
449095
429581
707250
686261
520703
663718
713035
664362
710451
595887
135763
661481
540345
107474
733527
658198
733619
707053
732347
658892
433047
656390
600088
664435
637588
710443
661390
725453
712967
713342
657016
713601
557938
733327
632626
526822
675578
563191
729350
721260
733284
467411
496271
731769
592599
707161
735735
232289
663335
657988
709723
727859
663179
702164
733599
732655
531550
644939
567490
711545
662181
658503
663890
663114
573586
714996
664359
656459
731573
662829
661351
535593
733602
707112
432535
656190
535901
659241
444049
645579
660291
514590
663564
547622
697218
125166
662984
567817
696702
714898
661341
554258
656446
663111
662955
710490
715338
633529
386793
728162
626608
689001
661374
664320
632900
648425
555895
661495
720597
663404
708460
705705
654512
486304
658678
497684
666537
433026
465411
729647
593873
>part
>ku
558829
591526
>uu
663559
634418
663483
663560
663482
733507
162171
542179
663653
663478
663591
663535
663532
663486
663554
712913
634410
634419
560290
663558
549788
663552
677265
663534
663484
543742
702919
634415
663505
600219
663511
634411
663503
600205
663507
663479
634416
634422
600233
559742
663526
663563
663753
543171
683395
663618
548305
634474
600609
663882
600605
600536
733534
663881
541954
600606
600604
600666
664126
663066
600074
662983
729496
600075
554579
540329
663188
663181
663051
663183
540753
663116
664355
664406
598527
634565
664241
651547
677221
663356
733581
572260
598708
635704
346856
664271
661136
690323
664237
729087
664399
653574
664219
664401
598707
663438
664221
661381
664565
664210
664343
572285
663355
664240
671180
663351
664344
664567
634401
663338
663963
664364
664228
663966
664564
663954
96360
162891
663358
671165
663440
663354
671167
565377
664403
634587
671181
663366
664361
663959
661138
663360
664436
538010
275663
634492
634532
663364
540584
664566
634399
539185
600160
661409
740856
663363
664573
663960
664363
600778
664405
661403
663962
664396
664065
671170
663958
661383
663112
545460
663349
664232
664392
664531
663365
661378
465730
664422
663359
663333
664529
634535
664394
664407
664224
658279
551042
663332
579390
671169
664388
671166
661384
664356
565813
664423
663337
663330
575301
671168
670725
664222
671179
664272
683893
661382
664358
600864
621141
664251
162734
663467
634404
733490
663471
663465
663549
663475
634403
544042
663470
663464
663463
663468
634407
663550
664264
665973
666045
665774
677705
709993
663657
661344
661285
427242
648918
634437
670437
662472
661132
670419
661388
671164
277346
324029
600386
663779
671163
653584
662471
663635
662968
634441
663769
663830
663682
600335
661484
661317
663686
663711
634454
598687
662474
663772
552431
662973
733535
661133
661489
534743
599571
663765
661386
663662
663684
336650
598783
663761
663687
600303
663713
733067
661483
323655
661355
733515
537760
708438
661328
634194
663774
649086
661387
663681
661342
702801
662470
662966
663767
661488
432947
662967
663658
733068
663781
661334
427229
561073
661349
663780
598784
544174
693980
661354
663680
661326
661339
651521
690321
662971
599572
662469
661330
662468
662970
729518
663704
661338
161894
697182
663661
663715
733526
710418
663705
662972
687543
663634
633990
588905
582807
161705
670421
662965
561867
640545
554470
661487
640590
663706
710453
738371
661352
661340
598702
599573
662794
661356
661493
661329
663775
539750
520038
661485
661353
634229
662466
661350
661320
661492
600471
663602
663719
600288
540093
663604
663610
663611
325198
663867
733444
663095
639443
551409
662952
663108
663103
634342
663101
663096
105428
600015
663094
663091
567106
663097
634343
518145
664375
661371
663734
663984
600866
430851
664236
670723
599869
664427
560725
671175
661312
661392
662779
662677
661135
634309
303427
664131
664410
661397
661410
562304
664418
664376
661389
663851
649121
634564
664417
663850
539414
720700
662778
664411
662774
664414
600520
635651
663983
663940
662783
600346
664206
663735
663777
671182
606549
664061
664416
662776
600321
572568
663944
664705
634558
544119
663939
664370
664323
633997
636819
661407
577314
661370
664415
670438
574757
653603
634490
664428
664062
664430
664132
600813
566159
664218
598705
377508
324207
661309
664205
662775
600521
663778
663936
661408
664534
547732
649591
664250
663982
664377
661394
663945
661373
661391
600742
662782
664059
651531
663732
664431
663776
634455
663084
545107
544121
544150
663129
600760
664570
664245
664342
163690
738091
600228
566597
663460
607056
731276
600174
663521
733498
600175
720761
191602
661379
670728
>kn
436500
741170
18192
701398
634612
715792
558387
681616
249718
133337
500104
29106
15159
523715
434937
7862
505874
211463
336810
439481
632703
654989
631781
75056
524210
525549
49774
9234
308628
93670
279784
407694
706355
484551
504877
532851
170953
16622
145068
293563
203717
654827
234642
520182
319334
29899
444959
86543
546287
407856
432413
632404
258855
374950
446685
334846
731854
158497
513153
520122
596025
595458
550906
516954
65135
130098
75812
631630
192233
474935
519035
400095
686171
713956
741175
943
580300
523680
82793
435413
496710
133135
201858
444975
301853
712658
422986
498892
293274
13366
47517
601562
162777
640836
6076
523789
446429
89643
408427
656782
54609
469473
99120
522665
513851
531856
584905
83753
173611
524648
148641
369921
7854
433419
368078
570189
75243
741169
53454
5324
408577
594658
510407
409140
377830
2719
407604
494691
655455
33476
593422
726537
440900
33642
534527
514505
471779
518236
499158
510833
117545
79411
275352
26890
156727
507333
434980
474053
429666
532286
430589
221761
133475
519162
144407
58633
546269
514051
365116
196990
732677
606584
181128
144468
267245
3100
75799
496098
491582
136947
730654
446374
597484
632787
631923
19156
325978
719938
731574
389378
344151
592327
591456
530024
444099
278573
167641
276808
530096
731513
333907
741187
486548
595669
368254
231411
488624
731575
523847
741382
248267
134296
632717
513646
435700
413416
194110
700338
363138
494173
631768
509499
301904
286226
593985
593446
435815
204773
741319
270244
558799
356416
401843
584842
117339
69293
741450
458358
208765
369056
531614
485471
270833
471401
48297
720388
433701
15744
211079
720151
497893
323342
118633
406678
741280
97439
474384
283565
319438
654580
471441
419171
370504
587350
710246
631551
633514
546323
54457
591363
300772
438994
155040
507783
564188
270017
430075
40499
437256
443914
533655
167017
557550
505824
317243
473152
520794
503692
528634
516111
6815
78880
434996
482605
369670
123534
91747
377894
731481
478125
187636
507681
62886
503878
460789
433764
77793
518270
468442
191219
517310
343244
435557
13781
524271
449523
6874
708687
208597
645792
430551
657058
95612
334911
181326
159509
654952
269577
440950
591360
274531
128453
59889
239718
498115
211929
109731
518562
71941
62578
502917
133421
514196
415414
434957
515785
372378
2533
390287
592490
475733
284292
516087
519568
23119
502875
369624
471452
81848
520145
76111
118681
23650
29282
567431
368160
731661
1908
489040
469313
507991
524762
278695
643514
15825
63290
250758
78089
586423
89545
571246
80358
151218
652114
591671
516182
516933
516826
434053
515846
416207
335355
631661
162458
356285
607212
105465
213467
326
620596
77961
439894
488181
22546
515266
639609
147027
199561
128548
149168
520341
677623
9914
380953
433180
647774
655167
8364
517066
436803
49582
298280
439815
4029
278277
255230
355753
306123
79625
82719
591457
509780
482390
644306
381178
91579
149500
75516
72290
414579
129206
532609
7910
133044
482043
202543
346566
439620
490789
75317
287714
370365
293077
444818
655373
652255
472475
740434
278362
119815
495961
4276
398989
502176
504609
381134
420272
336994
445588
534375
405479
474751
306307
495656
10101
521056
528889
491861
556986
6126
415342
308992
160871
499709
12102
351461
3192
516505
497391
440049
463785
521461
437894
387057
728762
162241
709570
516217
647334
479396
18925
5258
32018
4253
284630
584921
292882
534261
372924
499941
519168
654604
592170
144513
472564
488240
660010
443417
504115
525105
75361
493750
466471
524224
195080
537218
282050
522384
191582
733412
644524
612782
700344
647069
546291
514489
516160
284279
632483
523009
632119
445711
13495
469944
741412
708393
592124
386324
519702
430425
250905
334868
410037
731718
407368
514535
283869
473117
482491
529023
100874
712915
471675
521640
304362
368996
483521
530291
272927
373857
532768
526464
707281
600681
369606
203099
656619
465985
350899
98317
404056
518827
733045
23349
400625
177841
370510
415172
517981
367992
420244
516032
585066
528803
740551
569843
294145
387804
645273
458283
555866
731748
591868
478275
406014
468415
484741
82794
598475
655108
518055
521903
524293
96513
144011
634944
505136
647082
145386
531081
654463
403790
517331
71040
431048
424484
37982
355570
19414
434253
741237
479677
446664
654803
632773
528780
655684
729062
75189
101307
78619
128576
445387
151777
643544
198269
522493
279837
654965
591002
740414
109520
23363
333579
372775
3447
417004
3439
516114
443572
516986
732509
524630
444558
65641
12420
577256
487046
374556
513856
636480
653202
656137
368610
289015
482497
596136
291587
513457
727072
515155
515111
83381
465924
54673
408542
460238
498292
39429
489201
150824
308340
370895
504320
612155
172847
170019
387255
518417
252839
57973
591731
654591
467960
443673
482144
159028
496587
81328
737206
493739
512564
37916
254042
520636
647062
461200
509765
502769
476448
174050
602037
483036
148078
239631
692209
495960
522823
333120
524518
480356
288761
204564
467862
28914
29444
496544
647097
24557
446149
652183
467866
23170
632226
521922
656411
338207
522590
657347
568209
15277
511605
643754
498028
10326
654387
449098
288178
189409
302738
461925
434102
5308
595983
1342
632184
1968
652423
741247
420024
152414
467701
654634
732047
437460
153458
293753
546239
150718
121540
464779
730730
112444
706016
643455
155983
449585
414565
1239
546250
513803
162877
12865
334832
466919
500674
409223
655055
405662
632314
440544
534560
438689
518731
7962
435661
84084
65238
515872
372265
143736
149098
534032
183390
371617
532188
656515
127249
428027
288772
519873
201641
77498
81874
730768
192649
128791
252457
12999
229641
446079
211594
98321
440414
91448
656905
526711
494419
516807
333786
515169
726187
497599
511801
164303
440382
24212
594434
524430
467279
525607
438720
316890
210469
372914
466539
213470
515500
446260
31334
445356
436405
333132
377705
278569
183800
111632
181444
259594
110695
647421
506759
509264
15580
741339
122115
175955
368404
514802
515664
522310
414473
110849
22065
517419
203910
514220
530791
75798
731528
381050
27475
439480
740386
741208
514681
596096
732409
529631
75841
578443
632232
104636
18946
103665
200600
525134
649307
724025
97616
546286
507076
75514
661665
368376
370102
521240
203634
421608
611072
533771
113094
654907
166120
741338
247362
654848
250632
109778
596014
523215
656294
484188
632199
363137
534168
517436
634632
178695
1707
262857
7753
524800
448342
571841
1437
484099
730789
66708
685640
192374
687688
445351
644610
433343
592292
516948
534322
246413
192221
720076
298705
485130
656660
170622
369397
481571
503368
523468
6217
647120
645344
129798
70312
435228
729258
463506
5120
515469
502948
335933
92732
517888
469630
435231
75859
651245
109225
172685
555996
508716
534360
23111
106674
417077
388188
60339
475392
295917
741160
480073
111903
446354
496646
433951
303025
534383
223141
654988
647707
108957
8375
98255
522114
513225
432397
191186
502836
631730
524308
275243
485246
532793
20131
523456
469287
58756
12084
1706
153521
518203
164595
444467
593833
530899
29665
170473
458346
653349
657991
470417
733066
523936
123642
649475
271135
435326
515642
489287
193226
200136
348883
159711
389107
81934
82919
741600
731863
525600
466766
284295
728837
524280
312098
514819
460924
154296
741297
102914
435941
474069
510989
461253
368525
38114
655909
433845
355927
594563
10842
321709
411138
598297
614080
144949
527778
419859
3530
75307
77500
525196
425777
374191
694157
13351
74034
256667
76152
440932
585378
522817
101915
433702
604001
593645
530227
740431
234896
98265
481202
415058
370379
594236
510328
148989
408702
321541
592078
503284
600029
74564
643431
133512
511998
54680
477115
91586
374378
370781
726215
102336
101150
47166
591506
541177
159188
406799
522789
502330
534454
368971
465645
444448
34114
435136
9825
524763
472831
31130
512676
530101
434914
599039
509637
339639
528222
517293
732184
483454
530538
634408
282410
105806
655515
741328
106730
654968
500483
718943
76753
425125
721946
491682
488189
513075
437249
433159
31532
492599
477375
446065
146339
591852
420559
584801
529782
465744
532411
5009
733180
419463
479223
645009
369607
104320
729356
123072
288232
567378
292524
535224
528320
650174
81071
112968
102928
496487
655189
472409
106529
418045
513683
306242
741217
438678
592859
183817
444468
82128
379821
5158
413074
523822
29383
100299
592171
463074
533732
180062
367854
199763
464071
657750
654964
435610
280342
492208
55016
716128
520048
150557
389700
436873
624002
107125
204947
67896
713690
53996
258563
372050
534404
120165
605712
655285
642817
75360
476319
124696
47062
508266
194669
159118
741294
335614
500788
256206
726290
695681
508113
380164
622871
279913
741401
444212
404321
518662
473394
657268
446017
288151
731826
585118
512181
632317
194692
46850
379466
695
194408
714477
126857
30174
631618
647063
458747
288382
470412
110298
5148
484500
19196
644794
15114
603111
861
516105
521924
560655
414740
8752
465144
69771
7200
27222
593134
591569
524390
163113
702168
438830
75254
351474
479122
274256
190334
389452
524828
38621
441072
351558
614974
578450
464137
643467
6551
491232
534450
546298
237825
380627
436944
475506
25338
172928
731647
203559
460109
12956
475812
632179
522401
659517
558396
473721
330073
647078
8904
729498
741244
533934
571886
437403
13318
512675
443240
23582
281902
2795
654698
233240
110637
160562
535896
349092
524183
282795
474005
631989
278064
504998
501252
470907
269898
300816
476033
21145
567284
131452
467210
175343
524219
122523
584864
356502
477009
663950
660053
199877
102406
513053
503163
533444
472558
431850
523454
3346
349656
17109
429180
405913
593351
533308
520943
712713
75182
655266
513470
380857
25647
522418
632762
162989
91521
530735
598320
512235
439463
524760
655165
730597
741172
478481
513617
709469
497581
485899
352240
76272
534350
73722
9788
534309
513706
229335
370480
485871
585011
119598
288959
459049
352656
406620
593995
471156
439726
16936
370927
643430
436350
351665
282665
287411
741196
517941
97887
263812
741157
350927
268939
480042
592510
740445
646645
741199
591947
387567
281707
523370
62771
569831
162585
644420
19977
505934
36587
274539
323363
299002
491322
209561
706674
524431
280951
591451
509451
475074
555947
534525
134859
434232
91566
272168
390568
654568
136905
332708
372208
647036
741263
436977
32417
493919
247921
654863
212102
83634
50727
230601
437277
433863
660640
446123
596643
463059
106212
256526
368431
78771
114191
356744
249591
515714
503709
440643
594647
651219
81424
306769
522257
525629
520246
29595
439040
106469
5811
632865
592130
534196
522057
440553
500066
87779
505326
632486
220950
103147
397609
591588
440494
370024
432491
534538
299055
1869
408909
133397
390599
421136
356799
102
517821
89781
728902
591133
133469
386567
591106
708172
706124
593148
511143
495912
651221
730779
471014
250723
715348
252713
413812
505516
544577
513043
509017
118076
464585
399810
411299
131740
594338
368084
696283
445890
509163
728813
156509
23876
375217
194385
502823
565094
719927
198161
356247
445899
511703
504895
654980
723254
529303
304249
104215
463105
99962
732725
163754
371723
419240
740389
656673
333179
399800
501522
532803
517969
118354
75093
505104
374596
648394
654404
40966
631841
78354
529592
443831
162852
718438
9534
162200
523443
654602
439199
178551
255935
58663
443750
663312
650537
514581
416089
286192
498173
162963
545950
278564
303787
268849
292549
567714
655502
591976
272822
741277
89603
1787
655131
631163
193566
13528
419640
558922
374485
435850
381105
527193
525622
6396
703306
656074
376722
520819
530539
539684
458280
429839
495417
449909
482526
656790
535297
533709
231942
497492
426296
741374
467151
436061
183994
356626
270525
389037
464391
476930
719958
134602
567502
661130
376209
60300
655156
461361
655643
474217
188464
591384
444450
463045
631789
149185
594952
288274
268530
591499
591945
741526
490512
643702
463439
591486
74368
169474
730710
352768
65436
591151
515687
194718
30054
506381
499960
516994
157160
412370
61635
126357
99141
234282
181163
523145
496512
262886
271695
163645
170107
465808
129895
527989
476595
29341
512026
592286
7471
461086
258551
486360
19673
460179
286073
448979
356719
474536
515154
529509
231320
631840
438953
500775
437638
78948
531106
157113
528300
494622
741152
309403
438918
77558
533782
71787
444472
522699
522507
502829
530730
653654
567572
421509
303676
741264
98594
431307
56045
7236
235750
368794
529340
491494
301404
654570
301658
433529
306051
412842
732105
337730
375957
82201
369728
134885
380271
410596
347991
659291
406861
592142
437366
514012
105153
408241
371001
381214
432699
369615
524910
380225
634882
461655
22399
304192
663766
449662
112195
61418
397978
528007
603252
516157
475387
466435
504517
183684
719951
433750
107812
534333
406756
512914
212088
279915
175534
264887
370950
591038
438454
709644
388613
587979
435535
631549
644504
591329
590958
514151
662284
726012
431668
257970
454640
496843
335393
727355
368214
406423
235390
741286
334587
26232
79347
185807
6638
525163
655014
433427
567571
463421
213724
632918
522568
533719
508738
437385
6451
603676
529517
523004
275865
515210
334707
8361
500333
443379
497816
600545
524094
134406
374588
143067
57988
183435
654718
121549
202238
522484
279652
655378
431109
485434
443728
95600
473927
355126
515329
401903
179565
654550
81131
301613
442634
7907
69855
406683
558536
656646
463375
654422
715194
79101
521969
433442
405880
356398
433615
202522
407983
740631
547172
497520
588655
190086
117929
191510
496684
740570
467733
654978
172791
535762
502745
238839
195464
731438
339453
465849
602086
460
200100
347408
632721
467634
149103
184492
588815
731827
720393
7744
370312
514179
8036
492314
643552
592116
287749
111801
178357
481819
458986
510172
356366
592095
654660
356331
146688
610084
696735
132599
580464
719906
709193
164060
92308
582627
343383
656803
486542
655215
718984
527861
741402
26023
507074
417029
480597
652159
546288
182885
591162
389638
533549
108029
285847
12332
369373
182255
741420
522632
446414
663619
715040
567424
445893
517216
720173
209983
191842
475872
356231
627962
489132
269004
165736
66731
721234
632447
729520
656313
369285
518249
514216
740368
530823
409925
528385
55879
369581
119591
522650
221847
489051
490415
527688
406475
315137
418233
410817
535192
497350
591518
253319
557655
103106
523560
406013
7644
534314
187946
118474
632807
720136
522561
171626
520414
709257
475382
27693
522662
433146
518119
462598
565725
413123
8859
492555
741447
591680
417962
418175
467807
494337
567598
386225
125898
437779
430606
127403
34576
474018
723297
485060
637001
5062
130036
406520
77100
76917
500067
709228
347535
292804
458513
337766
75348
730862
401929
212395
591589
502773
438227
530862
473788
586059
438838
381061
732666
133916
476432
660192
78466
920
164226
503594
89864
477346
472651
517830
481181
493791
648565
631557
380887
263912
105460
726316
379018
183702
512867
491912
156178
422990
12970
485628
473583
173001
145956
369039
477352
525513
48353
509083
469376
591605
26006
55999
421848
289123
513266
647064
409834
352250
473761
355141
731853
528050
604551
535319
264208
167496
643683
351475
462971
368433
712598
494985
459379
654566
520189
353090
86905
78060
458414
500409
546407
14611
496191
535804
144700
605502
75139
731568
554762
731969
6418
656498
533526
444118
655006
95972
533479
436568
277677
101174
275736
515598
470646
528439
486084
414396
597755
13999
435933
323489
659013
82045
593920
120855
189075
272630
352018
522826
386684
5613
84549
729265
96996
429
374257
50098
172602
437594
148272
656205
280604
201083
521973
282417
535298
274873
653163
509791
525392
120963
435052
522819
531785
720143
102696
109052
20274
179309
475125
436439
573007
292457
408073
708190
435012
24054
709581
368296
443081
108969
188606
504301
524502
352671
256301
16258
444986
181112
523550
163451
632296
387208
538286
462946
301478
192103
554829
648612
483494
512932
131226
372633
514193
696238
655277
656723
167046
446890
525232
737088
283374
657131
591306
459538
317192
440475
82890
368359
339831
119251
654379
632515
522500
502659
433060
518460
44385
517820
433759
533551
274402
36959
193118
533282
173088
471207
103137
632729
408142
558009
33719
731847
117136
520627
432132
514477
282700
740490
292493
148105
647079
515890
446251
183428
444407
567236
433670
520042
136247
529862
516023
76686
160211
5268
412468
593928
478031
181244
187694
283851
517232
474643
3068
593382
3989
180141
406277
519574
519783
529798
731510
388347
12341
458499
654720
14317
715556
506357
598540
374127
514132
515475
445999
276770
82327
410455
563491
591967
495039
433391
87194
10649
708114
732031
26837
191346
523512
492859
644384
20013
269512
516176
499925
418093
131436
189772
471381
493668
96459
15250
643813
705480
515879
40919
517262
370770
740620
614787
445052
498548
469970
224137
14555
95140
591159
567342
525251
234521
654636
133350
401218
11125
655179
525017
444451
558296
308171
147762
444200
300076
546289
631725
432914
79088
131151
523718
314359
253903
654593
202517
371794
24701
279806
302742
510078
484950
293560
493771
518773
3017
502876
77978
6734
108104
731923
655338
209614
207106
513083
522373
707712
104925
595071
211571
54943
435512
381072
336681
12107
718492
515560
461819
56
200022
292154
284284
532634
438863
103561
561314
337295
530597
523252
654475
54277
520313
514211
111024
293798
731707
171280
511504
83636
713535
647409
719239
534255
409230
482017
741156
149991
444349
467097
192854
475208
741289
218366
480311
515848
474584
526902
655143
523045
100914
75231
524590
584916
17569
516671
201978
732341
461722
85155
512599
82432
524947
515634
485158
11042
9997
518475
445403
79387
5345
117938
632252
567438
741291
597057
405156
24258
508725
154654
518060
158304
479766
727580
90875
95577
657844
282326
352631
402752
170131
591347
655387
16349
67201
427232
533055
494705
397638
708096
145575
731866
300141
298654
270043
227253
356766
191734
85769
150580
514063
63788
487200
96
655327
495710
155218
496068
530261
655046
202011
699841
372123
408018
211511
474116
514821
644628
654668
28540
728980
376933
432862
280378
182385
495834
654599
731416
154084
205558
290758
654610
372616
512815
472838
33455
333427
111867
535011
124147
458426
202354
3260
621200
76224
467306
369089
436383
648806
270291
288284
594634
239500
591054
489142
513695
631869
103159
77768
532164
596164
159472
1197
631656
21938
140452
201446
15591
459759
646318
515070
477370
512144
631724
503093
468410
215766
434081
454534
100915
643801
221737
470038
524250
487027
231616
318547
508423
740515
593339
460336
105887
604915
533624
731476
581320
130704
591915
9676
17680
649191
569017
197644
431471
12013
8102
236774
66915
79081
75256
523442
76394
552810
572535
181300
521926
330463
59719
660396
307734
22587
23133
478868
336916
2853
178715
470399
333418
470996
121575
116467
421202
500842
503022
410388
533721
404741
625768
466714
183850
436166
73527
144130
1063
612151
474705
39925
162757
592129
128959
153961
496267
436446
412433
370408
442344
85539
194754
525093
719176
443258
657632
371249
603629
36688
720172
55847
76884
512607
513626
730870
6909
411641
661972
57652
9661
507584
527105
212838
720898
484047
448497
444319
644234
384598
516522
660718
35052
740365
446336
82609
117183
660760
414418
708268
24956
557097
483873
443731
142736
412196
73797
116459
498569
33962
115838
652364
556296
46894
102798
122926
18894
462680
492212
443301
279929
591809
107527
169615
157378
282177
516837
355643
421907
488143
709321
504315
38044
418450
515542
435044
7517
741300
493225
77897
720177
500643
533192
308122
231850
568006
291196
655519
741298
119316
61469
584936
11776
99936
564847
518997
477128
511316
628886
284141
280130
135646
517553
380389
520149
632554
415842
309763
524368
741191
208358
741259
730618
435001
649234
31720
170737
518346
146632
17546
433381
706587
433068
506276
632385
35198
437647
149305
729187
448229
327527
719189
514806
558428
173524
647060
472667
134623
20103
411501
591742
78989
728777
627414
471873
25892
339278
439180
740394
513058
483305
123119
491351
644125
9347
631639
477028
2006
603131
533710
406515
597664
203206
4973
442657
438219
185172
119273
437008
202
593973
657926
232532
553497
18442
356190
654821
376064
714231
369761
731524
186486
505676
162659
69504
513463
192619
48849
740488
288969
475963
437075
252967
123070
592944
503560
433291
6891
105642
28020
106876
213264
723344
528305
152173
412482
470477
719925
270437
606838
153177
313905
440219
730800
584909
285051
593292
153357
643548
42644
195060
152717
590143
440401
436975
343873
458365
258209
118243
221375
741154
479747
438550
409561
740597
435290
272813
410965
163893
270655
590908
436098
370267
517670
180877
518123
12253
20848
534770
459072
187459
461113
592123
147765
483444
487635
246381
570821
156171
151536
708182
250581
517148
534456
632258
740577
292472
585931
421245
356742
157659
504249
651512
657722
631593
470588
597434
12106
276878
193043
472852
487341
356440
523913
567943
715494
368149
406050
511067
660143
612096
75061
516539
94865
406534
696631
434247
501293
632708
403171
171844
308074
577775
30619
73875
4900
387679
25313
282376
808
221127
511839
289092
513490
466625
498727
410231
349570
416049
81964
103521
7012
714127
656361
194816
647044
432818
517864
647371
500822
82961
148559
235116
485527
348979
443031
438102
657271
719935
376071
279640
250666
499839
434248
520967
48428
655785
227656
324844
29802
247077
603858
656298
821
169358
173724
108080
283402
469045
467284
731649
301048
309231
323396
108408
334370
632282
198760
631988
5333
657018
30345
713623
522090
2178
632456
468702
731569
696428
143873
604789
515474
444673
448854
434900
112377
708017
9587
730672
480848
594250
210751
534667
34560
133321
482038
546283
509966
9003
373560
499725
370581
79110
653288
515255
491148
8033
10784
286221
133968
320890
330384
7736
347014
731391
591582
716652
660812
531713
379754
570362
519909
591474
407202
704031
570791
504620
430646
113876
481569
433732
644906
191179
311346
656244
531176
468140
94695
279529
517601
716456
5662
567337
653258
731767
466507
437058
481927
250899
368934
156367
73800
374067
504534
632120
356467
473632
591768
406840
5719
111577
485205
653859
469918
232543
478469
515517
287521
13034
521530
655105
503043
481898
585374
655988
591047
446459
508154
371987
7367
226007
49143
459790
76480
705699
632368
421257
647119
517421
443976
529353
439152
356224
577281
445203
173878
322473
439200
61441
523185
314263
740376
483486
144873
105818
447011
146668
465323
380906
730749
12286
741589
740399
177576
27267
221497
481542
446270
502528
516450
513520
596982
288936
389996
506652
709609
216623
647419
632706
483136
471818
510324
532790
567235
95120
75117
706662
711461
409602
17118
63489
654473
480701
515053
78582
733072
590939
238303
120
591666
190622
356545
741239
643120
660887
741293
591923
183706
521487
462323
78960
497636
464472
43670
207776
576320
654815
221889
149219
436186
381126
593171
87752
442707
5086
137510
515162
519659
454528
436426
291000
567501
381204
374650
57813
427284
591061
55220
502842
644105
434406
703523
385956
191215
533499
292156
302051
132227
335551
658251
433738
517155
353181
500724
433203
208544
520102
549751
511768
464572
467192
166011
139053
567261
715543
407926
436939
531789
439381
26530
24135
494614
10846
93842
596543
459265
476018
187058
655369
632041
31387
125113
631856
643566
436657
632223
591720
24587
500419
503134
515472
144058
730686
671268
17686
714425
741183
466154
268573
334713
199625
108530
103934
144835
3041
512636
129673
530479
289052
432562
59425
514116
172865
435938
490287
146393
483239
476680
487510
518611
34024
39311
531064
578684
532786
497183
146804
88556
517307
643608
77060
570274
406238
727986
647450
485262
597216
22960
657969
296049
502705
329327
546271
628599
594331
529677
729144
134060
174273
730610
740554
592161
43322
713636
530000
350265
133892
514870
558601
277624
590870
134688
435381
520070
75318
31819
643424
632469
507769
512680
729372
331420
655622
726435
486589
500007
643658
591415
733403
371642
1004
373642
642990
531788
594496
390736
130593
480190
731890
388645
123198
513609
698060
437275
309090
631587
518244
79322
741151
529059
584908
106185
148340
90061
741204
655248
158932
500013
502244
450230
487296
396740
493804
702907
12967
532359
524517
532626
520757
420796
713051
523852
111779
586219
500635
2430
251531
510402
435369
592108
663548
438872
173030
513915
377416
288215
289019
97013
484288
265829
433540
55682
462379
594171
655234
704983
205326
590945
424126
503721
502756
26010
388654
286261
513055
529451
596607
508545
438231
372688
328236
423348
635350
1027
30385
94229
177530
348112
148656
35199
213389
741552
265174
187624
532399
446588
591633
520494
190384
424908
524464
611541
525401
318526
466804
594708
522863
462316
503716
171995
434412
458487
655654
654619
368631
728857
714749
474213
436743
591952
515550
271876
443121
185677
726053
652690
522675
530734
521092
370703
500761
270869
603880
529618
226499
657405
465413
580910
646264
516484
520037
657067
655346
732022
16157
446852
529272
432822
422336
352839
437497
203961
631590
8739
112058
584901
224607
513261
112160
400876
520898
17719
305985
479693
316750
480653
695185
571177
581170
716464
654418
643005
429608
6093
434890
59332
233952
631863
647023
348500
84753
386693
500756
522109
509736
362728
356096
699822
598832
474066
268177
255973
413045
513797
61430
643610
380118
488293
25130
728759
9383
498543
655329
703237
7486
562568
446438
659209
713170
130774
248785
134084
35125
153022
106019
516646
741377
83722
185489
519557
7036
509622
368920
502328
656271
416630
632707
591463
166486
183861
327631
315177
104019
23960
529438
187763
421724
510927
74405
464336
464595
502458
518198
368866
408515
411480
559040
483564
511425
632531
535898
740404
493309
158688
644352
54697
406300
209945
294005
731824
492407
163909
78065
468026
632379
42806
438782
553987
500874
567229
435291
643536
437338
118666
655217
74655
348531
99819
190968
529163
463759
741177
602085
708076
518530
298716
529053
534346
404802
567596
350268
741354
430199
162807
159556
654552
593159
504613
508284
459095
381219
591358
510635
534847
368912
328232
740530
655743
368855
110839
645295
516966
647016
205163
170839
462492
495349
80305
130730
523084
296776
31704
633509
48513
90436
66170
351296
3887
468688
704511
533287
507948
524817
232194
355162
618430
368282
590886
68714
632481
533903
465627
279594
75813
591069
647752
632013
278959
733070
369279
531111
87159
490203
510543
655284
515122
430849
77422
386390
232165
7835
1048
288940
655921
200250
357637
2785
443625
41296
271341
465295
534453
279669
471119
482873
189716
607819
461117
6764
592088
553851
489284
514920
445803
282678
388004
130917
590868
523438
22907
517338
9911
373763
618145
592081
102558
558537
531668
578973
719954
321231
370937
405925
1832
592456
584851
643910
405610
2704
162032
631761
503546
713564
518727
741306
700576
14791
488282
709561
655273
514297
732570
278429
409934
380291
167451
574240
80296
524599
16695
229988
5912
260855
181046
271643
369431
122363
371344
31439
302740
14623
499607
642042
655623
741327
731413
719465
445511
278815
641481
313247
491577
369522
740377
373550
732228
186810
489355
177861
514941
732259
165195
399984
15961
515417
590970
483259
505004
515242
21639
277101
449291
484547
463936
202453
88297
546285
25601
591502
657494
590937
271510
147950
9061
173464
595333
104476
645317
156527
593613
444749
389649
449009
347270
118725
438429
262823
528833
24998
179986
495240
445775
517937
443330
416998
202097
44276
445981
276925
446427
408434
96322
364544
356061
701982
512661
114412
406461
467637
436585
732773
90303
440525
2780
435255
514465
343334
471851
532082
15827
44766
372331
443735
654899
301094
533273
204121
105269
466391
138860
349150
731909
517817
660384
567356
525330
460645
696211
356630
532749
111286
554831
726920
55940
185055
534619
98475
534773
356654
444776
643864
656996
446309
181368
656185
44070
514373
277721
15200
709320
591121
513667
15977
163484
293971
518524
520094
627078
655056
449609
24379
377484
599470
369068
372003
590876
465929
500375
591395
231883
279245
57771
522147
293653
288164
327736
520205
288229
433269
163776
301961
514303
567968
514636
631579
499793
470369
274422
57732
510847
26704
233119
408708
466828
642874
593014
575631
388739
99949
655772
632144
12923
721001
532315
178011
524731
90107
709550
6651
307962
513779
445019
9857
596449
14468
654939
317304
727344
499209
591095
631614
421621
466929
277704
645517
554791
741173
282975
59214
351875
469244
436636
437191
334534
522472
517768
352224
655057
516077
25786
482910
76244
524498
516155
645288
438991
512670
517729
400295
9527
502302
99145
255462
643452
195727
47382
333526
268742
741396
654824
349283
488478
292078
133379
199743
631827
469171
118400
507704
741405
557709
433901
24301
112318
491737
654688
334612
515371
59523
5462
532853
64004
519337
275775
109051
448889
740407
558422
520973
603732
474740
75864
406096
20315
189585
151134
504317
3094
132966
472213
104672
193406
487360
437341
137562
534384
170986
515139
111256
706828
406068
731941
462729
524815
390667
162233
714302
80986
620644
502915
356873
98943
423935
478407
422967
521008
9589
591166
878
644708
506852
72901
514527
80132
356050
470233
436902
445868
372286
570455
28491
658099
567380
406510
530749
363492
644000
15106
86320
321689
371889
440955
13982
526754
483924
546261
135406
654562
741193
172772
741248
592178
181173
491745
654350
642660
609336
647075
335079
78788
662248
438289
355606
496451
644633
104315
657032
435832
534301
522087
408236
534477
369920
534521
158427
124953
518155
270428
610830
523753
462086
54780
660080
369042
516777
500197
437006
20521
406234
525238
484738
37617
130293
515271
643560
523506
728878
654816
152292
551962
654616
529044
437322
371718
643580
95243
432674
273330
213666
136309
436093
493819
159161
500645
381123
445534
431045
467740
534373
160786
531561
591455
533030
508848
710546
200804
533770
460857
533474
460355
400740
525205
519884
445570
532469
496279
700353
462998
83383
196176
647067
593430
83190
410977
643600
208680
372082
30570
489207
129261
534293
473296
373947
168073
318894
525088
201398
429819
700188
565319
523463
485557
190028
740459
466693
508514
522616
72026
24167
476365
396644
631582
377992
116244
268726
511251
476517
505652
75527
514174
36794
621695
188553
365706
284491
529755
159130
438265
616962
284207
118110
594170
573143
475538
488827
24178
533514
490551
368527
505735
441038
629638
731817
75438
112569
552819
740645
570355
592184
655964
21765
654620
472497
661088
799
567619
567426
263671
513632
430299
211602
517949
519632
741226
508010
136235
220971
731675
654762
739872
360940
632151
643357
50425
696231
118241
467759
521212
519672
500466
444106
380250
732075
659851
707753
258576
214142
444403
474010
183153
562227
430439
26904
191213
368592
607928
111554
740452
731668
16059
6483
584985
660109
645535
76873
22616
654502
15535
180414
643051
62661
514599
594084
433795
447654
596704
592262
197116
731414
124047
472471
280741
89649
536663
469018
719203
515164
730830
469060
373741
713595
77318
16004
494648
365365
34045
461175
518525
246310
597091
696087
491060
644919
432121
74375
321273
524690
274313
404568
523899
487774
524899
190495
201034
83147
433222
163898
9925
460996
310645
148767
326387
205144
199850
98259
471768
477287
442798
372680
514495
731864
437178
728908
517145
466165
132760
469872
443460
194329
500921
293660
654447
442609
119177
311640
719966
533040
237536
712144
709297
451997
529495
460693
155827
464210
147381
72925
23581
553723
146180
436161
741210
242458
530009
466662
731633
591078
517168
518464
446091
188634
529178
477361
62275
514284
481186
129563
356377
405410
370771
631672
647056
523732
172550
522555
271614
112242
448588
517033
99528
485910
526521
78888
375707
183109
425311
486285
87889
584839
520287
389461
170599
643605
571037
505059
157078
445498
27239
301696
9315
112553
504687
2131
369614
184233
596105
17466
592347
76704
474949
112955
86912
741251
476358
519523
130934
269560
713588
207538
260750
413482
456507
259412
501345
374201
88778
520348
516664
634506
591664
507087
433332
335139
7158
546292
644095
533013
23248
440968
631602
431367
369430
465041
232375
159014
114286
120323
162121
517070
4055
532401
142074
482730
460923
435013
129195
24598
188882
463456
652389
534679
463035
591122
642624
1690
654471
515243
114309
458401
117853
460141
437846
272062
332173
414809
75682
78224
655301
146312
741531
446574
555910
82916
631971
632738
439309
533738
20107
467338
466775
168799
467408
373612
118738
662152
464333
287362
700779
246112
289347
741153
356572
498397
335163
180903
455493
26670
587231
514474
27021
522413
207459
463041
155729
146602
9235
410889
150122
631858
29698
518805
160958
356769
180871
289271
212957
27059
169982
511991
95835
458485
741457
378103
534517
12152
655334
476636
11355
423163
617449
464438
632326
124366
654400
236361
13662
532755
591375
578109
523811
494186
273621
594444
515064
654371
380403
432485
313544
731459
632161
642701
483423
643433
594042
471933
213061
529420
374477
408054
265018
741179
534330
658436
304682
495134
534457
523739
198072
78601
741167
151220
632891
10082
169378
436505
143766
655348
598862
107101
524214
82116
91531
618002
517478
154163
591178
132225
643130
542050
356187
535464
418520
167805
419126
528834
495541
239600
189445
534591
22678
434966
446445
619593
501353
644033
458355
703764
94672
521213
463569
661816
458418
298990
90443
476415
492445
188456
532855
407860
657377
288998
508021
183232
731613
59368
241576
513867
204238
611911
304613
702056
529317
152536
740369
505412
4082
731754
604267
484782
443134
634508
69554
368157
253603
469331
434286
283551
360174
180919
527090
520640
740388
658547
129055
411125
75694
335918
631539
234786
516788
405590
596461
466831
647045
439662
448664
729370
426359
664357
356076
461787
75160
463964
38972
4859
122752
301350
415762
10499
463797
131188
706116
593413
494457
465593
489615
497692
371563
655259
524871
35758
438587
119192
248153
502770
647370
656565
642877
380933
366053
24601
377090
310231
513633
42853
468878
369017
596514
460960
632093
370854
506374
652371
386470
37616
423968
516034
741635
75835
500165
148677
115242
173859
741206
584862
713245
459927
282113
21816
3873
83734
282998
658118
519033
741282
171695
647068
465885
471695
65758
138211
445078
105685
501012
186756
12272
652235
924
127675
501629
656895
655317
499952
730806
592317
594238
9029
408233
631655
20529
469002
420529
522449
284208
264482
290404
31845
741241
485081
709416
643896
122337
412103
435120
485606
522356
404466
12677
709218
79402
353454
439645
14333
186350
632015
434255
128199
500771
55041
374458
727615
369819
529609
556017
592188
458917
654380
655788
418581
279819
715616
110702
182825
479808
741195
502223
436687
161985
75914
519601
654351
444947
370247
8372
287471
421622
50382
561064
515536
710442
495230
459940
591110
180909
512465
177926
401835
654530
511817
334684
32148
489734
597488
591787
378813
131255
584884
584830
25674
210532
506997
515534
523836
293811
500750
514496
513315
608111
306083
709466
659311
516746
43233
461379
510409
152978
253247
191482
376046
346736
>un
655522
525527
740598
479728
741651
741619
659896
560505
567919
325015
661449
662950
655433
700105
713835
336643
257368
712805
647315
636112
714430
737118
631721
720270
663466
569458
732885
729545
663941
150064
652608
663182
519738
663683
676328
447714
600204
661333
679283
664568
663878
661337
657811
663092
619009
663357
659310
662660
547465
647444
567846
610373
658412
661499
665958
655261
718522
603286
715779
587253
653742
449238
663620
574774
290820
731601
600488
713582
702075
287168
722057
712829
512354
720502
696354
658827
490273
180902
661376
664408
730816
600157
733541
587502
718605
568386
657641
126938
663731
662871
523470
702947
663659
659816
633993
741407
592572
733426
333118
595524
663113
708893
700044
335057
611057
664125
433201
666154
610118
663863
662937
462392
546324
661494
598703
640565
602526
5724
703823
703167
594648
714226
710463
553493
561110
189826
584478
741235
13291
709485
448833
644782
210739
661402
595493
568277
656129
708312
508644
658188
663938
731444
694796
634562
661947
723389
661318
741685
663130
663674
663087
519656
662780
741730
663414
733105
708772
661314
659424
732021
649066
705767
713833
719384
78592
733447
708256
646088
662795
731514
593027
602628
663640
714168
600177
697497
708178
663709
485365
653798
658890
659746
715052
706175
597496
728839
596208
592281
508769
676697
733428
702906
714239
720227
741461
509585
708332
645803
697561
663040
708672
571119
731648
733071
720681
661316
697172
536395
638095
663879
708120
656872
446345
710481
664374
741585
663953
662787
633942
716096
661324
667972
732548
706229
714198
724874
663784
714046
658167
632688
444569
663081
664360
655468
15738
707292
79881
706312
699851
663115
654770
663617
720940
602348
702933
705552
715117
664195
714000
733356
713973
664527
561796
136443
511952
190284
660954
731466
495566
599875
600450
368507
732714
598487
709531
710214
664433
600867
663107
663073
690444
662054
663703
725582
687918
594103
699808
733583
664215
663480
655638
657935
663485
664227
173233
600025
664042
658123
727631
741045
631797
658202
666431
594696
600761
659666
731443
595300
600961
659898
662183
135471
658476
663508
657735
593216
661375
733215
167087
723354
601496
356721
663102
193132
741527
533977
707608
648920
721030
661111
732137
432566
733010
600814
661395
720231
711070
713719
663395
489932
654977
659093
605083
707194
573202
712749
645902
663088
593418
655686
548018
290831
661343
731640
732516
61184
661331
661540
733401
733492
648636
664480
659952
634447
731577
709728
708367
726725
661335
730861
708274
152460
663099
9585
686668
633059
708158
595351
713120
595349
593376
713718
713777
274184
720106
634293
708811
731802
730726
706044
663708
656336
655631
687808
661842
591626
655950
593838
663783
712810
661567
713758
712578
430824
596613
661323
661803
648428
730313
93832
708558
436009
105944
626362
690916
663857
728926
663880
664424
604300
712937
596580
490745
633271
662166
734082
732280
293978
644954
664419
661482
594390
660695
712725
600087
663562
595285
731501
645643
664325
663180
633102
614195
710934
644915
732005
733014
663391
664412
634016
726614
480321
663439
657736
682029
657782
661491
663178
712917
661486
596182
677706
593927
712977
707338
657607
708653
720350
663770
635678
731606
595802
687325
469798
725427
483829
707322
733065
649902
663085
156316
662933
595482
703497
663362
596272
664434
476697
670718
663601
731421
675631
708066
591807
592114
662953
733491
634675
594478
604400
663077
662969
726339
731380
663553
711611
593176
430300
663768
573436
659640
669724
661520
707304
573018
594448
697258
644898
664066
571738
713014
585792
636388
662785
662467
713681
663176
632539
632988
193784
449114
115881
723432
663603
707453
714892
519520
687438
741186
663093
661385
594424
148721
661332
708459
426104
678310
654950
663967
676750
661336
706888
740926
632796
731679
702885
454011
539717
597387
665072
23033
658076
708350
333643
600667
720939
52931
162010
710446
713649
655426
663934
662399
712841
699535
728972
705892
597684
655575
675535
448226
705738
664265
130011
664225
560539
663474
656109
387576
707339
291209
598011
661490
724692
661256
605984
697535
663692
735793
732891
661377
658276
653990
567702
100261
662777
729105
741302
661894
663352
659136
661405
607849
714993
546568
530359
713135
708295
707188
696673
664387
594419
433010
634522
664217
723424
731814
644901
444475
655530
741257
661348
534603
551944
731502
715135
600825
708897
733064
663956
663615
662771
599962
595233
663685
734456
714206
732770
31181
569761
272234
664400
647264
714301
707184
661311
682406
600484
697073
205952
712897
664413
600362
634674
661321
592508
655411
663481
657784
506435
711594
655001
659732
656052
644980
733500
664402
663952
449153
698341
662473
88605
388742
651574
664209
712846
663660
702916
710391
7917
659711
660369
741649
727514
661061
596214
632983
731722
694087
555012
487161
708659
567822
601678
663714
740945
655579
733771
708149
732499
175569
694782
661310
732004
667639
663528
600030
569800
448879
662545
484769
462913
660941
276976
662784
732668
738476
449037
292580
644753
732384
663213
705798
656820
593435
657369
660047
603055
713662
713301
554140
733489
661398
443627
720884
661399
594580
714935
705547
735747
221334
715719
664231
511138
129290
571163
715735
654618
659483
644654
656220
733764
671570
645304
472024
600322
732608
741205
703723
662951
432331
661327
591538
649235
663655
694013
733508
656788
654971
720644
716727
697432
602987
715026
710837
632537
655424
713154
721374
645558
721120
137945
741228
436298
732900
599861
712922
663353
705664
663957
666310
694993
528087
661137
599574
528668
733479
136495
693875
644829
702200
558835
591571
477134
658306
725304
731644
447953
704508
633082
708262
662047
553031
632573
705912
662287
653522
634491
714620
213065
493517
666842
659405
732925
732023
594805
553217
645178
512525
480743
592455
592636
546527
437367
593861
600854
655274
656661
323562
707043
654969
514118
663459
731408
706076
655644
701265
730799
697075
737180
295923
525899
593090
694115
633766
180171
379858
740115
653927
712867
737320
522074
660583
596058
547030
655444
612263
606538
661393
705948
714164
707223
633885
162874
430013
600608
707264
514368
714388
709493
594599
741548
664532
655513
660032
732123
713634
655617
7395
568273
599033
553053
714596
559896
663762
708202
369785
680812
14822
660236
592851
661406
714023
664391
707430
708213
660551
598688
713078
733493
705884
30483
532959
715113
594258
664322
301858
596814
592555
293184
712672
662265
356794
718686
702041
670361
658408
597166
309316
143629
708270
182626
656462
660287
605433
643727
720458
662781
654621
713923
699389
602554
656487
723295
658703
727823
702126
695422
700083
128692
715132
663350
133352
723065
702902
430557
682312
723368
663331
709281
713643
634388
663146
663086
712899
276523
719719
660267
699527
707022
709767
551995
648567
711290
714873
442160
708712
652803
557644
664378
592759
700839
560115
726782
509398
536633
720975
655070
661346
713747
715039
664064
596515
677304
595031
658557
662069
713656
664373
517438
700975
595527
594832
707383
709154
713837
380956
645450
659367
600315
660933
593011
661673
572189
562144
662954
644948
703379
663177
663605
523262
649073
711686
663089
567539
661400
664390
657019
729364
662786
681887
552800
593514
708437
699316
712686
695621
664233
675655
124848
560695
710259
728357
574710
656216
732433
595320
705580
657070
740656
662227
663361
634568
660795
461807
713079
732050
374460
597612
512372
713326
711117
596397
664321
650092
546903
710438
599611
661226
594519
174021
732633
737632
663712
662684
657334
708338
658362
356273
732267
732251
663405
712597
663368
715270
195058
632435
567699
714988
702756
728457
713585
694927
737060
663722
644773
222731
664238
721310
712660
634439
731478
733341
224012
705797
661605
631994
707733
714517
562147
658710
130853
645734
664372
733601
657637
655787
741652
595264
30567
706897
657793
708630
663060
663514
580074
494568
663098
679424
700774
731440
598016
506748
134656
663504
655954
677708
721160
720318
337307
657828
585176
634443
661595
654357
705890
600862
602701
708005
664220
661914
663487
653669
595066
517207
661396
654258
715088
628573
446700
663935
595526
696718
741178
715916
446522
664398
732227
663477
633225
586298
657236
660398
658976
594262
599620
598166
703321
491779
663764
584939
657002
651549
713712
663951
76171
656343
693847
663137
430095
643648
655920
512542
594609
714423
592414
661380
659931
536913
594673
708779
707090
657308
720958
588460
653312
731423
658906
585672
663853
661401
707170
632878
663422
449095
429581
707250
686261
520703
663718
713035
664362
710451
595887
135763
661481
540345
733527
107474
658198
733619
707053
732347
433047
658892
656390
600088
664435
637588
661390
710443
725453
713342
712967
713601
657016
557938
733327
526822
632626
675578
563191
729350
721260
733284
467411
496271
731769
707161
592599
735735
232289
663335
657988
709723
727859
663179
702164
733599
732655
531550
644939
711545
567490
662181
658503
663890
663114
573586
714996
664359
656459
731573
662829
661351
535593
707112
733602
432535
656190
535901
659241
444049
645579
660291
514590
663564
547622
697218
125166
662984
567817
696702
714898
661341
554258
656446
663111
662955
710490
715338
633529
386793
728162
626608
689001
661374
664320
555895
648425
632900
661495
720597
708460
663404
705705
654512
486304
658678
497684
666537
433026
465411
593873
729647
