>id 1233|Hs|cgap|||bone marrow|||tissue
>part
>ku
>uu
606797
576189
635525
635527
436287
539815
540506
688054
544831
608279
668470
551886
636001
672526
551915
560430
241942
538171
155782
155717
436418
561483
742353
546084
672525
672542
160849
575298
545452
566473
735075
635513
669565
624364
185618
605666
635520
663754
663755
663756
>kn
435080
655108
157031
699177
467759
422676
519672
458324
532492
525163
515005
474233
433427
412117
654543
5662
381219
510635
349096
301989
439481
11638
509140
517331
431400
591768
349208
143728
523004
529517
595418
709893
644794
523855
376681
471975
516105
645535
478469
13034
654827
319334
632229
13967
363308
514599
655378
412870
591569
473927
280741
591495
520073
406683
558536
216653
741311
417004
497402
647119
741436
156967
516986
129758
441072
408960
405880
401798
433615
474781
500156
191518
547172
655327
190086
432121
524690
386390
99884
656065
523185
517597
487774
314263
699841
172791
502745
57698
195464
473286
200250
662164
136313
713956
408018
460109
535972
741225
534453
191074
406223
514495
437178
517145
498892
473721
85962
489284
619396
194329
170019
731416
500921
482144
618145
571886
311640
513039
446429
408427
512675
132342
469473
370937
254042
154073
162032
87295
461200
172631
63489
433419
476448
553723
174050
146180
343383
741169
131910
709182
659809
546288
333120
590956
28914
446091
356502
14623
199877
513053
505654
524121
356545
515070
741239
472558
405410
15277
367900
522632
511605
211282
523732
491577
293970
172550
414028
740515
499158
32374
1342
662174
533624
381126
411312
183109
87889
571037
505059
193832
518249
652308
440898
732047
504687
546285
64968
57813
645317
348935
269560
449585
410817
631728
535192
703523
385956
444749
12313
136947
413482
730654
122908
268787
446374
371021
631636
406013
438429
520348
135146
7158
344151
119598
591456
75528
406620
625768
741215
410111
731513
418175
125898
517070
211594
127403
112930
494614
263812
21590
406520
410970
460923
534041
593344
666631
515169
632717
632041
642624
709576
435255
655005
413416
401929
515472
659346
125300
213470
438227
502773
567706
36587
381061
525557
323363
259594
78466
459573
655498
675799
647094
138860
741531
446574
44693
35052
740365
458358
380710
369056
485471
433701
514220
498569
741280
462680
741263
439480
740386
371720
11615
648712
370504
247186
471441
529631
487143
532786
656457
662922
289347
88556
633514
516837
488173
194554
433863
300772
724025
546286
270017
656901
407955
596643
533655
55999
106212
22047
532840
513266
522357
515714
355264
289271
44017
731853
713636
378103
133892
599470
632570
484188
558601
280130
438641
520070
174193
77793
448342
500375
511794
591183
632554
655606
192374
605502
75139
299055
655168
645792
355935
459596
528713
313544
731459
591415
420229
213061
309069
498115
408054
523468
514806
595133
645344
70312
593920
250723
485915
151220
90107
10082
627414
118076
435231
659681
475733
370166
594338
713590
516087
502875
23111
437594
477028
50252
23650
375217
532359
277704
475392
535464
448010
111903
530943
102696
285218
89545
652114
434966
408073
342307
592108
356190
108969
513915
108957
389945
485258
524498
22146
256301
632549
400295
460317
432976
374596
4749
522969
728933
163451
654404
283725
530251
387208
492445
82222
128548
444467
436178
654602
278901
439199
178551
502756
380953
112318
650537
625725
653349
515371
397918
252967
514581
635350
591306
99491
18166
298280
532363
528305
348112
187635
434286
654379
317403
265174
525600
446588
190477
288809
606838
153177
527193
6396
171995
149894
703306
110571
449909
201058
614080
657366
279580
730599
81892
162233
180877
585378
534770
433670
520042
656652
516023
658702
524871
119192
131489
510328
642877
592322
521056
517546
24601
503284
556986
446852
20225
546261
74564
356440
352839
466945
415342
197043
8739
423968
612096
647075
335079
115242
10094
695185
355333
18925
741408
459391
523512
30619
584921
436618
176503
157160
595072
654427
512676
289092
655207
460298
130293
517622
488240
498727
105806
654816
592317
740620
500483
522384
643580
61430
643610
425125
148559
193326
420529
258551
650680
533122
63236
477375
381123
308171
499839
412103
546289
471751
529782
444389
303116
247077
314359
522699
514227
186350
173724
445570
128199
136102
584863
460558
446466
279806
467284
484950
731649
309231
492516
327631
505777
514535
187763
6734
534293
433529
412842
464336
43812
513083
75914
522090
438678
542707
595071
429819
483209
370247
523463
411480
347991
472508
12107
515560
632531
527980
1030
371001
377992
26613
137594
210751
501578
515536
546283
712714
158688
647086
621695
374503
518827
511817
516157
534255
183684
436873
107911
212088
424312
534404
437338
145150
654563
118666
656192
241545
440092
636199
429843
190968
112405
608380
592945
631584
43233
7527
>un
666907
512525
217079
118183
738164
708256
635331
597523
634447
731577
713080
567919
741816
730861
225784
655072
561402
351316
499484
703302
512542
519520
712867
667725
657308
654924
718983
722213
713770
706044
714239
631615
426104
713658
520703
668267
602099
663758
694083
722829
655579
713706
657800
658396
669549
731819
695361
268887
454011
669070
519738
667735
669550
160800
698624
448879
656710
534798
732348
713383
706229
740496
665958
567699
75724
730611
714503
711628
631793
496271
596814
668391
661399
651222
713846
718686
735735
572786
731501
700734
708270
660816
667739
718605
714000
630169
735747
654621
511952
731509
596876
387576
602971
716846
710668
668061
34136
635031
168677
645304
697645
735793
682303
735852
80624
604208
444743
661002
712977
661894
669584
708295
483829
733433
700839
596629
663757
666431
173381
674466
429365
571239
720876
352602
695057
740358
728162
689533
122054
592114
727974
663607
521961
669585
446522
447953
602321
721030
733523
602707
656368
380956
614690
701436
489932
713976
708603
667746
715732
>part
>ku
>uu
606797
576189
635525
635527
436287
539815
540506
688054
544831
608279
668470
551886
636001
672526
551915
560430
241942
538171
155782
155717
436418
561483
742353
546084
672525
672542
160849
575298
545452
566473
735075
635513
669565
624364
185618
605666
635520
663754
663755
663756
>kn
435080
655108
157031
699177
422676
467759
519672
458324
532492
525163
515005
474233
433427
412117
654543
5662
381219
510635
349096
301989
439481
11638
509140
517331
431400
143728
349208
591768
529517
523004
595418
709893
644794
523855
376681
516105
471975
645535
478469
13034
654827
319334
632229
13967
363308
514599
655378
412870
591569
473927
280741
591495
520073
216653
558536
406683
417004
741311
497402
647119
516986
156967
741436
129758
408960
441072
401798
405880
433615
474781
191518
500156
547172
432121
190086
655327
524690
656065
99884
386390
487774
517597
523185
314263
172791
699841
502745
57698
195464
473286
200250
662164
136313
713956
408018
460109
535972
741225
534453
191074
406223
514495
437178
517145
473721
498892
85962
489284
619396
170019
194329
731416
500921
482144
618145
571886
311640
446429
513039
408427
132342
512675
469473
370937
254042
162032
154073
87295
461200
172631
63489
433419
476448
553723
146180
174050
343383
741169
131910
709182
659809
333120
546288
590956
446091
28914
14623
356502
199877
505654
513053
524121
515070
356545
741239
405410
472558
15277
522632
367900
511605
211282
523732
491577
172550
293970
414028
499158
740515
32374
1342
662174
533624
381126
183109
411312
87889
571037
505059
193832
518249
652308
440898
732047
504687
546285
64968
57813
645317
348935
269560
449585
410817
631728
535192
703523
385956
444749
12313
136947
413482
730654
122908
268787
446374
371021
631636
406013
135146
520348
438429
7158
344151
119598
591456
75528
406620
625768
741215
410111
731513
418175
125898
211594
517070
112930
127403
21590
263812
494614
534041
460923
410970
406520
593344
666631
515169
632717
632041
642624
709576
435255
655005
413416
401929
659346
515472
125300
213470
502773
438227
567706
36587
381061
525557
323363
259594
78466
459573
655498
675799
138860
647094
741531
44693
446574
35052
740365
458358
369056
380710
485471
433701
498569
514220
741280
439480
741263
462680
740386
371720
648712
11615
471441
247186
370504
532786
487143
529631
656457
289347
662922
633514
88556
488173
516837
194554
300772
433863
724025
270017
546286
656901
407955
596643
55999
533655
106212
22047
532840
522357
513266
515714
355264
289271
44017
731853
713636
378103
599470
133892
632570
484188
558601
438641
280130
174193
520070
77793
500375
448342
511794
632554
591183
655606
192374
605502
75139
299055
655168
355935
645792
459596
528713
731459
313544
591415
420229
213061
309069
498115
408054
523468
514806
595133
645344
70312
593920
250723
485915
151220
90107
10082
627414
118076
435231
659681
475733
370166
594338
713590
516087
502875
23111
437594
477028
50252
23650
375217
532359
277704
475392
535464
448010
111903
530943
102696
285218
89545
652114
434966
408073
342307
592108
356190
108969
513915
108957
389945
485258
524498
22146
256301
632549
400295
460317
432976
374596
4749
163451
654404
728933
522969
283725
492445
387208
530251
82222
128548
436178
444467
439199
278901
654602
178551
502756
112318
380953
625725
650537
653349
515371
514581
252967
397918
635350
591306
99491
18166
298280
532363
528305
348112
187635
317403
654379
434286
525600
265174
446588
190477
288809
606838
153177
527193
6396
171995
149894
703306
110571
449909
201058
657366
614080
279580
730599
162233
81892
180877
585378
534770
433670
656652
520042
516023
658702
524871
119192
131489
592322
642877
510328
521056
517546
24601
556986
503284
446852
546261
20225
74564
352839
356440
466945
415342
197043
8739
423968
612096
647075
335079
115242
10094
695185
18925
355333
459391
741408
30619
523512
584921
157160
176503
436618
595072
512676
654427
289092
655207
460298
517622
130293
498727
488240
105806
654816
592317
500483
740620
522384
643610
61430
643580
425125
193326
148559
258551
420529
650680
533122
477375
63236
381123
308171
499839
546289
412103
471751
529782
444389
247077
303116
522699
314359
186350
514227
173724
128199
445570
584863
136102
446466
460558
279806
484950
467284
309231
731649
492516
505777
327631
514535
187763
6734
534293
433529
464336
412842
43812
75914
513083
522090
595071
542707
438678
429819
483209
370247
523463
347991
411480
472508
12107
515560
527980
632531
377992
371001
1030
26613
210751
137594
515536
501578
712714
546283
158688
621695
647086
374503
518827
516157
511817
534255
436873
183684
107911
212088
534404
424312
437338
654563
145150
118666
241545
656192
440092
636199
429843
190968
608380
112405
631584
592945
43233
7527
>un
512525
666907
217079
118183
738164
708256
635331
597523
634447
731577
713080
567919
741816
730861
225784
655072
561402
351316
499484
703302
512542
519520
712867
667725
657308
654924
718983
722213
713770
714239
706044
631615
426104
713658
520703
668267
602099
663758
694083
722829
655579
713706
657800
658396
669549
731819
268887
695361
454011
669070
519738
667735
669550
160800
698624
448879
656710
534798
732348
713383
706229
740496
665958
567699
75724
730611
714503
711628
631793
496271
596814
668391
661399
651222
713846
735735
718686
572786
731501
700734
708270
660816
667739
718605
714000
630169
735747
654621
511952
731509
596876
387576
602971
716846
710668
668061
34136
635031
168677
645304
697645
735793
682303
735852
80624
604208
444743
661002
712977
661894
669584
708295
733433
483829
700839
596629
663757
666431
173381
674466
429365
571239
720876
352602
695057
740358
728162
689533
122054
592114
727974
663607
521961
446522
669585
447953
602321
721030
733523
602707
380956
656368
614690
701436
489932
713976
708603
667746
715732
