>id 1233|Hs|cgap||microdissected|colon|neoplasia||tissue
>part
>ku
>uu
673664
673748
673669
546023
673670
609311
673662
>kn
598320
440950
204238
447537
167046
657494
528320
595333
408257
644105
352240
510635
514535
419171
5120
434957
741195
433529
456507
168073
502659
606838
523463
187946
546286
486818
389378
711461
119598
625768
300624
409934
515517
707281
114286
528634
643544
111903
401509
518827
188634
416049
449609
652114
300141
523847
481704
301350
280130
643580
125113
425125
183428
82961
191887
518250
485233
578450
468972
434102
591160
477375
374596
370703
500761
275243
533624
740577
50823
270621
516671
66731
>un
476706
713833
701525
709640
662089
591421
380956
635110
737258
534603
269909
697218
662170
662125
>part
>ku
>uu
673664
673748
673669
546023
673670
609311
673662
>kn
598320
440950
204238
447537
167046
657494
528320
595333
408257
644105
352240
510635
514535
419171
5120
434957
741195
433529
456507
168073
502659
606838
523463
187946
546286
486818
389378
711461
119598
625768
300624
409934
515517
707281
114286
528634
643544
111903
401509
518827
188634
416049
449609
652114
300141
523847
481704
301350
280130
643580
125113
425125
82961
183428
191887
518250
485233
591160
434102
468972
578450
374596
477375
500761
370703
275243
740577
533624
50823
516671
270621
66731
>un
476706
713833
701525
709640
662089
591421
380956
635110
737258
534603
269909
697218
662170
662125
