>id 1233|Hs|cgap||cell line|prostate|||tissue
>part
>ku
>uu
664264
665973
666045
665774
677705
600760
664570
664245
664342
>kn
602085
512599
695681
524947
534346
430199
350268
741354
593159
79387
504613
117938
381219
29106
15159
336810
654989
368855
75056
110839
524210
647016
458747
205163
727580
470412
9234
95577
19196
15114
80305
521924
504877
532851
560655
296776
90436
351296
67201
27222
546287
524390
590886
300141
432413
465627
298654
334846
369279
520122
351558
96
510543
515122
77422
130098
6551
75812
546298
631630
7835
380627
519035
2785
408018
644628
523680
12956
82793
279669
189716
522401
301853
473721
376933
489284
647078
388004
590868
162777
517338
9911
373763
290758
654610
372616
741244
437403
523789
512815
89643
33455
512675
23582
531856
405925
2795
83753
2704
148641
369921
7854
467306
648806
433419
270291
655273
288284
570189
239500
524183
75243
591054
474005
741169
524599
5324
470907
408577
5912
300816
269898
140452
409140
31439
122523
524219
15591
356502
642042
407604
494691
440900
33642
3346
524250
518236
231616
429180
318547
373550
79411
460336
581320
380857
514941
429666
399984
221761
598320
569017
590970
512235
524760
12013
58633
202453
546285
655165
8102
66915
365116
76394
147950
478481
9061
645317
73722
534350
389649
491582
136947
534309
336916
19156
438429
719938
24998
333418
119598
352656
406620
593995
183850
471156
278573
530096
731513
370927
1063
643430
446427
474705
356061
263812
114412
741157
406461
153961
350927
231411
370408
523847
90303
480042
632717
435255
740445
700338
411641
507584
9661
435815
372331
204773
558799
299002
644234
533273
280951
584842
446336
740365
82609
485471
270833
471401
414418
660384
433701
534525
73797
654568
136905
118633
498569
532749
33962
46894
102798
647036
462680
283565
185055
279929
471441
370504
107527
247921
493919
437277
355643
300772
504315
181368
435044
430075
40499
437256
533655
720177
77897
308122
277721
78771
520794
515714
15977
440643
528634
293971
81424
306769
123534
599470
106469
5811
564847
518997
592130
280130
87779
433764
397609
309763
524368
299055
730618
645792
133397
334911
89781
728902
514303
514636
567968
239718
274422
593148
71941
408708
647060
642874
514196
134623
655772
715348
252713
411501
544577
90107
728777
509017
627414
471873
118076
592490
439180
475733
594338
516087
596449
483305
520145
603131
406515
194385
567431
203206
489040
277704
438219
185172
645517
554791
723254
529303
643514
282975
437008
469244
63290
250758
586423
78089
740389
202
89545
656673
652114
591671
436636
516826
434053
515846
532803
517969
516077
376064
516155
400295
9527
213467
374596
268742
326
654404
77961
292078
488478
22546
118400
199561
9534
128548
178551
24301
433180
515371
252967
514581
433291
517066
591976
105642
272822
106876
213264
109051
298280
741277
89603
528305
520973
419640
470477
75864
20315
355753
374485
151134
153177
730800
3094
79625
591457
381178
91579
195060
436975
72290
534384
479747
703306
656074
75317
272813
495417
449909
406068
740434
517670
278362
533709
518123
98943
398989
534770
461113
504609
246381
436061
183994
151536
72901
420272
250581
514527
80132
534375
421245
356742
10101
504249
461361
474217
651512
406510
530749
644000
15106
371889
149185
288274
268530
135406
356440
567943
368149
352768
491745
75061
609336
647075
94865
434247
644633
501293
104315
479396
632708
522087
32018
4253
158427
270428
25313
534261
660080
500197
289092
513490
20521
181163
488240
271695
416049
103521
273330
19673
432674
136309
514489
436093
284279
445534
376071
250666
437638
499839
78948
534373
520967
434248
508848
533782
247077
502829
108080
173724
445570
250905
421509
334868
431307
309231
196176
7236
643600
83190
632282
529340
491494
514535
489207
482491
433529
30345
168073
201398
337730
522090
429819
523463
347991
143873
508514
24167
530291
377992
476517
505652
524910
707281
546283
514174
600681
461655
465985
284491
529755
370581
304192
518827
61418
79110
616962
515255
118110
286221
133968
488827
534333
7736
528803
585066
660812
387804
654620
799
587979
567426
644504
257970
654762
496843
430646
504620
468415
82794
360940
521903
79347
191179
524293
521212
444106
380250
531176
655014
433427
517601
144011
5662
653258
474010
437385
403790
374067
632120
607928
591768
111554
523004
334707
19414
5719
443379
479677
524094
22616
478469
654502
515517
143067
15535
101307
654718
151777
655988
591047
655378
431109
654965
443728
95600
731414
472471
280741
81131
301613
442634
406683
417004
469060
3439
373741
647119
715194
517421
77318
439152
433615
432121
190086
74375
117929
374556
653202
636480
274313
523185
289015
513457
727072
238839
515155
730749
465924
477287
728908
39429
517145
466165
720393
469872
370895
7744
513520
57973
389996
288936
492314
592116
647419
533040
237536
37916
481819
356366
254042
532790
647062
356331
75117
72925
509765
63489
476448
502769
436161
417029
515053
288761
517168
182885
188634
24557
446149
632226
23170
514284
356377
741293
370771
657347
462323
511605
497636
10326
715040
172550
449098
464472
5308
448588
595983
517033
221889
209983
149219
436186
356231
526521
381126
87752
5086
584839
505059
514216
112553
369614
293753
119591
374650
490415
112955
121540
527688
464779
519523
730730
130934
55220
502842
315137
410817
535192
413482
414565
513803
12865
292156
103106
302051
406013
405662
520348
335551
518731
65238
720136
522561
433332
500724
7158
371617
475382
532188
533013
522662
518119
520102
128791
511768
464572
8859
567261
114286
120323
252457
386225
125898
211594
24135
440414
494614
532401
526711
494419
187058
188882
463456
652389
515169
632041
726187
1690
347535
497599
631856
458513
75348
337766
515243
114309
467279
316890
212395
210469
213470
438227
446260
445356
272062
714425
436405
278569
268573
183800
111632
75682
181444
110695
78466
144835
129673
3041
289052
89864
632738
466775
203910
380887
514220
168799
467408
731528
740386
741208
700779
529631
422990
473583
517307
643608
356572
77060
369039
103665
649307
477352
455493
724025
97616
546286
507076
647450
368376
628599
591605
203634
421608
421848
289123
631858
513266
518805
160958
356769
654907
166120
180871
592161
473761
355141
458485
713636
378103
350265
133892
523215
484188
656294
134688
632326
634632
654400
75318
178695
532755
273621
571841
458414
14611
496191
632469
594444
192374
144700
515064
445351
644610
592292
516948
246413
655622
731459
277677
594042
471933
733403
591415
170622
374477
408054
13999
741179
645344
82045
593920
698060
304682
189075
495134
534457
515469
78601
272630
529059
148340
741204
10082
143766
487296
374257
107101
534360
23111
82116
91531
148272
517478
388188
201083
282417
532359
274873
741160
420796
535464
523852
522819
528834
239600
433951
436439
534591
22678
303025
446445
408073
223141
654988
438872
647707
108969
513915
8375
644033
703764
256301
484288
433540
275243
632296
485246
387208
594171
538286
523456
12084
1706
483494
444467
131226
26010
204238
170473
470417
167046
438231
372688
271135
283374
317192
440475
484782
443134
119251
389107
525600
265174
591633
284295
502659
518460
520640
312098
514819
524464
460924
533551
36959
368525
462316
103137
433845
503716
335918
558009
33719
10842
321709
728857
527778
432132
38972
75307
515550
301350
425777
292493
740490
440932
522817
433670
567236
516023
497692
76686
530227
500761
740431
529618
415058
465413
516484
181244
408702
321541
592078
380933
24601
732022
519783
446852
529798
422336
596514
477115
506374
715556
654720
37616
374378
516034
726215
112160
101150
400876
115242
502330
479693
495039
316750
459927
435136
3873
571177
524763
658118
191346
523512
434890
647068
12272
434914
339639
517293
500756
189772
656895
509736
356096
598832
106730
408233
9029
594238
268177
513797
631655
425125
469002
420529
290404
655329
703237
591159
31845
7486
234521
713170
130774
134084
122337
420559
153022
300076
435120
529782
79402
439645
131151
523718
419463
314359
186350
645009
519557
374458
7036
535224
650174
369819
556017
112968
496487
655788
327631
183861
315177
104019
187763
108104
182825
741195
436687
161985
707712
438678
595071
411480
287471
379821
50382
5158
740404
532634
515536
103561
337295
495230
533732
180062
180909
367854
464071
512465
294005
111024
716128
492407
713535
534255
468026
67896
741156
53996
258563
378813
372050
467097
475208
534404
643536
506997
515534
118666
642817
523836
75360
474584
709466
516746
>un
479728
655001
730861
449153
710259
713777
708811
740656
634568
706044
714430
713079
591626
512372
740945
596613
652608
732633
694782
519738
730313
448879
356273
732668
663857
738476
644753
715779
705798
721310
594390
712829
512354
731478
594580
645643
568386
633102
221334
645734
129290
654618
726614
694013
677708
433201
720644
677706
708653
645558
721120
703167
595482
714226
694993
741235
517207
709485
592114
595526
741178
725304
519656
213065
741730
594805
707304
573018
644898
713014
592455
78592
708256
646088
514118
632539
730799
697497
643648
536913
707223
708332
429581
686261
676750
571119
720681
7395
708120
710481
665072
637588
725453
706229
713601
655426
598688
713078
15738
597684
592599
675535
699851
448226
232289
702041
664265
705552
727859
643727
560539
387576
702126
697535
662829
723368
368507
733602
535901
514590
719719
664215
727631
509398
600761
723424
731814
595300
715338
713747
386793
728162
600825
658557
648425
356721
193132
720597
594832
647264
713837
380956
707184
711070
634674
>part
>ku
>uu
664264
665973
666045
665774
677705
600760
664570
664245
664342
>kn
602085
512599
695681
524947
534346
430199
350268
741354
593159
79387
504613
117938
381219
29106
15159
336810
654989
368855
75056
110839
524210
647016
458747
205163
727580
470412
9234
95577
19196
15114
80305
504877
521924
560655
532851
296776
90436
351296
67201
27222
546287
524390
590886
300141
432413
465627
298654
334846
369279
520122
351558
96
510543
515122
77422
130098
6551
75812
631630
7835
546298
380627
519035
2785
408018
644628
523680
12956
82793
279669
189716
522401
301853
473721
376933
489284
647078
388004
590868
162777
517338
9911
373763
290758
654610
372616
741244
437403
523789
512815
89643
33455
512675
23582
531856
405925
2795
83753
2704
148641
369921
7854
467306
648806
433419
270291
655273
288284
570189
239500
524183
75243
591054
474005
741169
524599
5324
470907
408577
5912
269898
300816
140452
31439
409140
524219
122523
15591
356502
642042
494691
407604
440900
33642
3346
524250
231616
518236
429180
318547
373550
460336
79411
581320
380857
514941
399984
429666
221761
598320
569017
590970
512235
524760
12013
58633
202453
546285
655165
8102
66915
365116
76394
147950
478481
9061
645317
73722
534350
389649
491582
136947
534309
336916
19156
438429
719938
24998
333418
119598
352656
406620
593995
183850
471156
278573
530096
731513
370927
1063
643430
446427
474705
356061
263812
114412
741157
406461
153961
350927
231411
370408
523847
90303
480042
632717
435255
740445
700338
411641
507584
9661
435815
372331
204773
558799
299002
644234
533273
280951
584842
446336
740365
82609
485471
270833
471401
414418
660384
433701
534525
73797
136905
654568
118633
33962
532749
498569
102798
46894
647036
462680
283565
185055
279929
107527
370504
471441
493919
247921
437277
355643
300772
504315
181368
435044
430075
40499
437256
77897
720177
533655
308122
277721
78771
520794
515714
528634
440643
15977
293971
81424
306769
123534
599470
106469
564847
5811
592130
518997
280130
87779
433764
397609
309763
524368
299055
730618
645792
133397
334911
89781
728902
514303
514636
567968
239718
274422
593148
71941
408708
647060
642874
514196
134623
655772
715348
252713
411501
544577
90107
728777
509017
627414
471873
118076
592490
439180
475733
594338
516087
596449
483305
520145
603131
406515
194385
567431
203206
489040
277704
438219
185172
645517
554791
723254
529303
643514
282975
437008
469244
63290
250758
586423
78089
740389
202
89545
656673
652114
591671
436636
516826
434053
515846
532803
517969
516077
376064
516155
400295
9527
213467
374596
268742
326
654404
77961
292078
488478
22546
118400
199561
9534
128548
178551
24301
433180
515371
252967
514581
433291
517066
591976
105642
272822
106876
213264
109051
298280
741277
89603
528305
520973
419640
470477
75864
20315
355753
374485
151134
153177
730800
3094
79625
591457
381178
91579
195060
436975
72290
534384
479747
703306
656074
75317
272813
495417
449909
406068
740434
517670
278362
533709
518123
98943
398989
534770
461113
504609
246381
436061
183994
151536
72901
420272
250581
514527
80132
534375
421245
356742
10101
504249
461361
474217
651512
406510
530749
644000
15106
371889
149185
288274
268530
135406
356440
567943
368149
352768
491745
75061
647075
609336
94865
644633
434247
501293
479396
104315
632708
522087
32018
4253
158427
270428
534261
25313
660080
500197
289092
513490
181163
20521
488240
271695
416049
103521
432674
19673
273330
136309
514489
436093
284279
445534
376071
250666
499839
437638
534373
78948
434248
520967
508848
533782
247077
502829
173724
108080
250905
445570
421509
334868
431307
309231
196176
7236
83190
643600
632282
529340
514535
491494
489207
482491
30345
433529
168073
201398
337730
522090
429819
523463
347991
143873
508514
530291
24167
377992
476517
505652
524910
707281
546283
514174
600681
461655
465985
284491
304192
370581
529755
518827
79110
61418
616962
515255
118110
286221
488827
133968
534333
7736
585066
528803
660812
387804
654620
587979
799
567426
644504
257970
654762
496843
430646
504620
468415
82794
360940
521903
79347
191179
524293
521212
444106
380250
531176
655014
433427
517601
144011
5662
653258
474010
437385
403790
374067
632120
607928
591768
111554
523004
334707
19414
5719
443379
479677
524094
22616
478469
654502
515517
143067
15535
101307
654718
151777
655988
591047
655378
431109
654965
443728
95600
731414
472471
280741
81131
301613
442634
406683
417004
469060
3439
373741
647119
715194
517421
77318
439152
433615
432121
190086
74375
117929
374556
653202
636480
274313
523185
289015
513457
727072
238839
515155
730749
465924
477287
728908
39429
517145
466165
720393
469872
370895
7744
513520
57973
389996
288936
492314
592116
647419
533040
237536
37916
481819
356366
254042
532790
647062
356331
75117
72925
509765
63489
476448
502769
436161
417029
515053
288761
517168
182885
188634
24557
446149
632226
23170
514284
356377
741293
370771
657347
462323
511605
497636
10326
715040
172550
449098
464472
5308
448588
595983
517033
221889
209983
149219
436186
356231
526521
381126
87752
5086
584839
505059
514216
112553
369614
293753
119591
374650
490415
112955
121540
527688
464779
519523
730730
130934
55220
502842
315137
410817
535192
413482
414565
513803
12865
292156
103106
302051
406013
405662
520348
335551
518731
65238
720136
522561
433332
500724
7158
371617
475382
532188
533013
522662
518119
520102
128791
511768
464572
8859
567261
114286
120323
252457
386225
125898
211594
24135
440414
494614
532401
526711
494419
187058
188882
463456
652389
515169
632041
726187
1690
347535
497599
631856
458513
75348
337766
515243
114309
467279
316890
212395
210469
213470
438227
446260
445356
272062
714425
436405
278569
268573
183800
111632
75682
181444
110695
78466
144835
129673
3041
289052
89864
632738
466775
203910
380887
514220
168799
467408
731528
740386
741208
700779
529631
422990
473583
517307
643608
356572
77060
369039
103665
649307
477352
455493
724025
97616
546286
507076
647450
368376
628599
591605
203634
421608
421848
289123
631858
513266
518805
160958
356769
654907
166120
180871
592161
473761
355141
458485
713636
378103
350265
133892
523215
484188
656294
134688
632326
634632
654400
75318
178695
532755
273621
571841
458414
14611
496191
632469
594444
192374
144700
515064
445351
644610
592292
516948
246413
655622
731459
277677
594042
471933
733403
591415
170622
374477
408054
13999
741179
645344
593920
82045
304682
698060
495134
189075
534457
515469
78601
529059
272630
148340
741204
10082
143766
107101
374257
487296
82116
23111
534360
91531
148272
388188
517478
201083
282417
532359
274873
741160
420796
523852
535464
522819
528834
239600
433951
534591
436439
22678
446445
303025
408073
223141
654988
438872
647707
513915
108969
8375
644033
256301
703764
484288
433540
275243
632296
485246
594171
387208
538286
523456
12084
1706
483494
444467
131226
26010
170473
204238
470417
167046
438231
372688
271135
283374
317192
440475
484782
443134
389107
119251
265174
525600
284295
591633
502659
518460
312098
520640
514819
524464
460924
533551
36959
368525
103137
462316
433845
335918
503716
558009
33719
10842
321709
728857
527778
432132
38972
75307
515550
740490
292493
425777
301350
440932
567236
433670
522817
516023
76686
497692
500761
530227
740431
415058
529618
465413
516484
181244
408702
321541
592078
380933
24601
732022
519783
446852
529798
422336
596514
477115
506374
654720
715556
37616
374378
516034
726215
112160
101150
400876
115242
502330
479693
316750
495039
459927
435136
3873
571177
524763
658118
191346
523512
434890
647068
434914
12272
339639
500756
517293
509736
656895
189772
356096
598832
106730
594238
9029
408233
268177
631655
513797
425125
469002
420529
290404
655329
591159
703237
7486
31845
234521
713170
130774
134084
122337
300076
153022
420559
435120
529782
79402
131151
439645
523718
314359
419463
186350
645009
519557
7036
374458
535224
369819
650174
556017
112968
496487
655788
183861
327631
315177
104019
187763
182825
108104
741195
436687
161985
707712
595071
438678
411480
287471
50382
379821
5158
532634
740404
103561
515536
337295
533732
495230
180062
367854
180909
464071
512465
294005
111024
716128
492407
713535
468026
534255
741156
67896
378813
258563
53996
467097
372050
534404
475208
643536
515534
506997
75360
523836
642817
118666
474584
709466
516746
>un
479728
655001
730861
449153
710259
713777
708811
740656
634568
706044
714430
713079
591626
512372
740945
596613
652608
732633
694782
519738
730313
448879
356273
732668
663857
738476
644753
715779
705798
721310
594390
712829
512354
731478
594580
645643
568386
633102
221334
645734
129290
654618
726614
694013
677708
433201
720644
677706
708653
645558
721120
703167
595482
714226
694993
741235
517207
709485
592114
595526
741178
725304
519656
213065
741730
707304
594805
573018
644898
713014
592455
78592
708256
646088
514118
632539
730799
697497
643648
536913
707223
708332
429581
686261
676750
571119
720681
7395
708120
710481
665072
637588
725453
706229
713601
655426
598688
713078
15738
597684
592599
675535
699851
448226
232289
702041
664265
705552
727859
643727
560539
387576
702126
697535
662829
368507
723368
733602
535901
514590
719719
664215
727631
509398
600761
723424
731814
595300
715338
713747
386793
728162
600825
658557
648425
356721
193132
720597
594832
647264
713837
380956
707184
711070
634674
