>id 1234|Hs|cgap||flow-sorted|white blood cell|neoplasia||tissue
>part
>ku
649561
635444
>uu
703215
605261
666996
670631
537510
670944
309124
670766
632040
611972
606743
635504
738167
651792
604952
668816
611924
611973
667272
676403
669387
668578
669275
687211
605262
538303
738877
171009
603037
611969
669217
669330
669017
687286
666997
468199
604904
670936
669142
647860
605464
668777
669138
670623
669386
676399
669277
666877
669280
676392
666986
559465
734589
734486
669331
668850
670868
649441
668847
604899
670867
544365
435058
667078
604960
157569
635351
670943
669230
668789
670934
134473
667273
668618
670626
159103
734554
676389
668756
667108
558154
605467
738361
669328
734944
668975
676355
611923
669388
640575
734514
544454
606824
676390
669340
607581
668809
669333
605466
602937
670609
669337
607588
669292
727855
449490
687858
603006
670765
668663
543574
604777
540671
605440
574332
668770
668795
670935
605627
676388
611970
605463
676398
667274
539495
666926
670930
668839
603050
670661
666980
649287
668821
734517
668619
159568
730992
668779
171113
713913
604923
160673
661845
635382
644927
676397
738104
734478
735816
607585
668776
669390
669338
668617
659901
603294
606603
738686
604882
607584
670929
605465
584445
676350
604929
624182
668784
669009
561778
666998
670931
605468
670612
668808
604901
605469
668577
676353
670621
540308
436364
668822
652692
562917
604959
668781
676406
605151
635413
611977
668580
540909
635464
676396
605349
649424
611922
542669
668998
670939
624143
604989
576834
635419
668772
669385
669141
676404
667275
676395
585169
668820
668834
668846
606635
605160
546189
676401
611979
611981
734805
668837
669231
676394
669335
668576
221014
676354
604954
244666
723481
670945
668575
676407
543490
734474
135201
514776
604769
611974
646273
564960
668848
604779
670764
676402
671270
370559
583793
669218
688053
669401
668771
666927
666885
667107
676386
667993
668785
604976
604969
563696
606620
670761
721474
669139
604028
668817
565966
669281
604902
649935
515214
676391
440558
>kn
333303
631638
449278
75227
660539
596537
662179
715792
558387
483772
506325
249718
589862
418287
713554
444915
144309
9333
292579
336810
75056
218040
256278
524210
104661
530477
93670
531587
740373
471917
706355
484551
504877
532851
12439
165465
203717
238990
654827
520182
234642
298885
319334
86543
95162
546287
491223
523687
567903
709406
743252
234572
561708
216653
432413
258855
43071
389374
531089
731854
513153
664764
445758
596025
534334
516954
65135
130098
99884
31856
631630
192233
632272
519035
124161
713956
335061
298658
605153
501991
351798
740364
516859
211914
523774
131776
416108
523789
121178
527061
571148
89643
408427
632262
469473
54609
533772
531856
253726
83753
517815
8008
408324
524648
148641
610717
443936
369921
433419
130411
515259
75243
741169
740573
377155
254642
437145
524506
594658
409140
296422
122575
740519
407604
494691
655455
741273
33476
440900
33642
495511
471779
1973
518236
499158
436913
26890
507333
103110
474053
519162
114033
526975
433445
517946
18844
514051
365116
196990
267659
81170
98643
654951
509414
3100
75799
496098
136947
730654
65734
477440
631814
325978
719938
180933
153026
653679
190722
591645
38004
591456
529959
656902
444099
276808
167641
731513
333907
595669
728799
731865
743421
231411
743291
488307
31714
741382
513646
592009
631535
413416
194110
363138
521914
464157
509499
729069
593985
204773
632693
169900
270244
234149
270621
728756
584842
369056
35947
437126
720388
433701
15744
720151
534307
323342
438993
406678
592225
474384
471441
370504
95424
38512
631551
633514
598850
54457
516306
270017
446235
472330
430075
143674
443914
437256
70327
533655
557550
124942
434505
407966
732236
520794
654920
156652
501735
528634
41045
469280
743241
78880
434996
482605
369670
389277
143681
535456
660936
478125
164021
439548
289108
507681
460789
433764
77793
348418
1294
468442
343244
655606
524271
129702
459630
193163
208597
314327
355935
645792
430551
506861
743444
657058
365286
461131
124015
95612
61884
716639
654952
269577
434386
66713
203965
498115
211929
654594
222510
109731
518562
71941
62578
531752
502917
713579
594133
356399
436410
257352
82548
472285
112668
519756
12229
475733
1584
514560
369624
81848
471452
3903
500721
118681
23650
29282
567431
524762
497873
709195
647099
63290
250758
534575
78089
89545
389734
652114
151218
173135
80358
530402
516182
516826
20685
515846
435579
631661
558499
515610
356285
634333
486401
326
77961
131055
439894
459366
22546
709336
128548
153629
743229
380953
591283
655167
8364
222055
49582
626544
593268
29764
298280
439815
35086
731537
502759
255230
19121
729207
535788
511915
87385
512464
733663
131903
79625
509780
644306
510528
43744
414579
721240
128258
444870
129206
466531
7910
446275
133044
439620
110571
12646
444818
499489
486470
269592
369613
525084
81892
126517
728984
462392
373793
509664
476179
502176
381134
714076
88218
336994
436203
74137
474751
306307
495656
665686
528889
491861
446311
654546
556986
581021
370360
6126
53155
308992
415342
655915
54649
644617
516505
301463
436429
732434
440049
534074
520063
437894
162241
516217
642618
729558
592080
647334
632102
531314
136778
132272
310672
499941
255093
25441
743218
155342
654604
61188
443417
118166
121072
113150
648101
518138
195080
587054
231750
183528
656274
323445
170310
514489
516160
439060
21771
277035
655020
514632
632483
523009
409911
445977
503860
654464
656685
106861
519702
430425
250905
162795
508644
410037
419259
731718
150540
166244
502612
513811
123450
471675
743417
521640
239499
38738
191539
72956
483521
530291
592201
555973
532768
373857
526464
660782
87856
369606
92236
203099
94011
350868
534598
272398
404056
518827
645227
170296
414480
195659
654470
420244
517981
516032
523829
233220
516700
528803
523848
569843
656769
387804
194480
260041
732114
515317
555866
731748
714405
462341
600114
655108
301419
655977
494895
643447
96513
25362
21899
601911
459652
492261
144011
647082
408843
159643
45127
574492
656937
471200
380897
626404
112218
580351
71040
8546
517331
431048
424484
517610
355570
292316
107845
8118
655684
75189
593373
267632
128576
151777
643544
522493
743298
279837
591002
109520
333579
579691
188569
525709
634244
268326
516114
482521
4988
329502
12420
577256
389137
145284
487046
128056
653202
636480
368610
731619
482497
513457
47061
515155
189073
125474
98132
519469
465924
54673
460238
77269
418795
173162
308340
106070
172847
170019
507348
387255
591731
57973
443673
482144
159028
659565
486434
37916
512564
77254
254042
654514
520636
461200
471104
376511
22857
476448
154704
174050
591908
148078
127610
495960
333120
524518
480356
288761
204564
134846
446149
656411
23170
632226
338207
185597
15277
731495
511605
411490
24763
643754
498028
10326
449098
658995
189409
5308
718506
461925
434102
632184
1802
584954
355888
445168
467701
654634
664706
436564
632535
104977
157212
732047
437460
153458
655012
121540
370931
431317
464779
502461
729056
3459
278436
595276
706016
449585
523696
1239
355934
414565
653504
591866
513803
162877
12865
500674
466919
409223
591683
534560
435661
150087
84084
297343
632242
372265
521181
546482
98564
532188
428027
664080
201641
519873
43666
477879
294147
517973
276271
5245
529094
252457
656428
12999
499886
105891
211594
440414
531619
656905
627133
494419
333786
653186
515169
504096
497599
511801
652262
440382
103902
528631
24212
467279
316890
503178
372914
213470
643498
31334
446260
631550
743240
436405
278569
94395
181444
110695
646508
647421
506759
509264
122115
622504
120591
175955
514802
654745
143288
110849
517419
22065
260603
203910
514220
75798
192784
495473
439480
445512
647047
732409
529631
75841
155538
317593
683896
631596
578443
632232
18946
200600
103665
525134
649307
724025
404119
97616
656901
507076
661665
368376
511668
370102
319171
521240
282997
635
113094
654907
166120
44017
598958
15738
469658
523215
547009
656294
484188
372719
132441
363137
94986
369422
534168
517436
634632
100217
524800
571841
36859
534494
292949
590872
461178
535060
288798
433343
481464
592292
516948
246413
433057
493275
654758
587558
466044
485130
656660
436204
520814
170622
369397
481571
111732
4997
523468
420696
647120
356647
301756
150749
182625
515469
502948
469630
279746
407995
75859
428147
355307
508716
476052
388188
106674
525459
254006
729644
269990
295917
480073
111903
507162
535731
155829
446354
530943
614734
49427
489105
433951
303025
223141
647707
440896
108957
8375
513225
432397
191186
502836
631730
712555
231761
275243
731784
485246
411081
523456
12084
657595
518203
743478
29665
170473
518834
505154
406062
501296
654456
708040
90093
310809
463129
18166
472856
200136
389107
731863
82919
525600
466766
312098
514819
105779
209979
303669
435941
102914
474069
286194
368525
350364
497399
508148
355927
235873
571098
10842
524081
515092
411138
268963
614080
124503
5019
741234
144949
528993
75307
436182
525196
694157
13351
256667
269988
440932
166551
522817
513984
433702
458276
535257
593645
604001
530227
740431
415058
31210
510328
567370
444229
193170
480938
74564
133512
91586
370781
726215
102336
127011
413901
534454
323213
500546
658922
525348
444448
524763
728802
706346
306412
517134
434401
176503
472831
31130
743508
523446
162143
516711
512676
3254
339639
528222
14601
655392
732184
269263
253305
282410
528836
488051
106730
654968
729523
718943
591104
52788
425125
721946
491682
135471
740589
292925
488189
513075
57687
651188
438072
492599
376208
124922
146339
121025
584801
529782
532411
533723
546299
303116
733180
419463
479223
645009
369607
104320
729356
46446
496982
567378
288232
533803
528320
650174
533977
654395
102928
496487
499758
592102
524530
196102
513683
306242
368255
643553
444468
336768
5158
413074
523822
277517
475565
513509
55028
294041
463074
180062
367854
199763
659751
88417
116877
55016
150557
520048
133183
442619
438829
372492
67896
514292
301412
310421
730881
194726
714608
159118
405961
732450
157031
695681
726290
560
446376
569438
370549
643267
120766
652312
279913
730693
709859
446017
487062
529408
287379
46850
11638
30174
306327
446320
647063
458747
288382
110298
472860
644794
603111
484813
516105
861
75782
414740
8752
410830
712901
144073
465144
27222
524390
163113
702168
438830
75254
654582
516808
351474
415067
190334
730674
497579
493716
743423
530970
236449
517653
202470
660918
351558
149261
153678
656065
743354
380627
25338
475506
63348
460109
535972
475812
459632
522401
659517
523664
473721
330073
234355
408623
647041
503165
115140
741244
571886
533934
514308
473470
646363
512675
513296
443240
233240
110637
524014
784
535896
278064
631989
504998
470907
476033
470728
732095
13845
131452
368944
571258
122523
524219
356502
66196
102406
505905
43728
472558
431850
367900
523454
655969
429180
232721
405913
593351
520943
513470
380857
632762
437009
631574
477789
534400
193832
512235
654677
145605
708084
136348
436847
105379
659355
138378
407918
485899
76272
73722
9788
731454
400533
657168
729114
512934
461420
146806
534309
435458
707013
444301
631636
596314
370480
119598
155823
296031
351279
471156
515249
16936
15299
743428
643430
436350
287411
437060
591815
389311
743250
263812
741157
268939
350927
534041
2210
593344
307913
646645
272409
741199
515351
647051
281707
62771
446702
162585
485233
473937
274539
36587
390788
496666
299002
170835
591451
75890
527412
597649
434232
728916
136905
654568
480819
190518
89499
660867
647036
462390
149032
116471
32417
171596
397153
493919
212102
50727
433863
501622
279611
26403
434133
463059
106212
1501
371282
591870
534540
157883
409137
78771
114191
369779
503709
731555
31498
81424
306769
522257
525629
655453
499145
106469
592130
243326
655201
534196
655804
522057
152475
632486
220950
431460
103147
326586
369284
397609
50640
591588
118248
520026
299055
723684
417549
141125
102
89781
517821
728902
194686
210891
601274
522845
386567
372152
654911
350194
651221
502867
514038
522988
98791
642946
252713
372295
493867
544577
444845
232021
600384
118076
464585
399810
368084
696283
726479
509163
728813
80976
395482
375217
194385
504895
529303
304249
371723
399800
555978
556077
632465
643655
159492
740430
740473
374596
654404
648394
40966
162852
718438
9534
162200
523443
654602
178551
255935
61472
499000
514581
268849
292549
655502
644231
660883
24119
518513
518750
374485
288809
527119
591789
128848
485208
495984
709327
501106
525622
696047
623974
403436
6396
733127
106510
442138
73799
703306
127486
376722
731417
520819
530539
732485
495417
591340
482526
444277
535297
743420
592207
525391
718477
654991
592082
123659
370603
436061
270525
183994
476930
528024
136280
578544
719958
662634
174030
997
134602
352548
567502
508829
58831
304376
438385
655643
728829
188464
591384
444450
435949
101807
334481
56729
370410
557425
268530
255874
604479
490512
515704
9754
74368
296433
352768
306764
436677
65436
591151
413678
595250
370666
298851
61960
713729
77578
291623
458598
61635
536535
234282
181163
523145
523238
496512
437043
300224
262886
74647
271695
495480
634120
487498
458423
512026
512651
397010
486360
513987
289063
531754
474536
443650
7001
533122
529509
306291
279881
500775
437638
78948
611432
602063
531106
157113
283022
591289
654588
743231
438918
354056
446357
380801
444472
529322
522507
502829
609663
653654
567572
484289
421509
584863
434951
303676
513267
7236
368794
301404
491494
601143
412842
79064
337730
592796
97199
375957
82201
589962
644719
435103
445244
592142
414407
659933
514012
8715
75066
11747
432699
501578
524910
530463
493202
513983
460499
89560
434453
729021
304192
464416
503222
528007
743329
516157
658051
183684
719951
143604
433750
107812
529984
212088
438454
370950
388613
587979
358997
514151
662284
726012
431668
743236
743270
368214
235390
26232
346868
493401
447537
525163
562920
591140
437
94300
504765
743305
433427
8015
356549
522568
512898
434961
508738
6451
477273
478465
512842
523004
709648
66049
515210
654352
443379
14770
524116
431550
721588
353773
374588
134406
17908
654718
374043
269027
363308
655378
485434
511803
473927
515329
401903
301613
69855
406683
654422
495674
23270
433615
500156
547172
497520
190086
191510
45107
535762
268675
172791
28608
280792
195464
465849
655904
125039
460
200100
632721
9999
397891
731827
709837
7744
98910
706889
643552
287749
474787
111801
178357
356366
510172
356331
632377
132599
733239
709193
582627
153752
486542
655215
2722
54642
527861
26023
417029
461329
648635
546288
256549
519320
631865
602571
182885
636624
514289
271249
108029
285847
507680
182255
446414
715040
445893
469881
517216
209983
356231
184211
721234
632447
725208
432996
632485
505597
104305
269665
530823
528385
522885
119591
658288
116448
567488
444517
435051
374076
410197
728983
410817
535192
439530
575782
557655
406013
534314
520245
369123
485449
187946
720136
171626
701324
203952
404423
462598
291533
492555
591680
632704
418175
567598
386225
125898
474018
155742
723297
485060
13885
5062
406520
77100
517180
500067
644077
292804
75348
573495
401929
212395
438227
352341
125867
530862
473788
381061
743577
732666
532699
474978
408903
740440
98428
78466
632089
920
371045
89864
709507
517830
484195
8562
204475
491988
528605
631557
263912
105460
726316
379018
743328
26410
547257
436031
534516
247186
147563
422990
12970
90708
514050
132237
2484
527874
145956
369039
656507
592566
164410
482301
743258
469376
710275
109752
526933
438950
289123
513266
284217
469175
303055
731853
258798
355141
528050
743285
535319
149360
264208
88251
445061
368433
712598
494985
459379
487412
465543
654566
520189
353090
532872
500409
78060
14611
131673
731394
633029
535804
144700
743253
740521
506784
6418
533526
444118
533479
75615
515003
436568
277677
495229
421150
275736
472101
193172
515598
528439
597755
435981
21334
435933
659013
577404
593920
480506
99430
189075
712767
522412
352018
474251
369168
386684
128420
130988
334603
657760
96996
368808
506415
381220
551713
415950
374257
50098
437594
444075
631569
148272
5353
656205
505202
521973
94790
521151
175043
522572
533593
388236
509791
120963
41735
436439
522520
292457
408073
492751
355809
443081
108969
188606
515254
504301
524502
714548
352671
435714
16258
444986
181112
2490
379972
478936
50216
387208
743461
554829
301478
521087
521809
44235
648612
270
81221
483494
444668
643464
372633
512932
655066
656723
323991
528572
525232
496545
512610
687547
440475
654709
632515
380133
502659
180946
523875
390623
369755
433759
36959
533282
495138
2128
445898
558476
632729
212606
440534
33719
731847
465374
518774
534341
533720
282700
480415
292493
515890
133998
602528
433670
440320
540038
529862
655734
516023
76686
160211
412468
593928
517357
371594
517546
494549
474643
487393
493709
654836
523760
12341
42400
466148
199695
464184
374127
19699
100057
514132
515475
20395
445999
276770
160954
410455
495755
632191
225995
10649
7768
461453
414099
26837
226755
191346
480116
523512
743346
512597
592804
499925
105191
293818
24545
409034
705480
643813
40919
517262
370770
499042
462278
29203
218362
191334
254113
248746
469970
75277
315562
525251
654636
743352
741413
525017
655179
200573
558296
308171
444200
631725
560100
79088
654504
523718
443656
314359
410786
347187
512686
413111
654593
371794
279806
293560
699247
502876
412304
77978
43812
522373
514242
707712
497417
595071
667388
529857
108614
501853
654849
439312
56
200022
445315
284284
31409
632177
103561
282855
732435
520917
355983
654475
520313
20157
469925
731707
511504
83636
368853
473893
647409
1323
482017
149991
548088
469386
467097
740475
371856
515848
297413
100914
75231
524590
233552
584916
17569
516671
461722
107740
512599
85155
151706
469398
490991
518475
434481
79387
432453
591504
632252
170568
567438
508725
154654
97244
666638
659360
631890
711564
727580
479766
632339
95577
332422
647971
14846
679580
631886
722260
402752
170131
700656
655387
144447
67201
349905
189920
708096
397638
697120
731866
300141
463483
473370
743225
213198
270043
356766
128425
35490
515575
150580
397705
96
517461
655327
496068
155218
535845
712617
93002
474596
522895
656750
699841
534641
158963
474116
408018
654401
644628
387239
382212
26506
28540
726365
376933
515046
280378
135997
495834
205558
512815
186970
521954
66048
367842
124147
513247
659350
159306
593075
272794
467306
632979
288284
239500
728022
180535
529172
510375
471514
709182
73853
521086
21938
655662
549040
140452
201446
459759
108371
631724
132989
709967
503093
434081
454534
487027
191987
231616
156667
62209
318547
432560
567453
368551
460336
377001
300887
533624
731476
581320
143878
269092
649191
445377
197644
149983
12013
432706
8102
66915
729090
79081
523442
159223
76394
68257
473648
59719
22109
603766
660396
655688
521937
478868
336916
414481
650365
465761
388733
654868
7101
504009
333418
406395
548187
500842
503022
659950
489786
370254
73527
1063
441378
730678
39925
365207
128959
153961
181297
534485
482573
412433
309849
515016
442344
443258
528952
648940
76884
55847
743233
411641
9661
507584
59804
507260
527105
516707
515544
459573
515515
384598
99477
469116
601591
35052
559459
406392
414418
298469
485717
24956
632642
443731
412196
116459
498569
713632
652364
46894
102798
444279
122926
467824
516341
492212
279929
209113
732118
280387
282177
743242
107622
85658
355643
26703
421907
659857
504315
531251
735127
418450
83077
515542
710694
7517
128866
77897
353013
533192
308122
99472
592164
458313
661470
241543
158954
511316
280130
269764
135646
517553
520149
27184
632554
309763
524368
481526
517582
31720
502989
386189
433381
157726
340623
485360
431043
282702
655222
643780
632385
149305
534562
68864
327527
719189
285354
731683
368611
632403
463642
591257
173524
409226
515840
420036
519842
599798
471873
339278
511138
650382
483305
297389
9347
477028
603131
406515
716666
125608
442657
185172
461610
406607
44640
632604
530053
202
232532
18442
743453
326805
376064
513242
460317
501778
369761
118552
183953
284286
505676
334637
440025
472024
189652
69504
49367
474980
522255
584858
515412
740488
661684
707428
725151
252967
592944
130849
433291
6891
131933
401013
370140
712553
213264
534052
7739
350958
470477
179522
711617
719925
122055
591229
440219
313905
584909
153357
523360
643548
523500
152717
343873
258209
444743
409876
409561
446641
435290
163893
728161
444520
731774
180877
523221
646490
518123
534770
20848
187459
142442
592123
246381
156171
250581
517148
186649
436102
408461
5302
134514
157659
477325
130031
465778
445892
507669
714400
470588
631593
535711
597434
654653
171501
164419
356440
520638
484227
511067
612096
75061
406534
175322
418533
103755
373938
308074
603118
387679
654402
558351
122310
654661
528087
525536
223296
643537
282376
808
221127
289092
511839
513490
657509
655801
6846
103521
7012
241575
714127
514435
194816
23361
500822
148559
235116
386168
658304
540107
401842
650680
348979
135215
517430
719935
109672
656031
349979
437040
656696
279640
306425
434248
520967
140720
733193
247077
519718
743224
655469
309231
79170
371823
632282
529989
653135
631988
14222
657018
30345
743366
466917
432424
193842
632456
732366
483209
143873
201897
444673
636359
708017
633601
730672
527980
167700
13349
534667
508958
546283
592289
647086
236557
9003
374503
473256
654581
79110
515255
522933
8033
286221
10784
133968
479856
465529
249600
144114
570362
523710
150423
519909
59757
435947
591474
98170
25300
644056
741164
430646
504620
481569
731539
49573
654838
644906
654439
191179
279704
531926
515005
533291
74870
656244
147554
94695
407991
716456
5662
653258
7277
615131
584768
466507
437058
743367
459174
490981
156367
374067
740477
632120
73037
449840
591768
513578
5719
36137
153934
111577
7432
743251
653859
443636
310545
372000
489118
515517
354645
272011
585374
481898
655988
727543
474397
535820
446459
83465
401509
7367
517559
459790
525479
9597
170944
26135
501728
705699
632368
523194
709447
115467
529353
13645
195740
720014
474781
173878
466875
439200
4866
6834
517597
314263
740376
510521
105818
668782
202424
472038
292449
132753
177576
558447
517249
481542
446270
466039
462033
516450
513520
248133
389996
288936
506652
732744
193491
516468
216623
513039
299560
236646
444446
632706
471818
567235
656778
75117
706662
197320
63489
536158
517717
465521
515053
238303
514602
713103
356270
4747
591666
591156
356545
709417
495219
459211
591923
379414
183706
521487
145519
464472
605143
576320
82927
654815
221889
513330
436186
632176
381126
87752
442707
5086
270074
137510
632380
546454
514065
446315
415209
743313
604110
530687
731607
502842
703523
647072
191215
150136
525752
468226
533499
302051
132227
479298
433738
161287
517155
353181
8595
502511
44402
527751
558463
549751
656492
531388
567261
436939
531789
439381
655138
444851
494614
501537
592334
705692
596543
459265
187058
302903
655369
654506
516855
631856
161276
605432
643566
136979
595201
632223
741180
515472
144058
352962
17686
18788
334713
195642
103934
144835
512636
129673
484324
530479
727648
432562
440899
647011
476680
471130
518611
348609
119014
1770
336431
584784
531064
532786
25292
631617
488399
88556
709527
59159
485041
633034
720066
269944
727986
485262
654609
519818
22960
502705
546271
282901
153850
153837
247280
558218
99093
171426
530000
477547
133892
514870
558601
277624
590870
200063
134688
591445
520070
75318
602015
468972
7165
79335
632415
140309
72071
433722
726435
309467
407101
500007
533939
644326
298198
18857
279832
26593
1004
436401
114198
373642
726477
240170
655088
741427
515274
480190
123198
408257
514323
345849
79322
105606
518244
411300
513726
485915
529059
106185
90061
143600
158932
496139
591185
520136
511175
443057
379548
63128
493804
396740
718703
532359
420796
534460
2430
657060
743404
227729
220963
309288
435369
438872
173030
104741
502
450105
720030
595391
484288
433540
432976
55682
584996
586174
50823
205326
514342
654628
462590
424126
370834
207763
26010
388654
286261
307836
529451
513491
508545
658676
710656
372688
459858
328236
76253
635350
99491
416735
30385
177530
651905
503048
591607
265174
591633
532399
660757
126265
524464
529449
181042
300624
522863
503716
369144
564533
590911
436181
380089
728857
474213
173679
484363
515550
733448
702841
524488
3426
443121
6132
306199
652690
522675
445885
530734
500761
446240
529618
183646
644863
212046
657067
115088
12554
446852
743230
38032
403857
317190
445652
422336
437497
352839
432387
654740
64064
658956
159195
631590
34447
81337
753
513261
400876
520898
479693
695185
716464
243994
144913
405614
743307
652273
654697
632218
362728
730098
474066
743262
470311
413045
513797
643610
380118
728759
9383
498543
7486
130774
518299
200738
248785
134084
153022
122346
713742
524920
143314
145726
516646
514470
385634
109929
706612
519557
7036
509622
441681
502328
632707
515688
34851
327631
504545
157394
187763
529438
23960
510927
97997
26136
126941
654972
502458
632373
411480
515260
1422
511425
26613
159546
440379
302963
158688
489448
644352
54697
201918
136713
492407
42806
438782
567229
709245
643536
546392
655217
268551
348531
654403
190968
99819
87247
515432
497867
14155
463759
634143
654944
518530
256639
9850
416375
523262
741411
724212
350268
520046
25723
660550
460124
508284
490224
381219
510635
71215
477159
368855
484686
297304
529846
124835
31053
75659
3972
376681
127897
495349
220864
296776
418668
657673
443881
567769
487458
369438
232194
97220
517543
355162
705517
590886
465627
75813
584900
632013
531111
148766
191518
292026
430849
77422
386390
1048
288940
512681
25391
713641
80343
200250
591242
465295
266331
471119
655738
482873
8763
461117
210283
700632
489284
445803
367639
743235
22907
71827
507475
618145
102558
411572
592081
578973
558537
446933
92033
321231
315230
275675
370937
62314
592456
643910
584851
632200
6191
631761
445733
713564
355232
514297
278429
182982
409934
521482
592011
524599
16695
6980
5912
175437
271643
409989
122363
371344
31439
288800
14623
152337
642042
731413
278815
435022
500047
641481
371350
313247
381189
373550
32374
165195
399984
459649
515417
446271
505004
483259
590970
567582
557850
558528
112341
645435
449291
436034
202453
515855
25601
532019
371096
88297
743319
147950
657494
258314
389457
9061
173464
104476
595333
743372
389649
80919
449009
487511
347270
534338
438429
528833
179986
743349
495240
462418
248472
406708
306380
646725
724
443330
532711
12680
98117
647822
276925
445981
20000
446427
30824
589924
280695
143261
114412
436585
467637
7778
90303
729279
2780
435255
523395
584782
471851
15827
473838
513870
252549
292451
443735
40735
137427
381079
533273
180178
632264
166556
138860
546542
288034
154036
14745
517817
525330
696211
356630
572993
532749
733264
673984
469030
441708
743430
380973
371720
534773
356654
444776
643864
181368
631650
456557
618526
656185
591121
163484
520094
485518
78769
599470
24379
147434
369068
518200
372003
590876
174193
656980
374446
500375
78944
463036
24422
655614
593923
279245
195471
500512
433512
292088
50649
163776
514997
474914
352677
463416
631925
567968
161000
514636
293629
631579
274422
308710
408708
642874
654979
466828
517603
575631
388739
524731
658464
355581
90107
643487
509964
445019
14468
179718
727344
236030
520623
88025
409563
466929
388034
311609
532345
458360
515032
645517
367690
554791
292356
501574
250429
255932
59214
117825
469244
437191
522472
498317
505033
482910
413801
524498
516155
434878
50755
502302
271791
29344
581171
368802
255462
464243
333526
268742
349283
413359
292078
488478
133379
55235
713173
520140
594912
15476
433901
112318
368264
654688
435126
415790
515371
603930
654792
390428
109051
519337
532363
489336
22410
740407
520973
517987
484242
75864
406096
189585
151134
370555
143703
3094
649054
153310
628831
472213
730889
591836
390594
534384
515139
515114
593631
74050
524815
390667
23158
162233
714302
502915
271044
478407
120319
9589
591166
514843
136164
38039
356050
470233
654583
372286
445868
28491
570455
436527
567380
530749
363492
659215
371889
163629
662411
728838
715617
501200
546261
573153
135406
356578
662180
471528
80658
172772
713131
647075
609336
78788
355606
438289
273397
657032
435832
534477
369920
534521
270428
610830
702646
77221
462086
112023
177275
516777
406917
309489
441488
43627
460298
20521
517622
484738
37617
130293
515271
643560
653263
150651
592045
654816
444931
529044
412462
709471
402773
733319
273330
213666
440829
432760
17987
436093
567419
493819
159161
200716
192477
445534
381123
534373
21554
508848
597122
200804
600883
440515
533770
199248
159013
460355
154029
525205
151761
600547
524574
472054
504035
647067
445884
131570
532129
83190
410977
372082
489207
111749
146591
373947
473296
168073
740567
250456
12271
479116
171806
656466
700188
34906
565319
523463
173043
466693
151413
508514
522616
396644
511251
655292
505652
75527
86859
621695
188553
514746
696684
306727
159130
27935
743268
616962
525299
155975
284207
118110
488827
490551
24178
368527
505735
520612
441038
58685
87726
730740
570355
659158
398093
21765
150549
145150
654563
567619
651436
444356
283652
517949
513632
519632
381256
508010
504670
600940
631862
445239
22867
371698
654762
339735
531818
355899
118241
519672
521212
475150
500466
326801
584845
444106
36973
380250
707753
248815
258576
474010
183153
475525
191213
515011
111554
516830
527524
22616
279583
446170
523299
180414
304792
167679
594084
592262
596704
124047
280741
469018
591495
515164
440497
458596
469060
591760
534395
373741
77318
284297
654465
155204
494648
732244
246310
518525
597091
416216
491060
696087
203896
326953
487774
83147
433222
592202
460996
43619
496255
310645
654754
326387
148767
128067
512682
199850
477287
597106
471768
442798
437178
517145
466165
10095
330742
236828
48029
526728
442609
119177
523309
591221
437855
533040
712144
300559
460184
529495
132858
460693
464210
147381
72925
132370
741210
530009
466987
157401
731633
517168
529178
96852
124490
436066
356377
129563
731563
370771
405410
143751
631562
109999
172550
463613
271614
460468
514402
480454
211800
298248
526521
375707
520287
389461
433213
368203
12457
369201
369614
743343
520525
519993
567779
269560
202677
30141
207538
106242
490510
632080
1581
413482
731908
506603
31431
259412
326822
371021
491767
135087
444933
518201
634506
520851
592605
7158
335139
445665
525781
436445
732098
644095
270851
197071
631602
23862
369430
159014
309641
741417
4055
661576
460923
129195
743437
188882
463456
726050
504820
534679
633762
231029
196011
117853
460141
272062
444414
626637
74563
128690
729135
647094
243564
511816
741531
446574
555910
82916
175465
632738
523930
650093
439309
466775
153863
168799
467408
335106
369759
449076
668085
662152
464333
287362
246112
741153
655272
152385
26670
587231
515479
514474
207459
463041
473204
132499
118983
496943
150122
644108
518805
160958
599232
493808
27059
434864
655334
596078
475055
464438
632326
124366
654400
236361
11594
13662
578109
523811
273621
177766
461647
483944
654371
432485
491440
531581
82887
313544
632161
643433
471933
473082
529420
374477
124649
741179
252682
468840
10903
534457
523739
198072
14839
460078
78601
76662
269128
10082
17936
436505
93836
447688
295137
12144
656450
34492
524214
107101
495985
91531
648326
471834
41086
517478
740420
154163
577463
643130
715778
151787
512492
310456
234569
149957
495541
118640
22678
446445
509447
123933
389945
527748
644033
458355
94672
521213
298990
509718
175218
188456
183232
45719
731613
42949
631844
179915
371914
59368
513867
272838
241576
611911
631926
632709
227817
11314
4082
659035
516076
731754
150324
591960
443134
187635
368157
469331
434286
733236
360174
180919
520640
369091
720197
343571
383019
407580
411125
661604
335918
631539
516788
596461
462529
405590
233950
466831
514590
426359
461787
107382
75160
38972
4859
388927
122752
32826
5210
743323
497692
489615
465593
348342
371563
438673
248153
502770
435074
593974
390420
642877
549577
512756
24601
210367
377090
434953
310231
418285
596514
369017
460960
437957
423968
516034
743393
712563
132161
445045
69997
515344
502883
647084
584862
459927
713245
528519
415312
368281
343627
282113
21816
459391
83734
519033
741282
647068
171695
465885
65758
271667
501012
186756
21213
652235
924
490347
127675
501629
655317
320151
534385
474783
118118
371225
20529
379912
420529
522449
284208
11590
290404
105584
31845
534345
540696
119387
371680
470804
709416
435120
485606
333297
159006
709218
238432
353454
439645
224764
512693
186350
632015
29189
274136
174134
524496
460574
741249
288042
93338
634040
87435
660996
368011
592188
458917
418581
182825
244595
112895
436687
75914
161985
262858
646775
444947
370247
528763
8372
287471
421622
416024
352614
118651
50382
561064
405144
730689
535622
520740
479451
459940
405153
180909
743450
632227
512465
497684
654530
511817
235782
288954
258272
591787
131255
210532
507290
127799
506997
515534
523836
118964
514496
293811
484241
608111
467524
16003
608380
592945
634723
655569
89575
534648
152978
376046
>un
170913
735815
656843
594482
728912
712138
732819
368518
663488
446623
658131
660522
721116
546523
732914
604966
592692
676356
570189
714430
619329
733077
669219
720572
519738
655770
741827
333388
635418
567846
670660
611988
610373
655261
657588
668814
668755
696093
737258
713582
633142
575922
513672
712829
733478
661618
661601
669019
656089
490273
669007
656281
523470
719509
605628
734477
436728
658287
5737
741660
693821
708565
732989
637500
708337
669140
743381
669010
703167
158985
665568
731589
608420
657798
668664
595280
126691
598622
669276
646002
519656
723997
743462
501239
604968
719384
733486
78592
304818
728969
653798
603052
647437
565013
699361
712650
710724
713774
669470
604640
605473
487883
670630
669011
668815
708445
223678
585854
743780
611242
276766
644466
730737
699851
160960
527213
74047
522995
657834
714498
464217
731914
667267
569932
664672
707198
732714
710244
665416
661543
659277
731879
733222
738878
635097
600029
666981
644693
569082
476706
601496
356721
386042
158984
741398
547600
437153
662806
593028
563417
705877
50925
86650
666584
661689
667479
713825
727898
596713
676258
726725
714485
666736
370475
733894
733087
593005
668993
604955
624845
374509
535009
661608
708963
702472
661567
674090
713163
738502
660660
660688
661667
734777
93832
719341
667693
708119
686513
661976
667113
658972
737452
335003
596544
741428
597504
734461
586567
595318
669278
656593
708925
724214
732134
560810
668010
593257
655774
668778
657607
720350
658867
666977
652804
662253
721505
734465
713782
661697
593056
632953
713213
644777
714138
734443
670629
521961
662537
594106
570211
668579
159718
430300
605350
633578
460642
377961
681817
632880
659640
660555
635379
701177
664066
703214
661758
593495
653450
193784
663033
449114
723371
148901
659250
662893
596334
638142
668798
73232
604900
633609
592843
741682
648342
594424
658285
218387
572875
591774
732479
514216
592614
632796
720773
734482
707524
596221
715310
721551
668807
733185
683607
203594
705738
605154
660646
664265
668775
616500
548364
615566
662923
676483
387576
667008
697334
600049
439713
709781
708775
661377
29068
659599
720526
530359
708295
733433
741352
208546
665765
677739
659257
433010
676344
270570
301277
732566
689533
506989
740844
720186
661045
666463
662097
158976
732821
734405
714301
669334
668959
567935
696063
669389
722329
662159
708303
668780
733287
731742
520714
655411
430755
731815
713017
657592
661527
503584
733484
669332
731787
571081
658209
665855
659711
657253
567343
729729
723475
733343
603066
594650
732420
74921
598827
655579
730219
708149
666879
732004
210850
732771
663110
448879
627910
276976
458609
708827
635383
676400
524276
706017
666884
734466
657369
531728
660237
743493
666433
729054
658252
732430
594580
693979
681691
731075
705946
186848
656220
700831
645304
570311
710868
708396
668835
599357
122011
571378
668304
118769
665968
661187
397443
718642
643495
655480
683274
596629
659573
62772
660734
659270
669866
600843
644829
732067
668818
545418
714487
662105
652272
731644
668838
666842
601883
743275
555248
656661
720248
715863
660736
180171
541294
661033
743458
319924
522074
731534
666697
707223
590939
668773
669339
514368
714388
709493
190279
589216
293796
63187
715993
726260
697237
697417
655526
657256
666487
713025
663419
596814
592555
713004
733119
706936
665026
708270
670185
492571
666335
720771
731509
656309
660864
734485
592714
732616
732462
571468
723368
371339
707012
667322
602777
672946
743608
522545
732716
442160
656511
700830
718695
734057
708536
62697
287292
705992
664921
715039
485155
662038
661258
600215
159454
666978
658557
662069
732214
729477
718751
535026
700975
667035
126365
603090
193605
600173
632872
668819
598419
664171
530973
718661
657019
630913
713664
24656
13268
161160
699316
657751
124391
613914
593915
694101
559883
708041
670937
205742
659298
722430
264606
721343
268887
669336
628728
47878
434326
708338
655724
644026
592495
147851
635505
635480
741243
662796
604773
668013
733995
662186
712803
202577
707082
604970
743308
660692
570237
658546
484703
701787
661794
671311
712717
734531
732519
732233
662908
253817
632927
569669
641576
585783
658486
660456
733669
741178
660048
731689
662110
743521
670856
713772
713001
438040
513000
701179
549992
713712
536913
611353
604993
674828
521338
655157
593474
707170
658688
717035
605470
663621
176498
656234
660585
708911
664628
513522
706803
605497
715765
633613
712967
499453
665312
731532
743522
667301
718835
668840
657777
640543
513913
702164
669018
732190
655872
262789
644008
703692
731674
732406
561301
732988
647426
120633
535901
650909
668441
662837
734487
372303
585087
660949
662384
658667
432479
655422
599888
632934
665573
543408
732072
597488
655970
151334
730666
>part
>ku
649561
635444
>uu
703215
605261
666996
670631
537510
670944
309124
670766
632040
611972
606743
635504
738167
651792
604952
668816
611924
611973
667272
676403
669387
668578
669275
687211
605262
538303
738877
171009
603037
611969
669217
669330
669017
687286
666997
468199
604904
670936
669142
647860
605464
668777
669138
670623
669386
676399
669277
666877
669280
676392
666986
559465
734589
734486
669331
668850
670868
649441
668847
604899
670867
544365
435058
667078
604960
157569
635351
670943
669230
668789
670934
134473
667273
668618
670626
159103
734554
676389
668756
667108
558154
605467
738361
669328
734944
668975
676355
611923
669388
640575
734514
544454
606824
676390
669340
607581
668809
669333
605466
602937
670609
669337
607588
669292
727855
449490
687858
603006
670765
668663
543574
604777
540671
605440
574332
668770
668795
670935
605627
676388
611970
605463
676398
667274
539495
666926
670930
668839
603050
670661
666980
649287
668821
734517
668619
159568
730992
668779
171113
713913
604923
160673
661845
635382
644927
676397
738104
734478
735816
607585
668776
669390
669338
668617
659901
603294
606603
738686
604882
607584
670929
605465
584445
676350
604929
624182
668784
669009
561778
666998
670931
605468
670612
668808
604901
605469
668577
676353
670621
540308
436364
668822
652692
562917
604959
668781
676406
605151
635413
611977
668580
540909
635464
676396
605349
649424
611922
542669
668998
670939
624143
604989
576834
635419
668772
669385
669141
676404
667275
676395
585169
668820
668834
668846
606635
605160
546189
676401
611979
611981
734805
668837
669231
676394
669335
668576
221014
676354
604954
244666
723481
670945
668575
676407
543490
734474
135201
514776
604769
611974
646273
564960
668848
604779
670764
676402
671270
370559
583793
669218
688053
669401
668771
666927
666885
667107
676386
667993
668785
604976
604969
563696
606620
670761
721474
669139
604028
668817
565966
669281
604902
649935
515214
676391
440558
>kn
333303
631638
449278
75227
660539
596537
662179
715792
558387
483772
506325
249718
589862
418287
713554
144309
444915
9333
292579
336810
75056
218040
256278
524210
104661
530477
531587
93670
471917
740373
706355
484551
504877
532851
12439
165465
203717
238990
654827
520182
234642
298885
319334
86543
95162
546287
491223
523687
567903
709406
743252
234572
561708
216653
432413
258855
389374
43071
531089
731854
664764
513153
445758
596025
534334
516954
65135
99884
130098
31856
631630
192233
632272
519035
124161
713956
335061
298658
605153
501991
351798
740364
516859
211914
523774
131776
416108
523789
121178
527061
571148
89643
408427
632262
469473
54609
533772
531856
253726
83753
517815
8008
408324
524648
148641
610717
443936
369921
433419
130411
515259
75243
741169
740573
377155
437145
254642
524506
594658
409140
296422
122575
740519
741273
655455
494691
407604
33476
440900
33642
495511
471779
518236
1973
499158
436913
26890
507333
474053
103110
519162
114033
526975
433445
517946
18844
514051
365116
196990
267659
81170
98643
654951
509414
3100
75799
496098
136947
730654
65734
477440
631814
325978
719938
180933
153026
653679
190722
591645
38004
591456
529959
656902
444099
276808
167641
731513
333907
595669
728799
731865
743421
231411
743291
488307
31714
741382
513646
592009
631535
413416
194110
363138
521914
464157
509499
729069
593985
204773
632693
169900
270244
234149
270621
728756
584842
369056
35947
437126
720388
433701
15744
720151
534307
323342
438993
406678
592225
474384
471441
370504
95424
38512
631551
633514
598850
54457
516306
270017
446235
430075
472330
143674
437256
443914
557550
533655
70327
124942
434505
407966
520794
732236
654920
156652
528634
501735
469280
41045
743241
78880
434996
482605
369670
143681
389277
535456
660936
439548
164021
478125
289108
507681
460789
433764
77793
348418
1294
468442
343244
655606
524271
129702
459630
193163
314327
208597
430551
645792
355935
506861
743444
365286
657058
461131
95612
124015
61884
716639
654952
269577
434386
66713
203965
498115
211929
654594
222510
109731
518562
71941
62578
531752
502917
713579
594133
356399
436410
257352
82548
472285
112668
519756
12229
475733
1584
514560
369624
81848
471452
3903
500721
118681
23650
29282
567431
524762
497873
709195
647099
63290
250758
534575
78089
89545
389734
652114
151218
173135
80358
530402
516182
516826
20685
515846
435579
631661
558499
515610
356285
634333
486401
326
77961
131055
439894
459366
22546
709336
128548
153629
743229
380953
591283
655167
8364
222055
49582
626544
593268
29764
298280
439815
35086
731537
502759
255230
19121
729207
535788
511915
87385
512464
733663
131903
79625
509780
644306
510528
43744
414579
721240
128258
444870
129206
466531
7910
446275
133044
439620
110571
12646
444818
499489
486470
269592
369613
525084
81892
126517
728984
462392
373793
509664
476179
502176
381134
714076
88218
336994
436203
74137
474751
306307
495656
665686
528889
491861
446311
654546
556986
581021
370360
6126
53155
308992
415342
655915
54649
644617
516505
301463
436429
732434
440049
520063
534074
437894
162241
642618
516217
729558
592080
647334
632102
531314
136778
132272
310672
255093
499941
25441
743218
654604
155342
61188
118166
443417
121072
113150
648101
518138
587054
195080
231750
656274
183528
323445
170310
514489
516160
21771
439060
655020
277035
632483
514632
523009
409911
445977
503860
654464
106861
656685
519702
250905
430425
162795
508644
410037
419259
731718
150540
166244
502612
513811
123450
471675
743417
239499
521640
38738
191539
72956
483521
530291
592201
555973
373857
532768
526464
87856
660782
92236
369606
94011
203099
350868
534598
272398
518827
404056
645227
170296
414480
195659
654470
517981
420244
523829
516032
516700
233220
523848
528803
569843
656769
194480
387804
260041
732114
515317
731748
555866
714405
462341
600114
655108
301419
655977
494895
643447
96513
25362
21899
601911
459652
492261
144011
647082
408843
159643
45127
574492
656937
471200
380897
626404
112218
580351
71040
8546
517331
431048
424484
517610
355570
292316
107845
8118
655684
75189
593373
267632
128576
151777
643544
522493
743298
279837
591002
109520
333579
579691
188569
525709
634244
268326
516114
482521
4988
329502
12420
577256
389137
145284
487046
128056
653202
636480
368610
731619
482497
513457
47061
515155
189073
125474
98132
519469
465924
54673
460238
77269
418795
173162
308340
106070
172847
170019
507348
387255
591731
57973
443673
482144
159028
659565
486434
37916
512564
77254
254042
654514
520636
461200
471104
376511
22857
476448
154704
174050
591908
148078
127610
495960
333120
524518
480356
288761
204564
134846
446149
656411
23170
632226
338207
185597
15277
731495
511605
411490
24763
643754
498028
10326
449098
658995
189409
5308
718506
461925
434102
632184
1802
584954
355888
445168
467701
654634
664706
436564
632535
104977
157212
732047
437460
153458
655012
121540
370931
431317
464779
502461
729056
3459
278436
595276
706016
449585
523696
1239
355934
414565
653504
591866
513803
162877
12865
500674
466919
409223
591683
534560
435661
150087
84084
297343
632242
372265
521181
546482
98564
532188
428027
664080
201641
519873
43666
477879
294147
517973
276271
5245
529094
252457
656428
12999
499886
105891
211594
440414
531619
656905
627133
494419
333786
653186
515169
504096
497599
511801
652262
440382
103902
528631
24212
467279
316890
503178
372914
213470
643498
31334
446260
631550
743240
436405
278569
94395
181444
110695
646508
647421
506759
509264
122115
622504
120591
175955
514802
654745
143288
110849
517419
22065
260603
203910
514220
75798
192784
495473
439480
445512
647047
732409
529631
75841
155538
317593
683896
631596
578443
632232
18946
200600
103665
525134
649307
724025
404119
97616
656901
507076
661665
368376
511668
370102
319171
521240
282997
635
113094
654907
166120
44017
598958
15738
469658
523215
547009
656294
484188
372719
132441
363137
94986
369422
534168
517436
634632
100217
524800
571841
36859
534494
292949
590872
461178
535060
288798
433343
481464
592292
516948
246413
433057
493275
654758
587558
466044
485130
656660
436204
520814
170622
369397
481571
111732
4997
523468
420696
647120
356647
301756
150749
182625
515469
502948
469630
279746
407995
75859
428147
355307
508716
476052
106674
388188
525459
729644
254006
269990
295917
480073
111903
507162
446354
155829
535731
530943
614734
49427
433951
489105
303025
223141
647707
440896
108957
8375
513225
191186
432397
502836
631730
231761
712555
275243
485246
731784
411081
523456
12084
518203
657595
743478
29665
170473
518834
406062
505154
501296
654456
90093
708040
463129
310809
18166
472856
200136
389107
82919
731863
525600
466766
312098
514819
209979
105779
303669
102914
435941
474069
286194
368525
497399
350364
508148
235873
355927
571098
10842
524081
515092
268963
411138
741234
5019
124503
614080
144949
528993
436182
75307
525196
694157
13351
269988
256667
166551
440932
522817
513984
433702
458276
535257
604001
593645
530227
740431
415058
31210
510328
567370
444229
193170
480938
74564
133512
91586
370781
102336
726215
127011
413901
534454
500546
323213
658922
444448
525348
524763
728802
306412
706346
517134
434401
176503
743508
31130
472831
523446
162143
512676
516711
3254
339639
655392
14601
528222
732184
269263
253305
282410
528836
488051
654968
106730
729523
718943
591104
52788
425125
721946
135471
491682
292925
740589
488189
513075
57687
651188
438072
492599
124922
376208
121025
146339
584801
529782
533723
532411
546299
733180
303116
419463
479223
369607
645009
104320
729356
46446
288232
567378
496982
533803
528320
650174
533977
496487
102928
654395
499758
592102
524530
196102
513683
306242
368255
643553
444468
336768
5158
413074
277517
523822
475565
513509
55028
294041
463074
180062
367854
199763
659751
116877
88417
55016
520048
150557
133183
442619
438829
372492
67896
514292
310421
301412
730881
194726
714608
159118
405961
732450
157031
695681
726290
560
446376
569438
370549
643267
120766
652312
279913
730693
709859
446017
487062
529408
287379
46850
11638
30174
306327
446320
647063
458747
288382
110298
472860
644794
603111
484813
516105
861
75782
414740
8752
410830
712901
144073
465144
27222
524390
163113
702168
438830
75254
654582
516808
351474
415067
190334
730674
497579
493716
743423
530970
236449
517653
202470
660918
351558
149261
153678
656065
743354
380627
25338
475506
63348
460109
535972
475812
459632
522401
659517
523664
473721
330073
234355
408623
647041
503165
115140
741244
571886
533934
514308
473470
646363
512675
513296
443240
233240
110637
524014
784
535896
278064
631989
504998
470907
476033
470728
732095
13845
131452
368944
571258
122523
524219
356502
66196
102406
505905
43728
472558
431850
367900
523454
655969
429180
232721
405913
593351
520943
513470
380857
632762
437009
631574
477789
534400
193832
512235
654677
145605
708084
136348
436847
105379
659355
138378
407918
485899
76272
73722
9788
731454
400533
657168
729114
512934
461420
146806
534309
435458
707013
444301
631636
596314
370480
119598
155823
296031
351279
471156
515249
16936
15299
743428
643430
436350
287411
437060
591815
389311
743250
263812
741157
268939
350927
534041
2210
593344
307913
646645
272409
741199
515351
647051
281707
62771
446702
162585
485233
473937
274539
36587
390788
496666
299002
170835
591451
75890
527412
597649
434232
728916
136905
654568
480819
190518
89499
660867
647036
462390
149032
116471
32417
171596
397153
493919
212102
50727
433863
501622
279611
26403
434133
463059
106212
1501
371282
591870
534540
157883
409137
78771
114191
369779
503709
731555
31498
81424
306769
522257
525629
655453
499145
106469
592130
243326
655201
534196
655804
522057
152475
632486
220950
431460
103147
326586
369284
397609
50640
591588
118248
520026
299055
723684
417549
141125
102
89781
517821
728902
194686
210891
601274
522845
386567
372152
654911
350194
651221
502867
514038
522988
98791
642946
252713
372295
493867
544577
444845
232021
600384
118076
464585
399810
368084
696283
726479
509163
728813
80976
395482
375217
194385
504895
529303
304249
371723
399800
555978
556077
632465
643655
159492
740430
740473
374596
654404
648394
40966
162852
718438
9534
162200
523443
654602
178551
255935
61472
499000
514581
268849
292549
655502
644231
660883
24119
518513
518750
374485
288809
527119
591789
128848
485208
495984
709327
501106
525622
696047
623974
403436
6396
733127
106510
442138
73799
703306
127486
376722
731417
520819
530539
732485
495417
591340
482526
444277
535297
743420
592207
525391
718477
654991
592082
123659
370603
436061
270525
183994
476930
528024
136280
578544
719958
662634
174030
997
134602
352548
567502
508829
58831
304376
438385
655643
728829
188464
591384
444450
435949
101807
334481
56729
370410
557425
268530
255874
604479
490512
515704
9754
74368
296433
352768
306764
436677
65436
591151
413678
595250
370666
298851
61960
713729
77578
291623
458598
61635
536535
234282
181163
523145
523238
496512
437043
300224
262886
74647
271695
495480
634120
487498
458423
512026
512651
397010
486360
513987
289063
531754
474536
443650
7001
533122
529509
306291
279881
500775
437638
78948
611432
602063
531106
157113
283022
591289
654588
743231
438918
354056
446357
380801
444472
529322
522507
502829
609663
653654
567572
484289
421509
584863
434951
303676
513267
7236
368794
301404
491494
601143
412842
79064
337730
592796
97199
375957
82201
589962
644719
435103
445244
592142
414407
659933
514012
8715
75066
11747
432699
501578
524910
530463
493202
513983
460499
89560
434453
729021
304192
464416
503222
528007
743329
516157
658051
183684
719951
143604
433750
107812
529984
212088
438454
370950
388613
587979
358997
514151
662284
726012
431668
743236
743270
368214
235390
26232
346868
493401
447537
525163
562920
591140
437
94300
504765
743305
433427
8015
356549
522568
512898
434961
508738
6451
477273
478465
512842
523004
709648
66049
515210
654352
443379
14770
524116
431550
721588
353773
374588
134406
17908
654718
374043
269027
363308
655378
485434
511803
473927
515329
401903
301613
69855
406683
654422
495674
23270
433615
500156
547172
497520
190086
191510
45107
535762
268675
172791
28608
280792
195464
465849
655904
125039
460
200100
632721
9999
397891
731827
709837
7744
98910
706889
643552
287749
474787
111801
178357
356366
510172
356331
632377
132599
733239
709193
153752
582627
486542
655215
527861
54642
2722
26023
417029
461329
648635
519320
256549
546288
602571
631865
182885
636624
514289
271249
108029
285847
507680
182255
446414
715040
445893
469881
517216
209983
356231
184211
721234
632447
725208
432996
632485
505597
269665
104305
530823
528385
119591
522885
658288
116448
567488
444517
435051
374076
410197
728983
410817
535192
439530
575782
557655
406013
534314
520245
369123
187946
485449
720136
171626
701324
203952
404423
291533
462598
492555
591680
632704
418175
567598
386225
125898
474018
155742
723297
485060
13885
5062
406520
77100
500067
517180
292804
644077
573495
75348
401929
212395
125867
352341
438227
530862
473788
743577
381061
732666
474978
532699
740440
408903
78466
98428
632089
371045
920
89864
709507
517830
204475
8562
484195
491988
528605
631557
105460
263912
379018
726316
743328
26410
547257
436031
147563
247186
534516
422990
514050
90708
12970
132237
527874
2484
145956
369039
656507
164410
592566
482301
743258
710275
469376
109752
526933
438950
289123
513266
469175
284217
303055
355141
258798
731853
528050
743285
149360
535319
264208
88251
445061
368433
712598
494985
487412
459379
465543
520189
654566
353090
532872
78060
500409
14611
633029
731394
131673
535804
144700
740521
743253
506784
6418
444118
533526
533479
515003
75615
436568
277677
495229
472101
275736
421150
193172
515598
528439
597755
21334
435981
435933
659013
577404
593920
99430
480506
189075
712767
522412
474251
352018
386684
369168
128420
130988
334603
657760
368808
96996
381220
506415
551713
374257
415950
50098
444075
437594
148272
631569
5353
656205
521973
505202
94790
521151
522572
175043
509791
388236
533593
120963
41735
436439
522520
408073
292457
355809
492751
108969
443081
188606
504301
515254
524502
352671
714548
16258
435714
444986
181112
379972
2490
478936
50216
387208
743461
301478
554829
521087
521809
44235
81221
270
648612
483494
643464
444668
512932
372633
655066
656723
323991
528572
525232
496545
512610
687547
440475
654709
380133
632515
502659
180946
390623
523875
433759
369755
36959
533282
495138
445898
2128
558476
632729
212606
440534
33719
465374
731847
518774
534341
533720
282700
292493
480415
515890
133998
602528
440320
433670
540038
529862
655734
516023
76686
160211
412468
593928
517357
371594
517546
494549
474643
487393
493709
654836
523760
12341
42400
466148
199695
464184
100057
19699
374127
514132
445999
20395
515475
276770
160954
410455
495755
632191
10649
225995
414099
461453
7768
226755
26837
191346
523512
480116
743346
512597
592804
499925
105191
293818
24545
643813
705480
409034
517262
40919
499042
370770
462278
218362
29203
254113
191334
248746
469970
75277
315562
525251
743352
654636
655179
525017
741413
200573
308171
558296
444200
631725
560100
79088
654504
443656
523718
314359
347187
410786
512686
413111
654593
371794
279806
293560
699247
502876
77978
412304
43812
514242
522373
707712
497417
595071
667388
529857
108614
439312
654849
501853
200022
56
445315
31409
284284
632177
103561
282855
732435
520917
355983
654475
520313
20157
731707
469925
511504
83636
473893
368853
647409
1323
482017
149991
548088
469386
467097
371856
740475
515848
297413
100914
233552
524590
75231
516671
17569
584916
461722
107740
512599
85155
151706
469398
490991
518475
434481
79387
432453
591504
632252
170568
567438
508725
154654
97244
666638
659360
631890
711564
727580
479766
632339
95577
332422
647971
14846
679580
631886
722260
402752
170131
700656
655387
144447
67201
349905
189920
708096
397638
697120
731866
300141
463483
473370
743225
213198
270043
356766
128425
35490
515575
150580
397705
96
517461
655327
496068
155218
535845
712617
93002
474596
522895
656750
699841
534641
158963
474116
408018
654401
644628
387239
382212
26506
28540
726365
376933
515046
280378
135997
495834
205558
512815
186970
521954
66048
367842
124147
513247
659350
159306
593075
272794
467306
632979
288284
239500
728022
180535
529172
510375
471514
709182
73853
521086
21938
655662
549040
140452
201446
459759
108371
631724
132989
709967
503093
434081
454534
487027
191987
231616
156667
62209
318547
432560
567453
368551
460336
377001
300887
533624
731476
581320
143878
269092
649191
445377
197644
149983
12013
432706
8102
66915
729090
79081
523442
159223
76394
68257
473648
59719
22109
603766
660396
655688
521937
478868
336916
414481
650365
465761
388733
654868
7101
504009
333418
406395
548187
500842
503022
659950
489786
370254
73527
1063
441378
730678
39925
365207
128959
153961
181297
534485
482573
412433
309849
515016
442344
443258
528952
648940
76884
55847
743233
411641
9661
507584
59804
507260
527105
516707
515544
459573
515515
384598
99477
469116
601591
35052
559459
406392
414418
298469
485717
24956
632642
443731
412196
116459
498569
713632
652364
46894
102798
444279
122926
467824
516341
492212
279929
209113
732118
280387
282177
743242
107622
85658
355643
26703
421907
659857
504315
531251
735127
418450
83077
515542
710694
7517
128866
77897
353013
533192
308122
99472
592164
458313
661470
241543
158954
511316
280130
269764
135646
517553
520149
27184
632554
309763
524368
481526
517582
31720
502989
386189
433381
157726
340623
485360
431043
282702
655222
643780
632385
149305
534562
68864
327527
719189
285354
731683
368611
632403
463642
591257
173524
409226
515840
420036
519842
599798
471873
339278
511138
650382
483305
297389
9347
477028
603131
406515
716666
125608
442657
185172
461610
406607
44640
632604
530053
202
232532
18442
743453
326805
376064
513242
460317
501778
369761
118552
183953
284286
505676
334637
440025
472024
189652
69504
49367
474980
522255
584858
515412
740488
661684
707428
725151
252967
592944
130849
433291
6891
131933
401013
370140
712553
213264
534052
7739
350958
470477
179522
711617
719925
122055
591229
440219
313905
584909
153357
523360
643548
523500
152717
343873
258209
444743
409876
409561
446641
435290
163893
728161
444520
731774
180877
523221
646490
518123
534770
20848
187459
142442
592123
246381
156171
250581
517148
186649
436102
408461
5302
134514
157659
477325
130031
465778
445892
507669
714400
470588
631593
535711
597434
654653
171501
164419
356440
520638
484227
511067
612096
75061
406534
175322
418533
103755
373938
308074
603118
387679
654402
558351
122310
654661
528087
525536
223296
643537
282376
808
221127
289092
511839
513490
657509
655801
6846
103521
7012
241575
714127
514435
194816
23361
500822
148559
235116
386168
658304
540107
401842
650680
348979
135215
517430
719935
109672
656031
349979
437040
656696
279640
306425
434248
520967
140720
733193
247077
519718
743224
655469
309231
79170
371823
632282
529989
653135
631988
14222
657018
30345
743366
466917
432424
193842
632456
732366
483209
143873
201897
444673
636359
708017
633601
730672
527980
167700
13349
534667
508958
546283
592289
647086
236557
9003
374503
473256
654581
79110
515255
522933
8033
286221
10784
133968
479856
465529
249600
144114
570362
523710
150423
519909
59757
435947
591474
98170
25300
644056
741164
430646
504620
481569
731539
49573
654838
644906
654439
191179
279704
531926
515005
533291
74870
656244
147554
94695
407991
716456
5662
653258
7277
615131
584768
466507
437058
743367
459174
490981
156367
374067
740477
632120
73037
449840
591768
513578
5719
36137
153934
111577
7432
743251
653859
443636
310545
372000
489118
515517
354645
272011
585374
481898
655988
727543
474397
535820
446459
83465
401509
7367
517559
459790
525479
9597
170944
26135
501728
705699
632368
523194
709447
115467
529353
13645
195740
720014
474781
173878
466875
439200
4866
6834
517597
314263
740376
510521
105818
668782
202424
472038
292449
132753
177576
558447
517249
481542
446270
466039
462033
516450
513520
248133
389996
288936
506652
732744
193491
516468
216623
513039
299560
236646
444446
632706
471818
567235
656778
75117
706662
197320
63489
536158
517717
465521
515053
238303
514602
713103
356270
4747
591666
591156
356545
709417
495219
459211
591923
379414
183706
521487
145519
464472
605143
576320
82927
654815
221889
513330
436186
632176
381126
87752
442707
5086
270074
137510
632380
546454
514065
446315
415209
743313
604110
530687
731607
502842
703523
647072
191215
150136
525752
468226
533499
302051
132227
479298
433738
161287
517155
353181
8595
502511
44402
527751
558463
549751
656492
531388
567261
436939
531789
439381
655138
444851
494614
501537
592334
705692
596543
459265
187058
302903
655369
654506
516855
631856
161276
605432
643566
136979
595201
632223
741180
515472
144058
352962
17686
18788
334713
195642
103934
144835
512636
129673
484324
530479
727648
432562
440899
647011
476680
471130
518611
348609
119014
1770
336431
584784
531064
532786
25292
631617
488399
88556
709527
59159
485041
633034
720066
269944
727986
485262
654609
519818
22960
502705
546271
282901
153850
153837
247280
558218
99093
171426
530000
477547
133892
514870
558601
277624
590870
200063
134688
591445
520070
75318
602015
468972
7165
79335
632415
140309
72071
433722
726435
309467
407101
500007
533939
644326
298198
18857
279832
26593
1004
436401
114198
373642
726477
240170
655088
741427
515274
480190
123198
408257
514323
345849
79322
105606
518244
411300
513726
485915
529059
106185
90061
143600
158932
496139
591185
520136
511175
443057
379548
63128
493804
396740
718703
532359
420796
534460
2430
657060
743404
227729
220963
309288
435369
438872
173030
104741
502
450105
720030
595391
484288
433540
432976
55682
584996
586174
50823
205326
514342
654628
462590
424126
370834
207763
26010
388654
286261
307836
529451
513491
508545
658676
710656
372688
459858
328236
76253
635350
99491
416735
30385
177530
651905
503048
591607
265174
591633
532399
660757
126265
524464
529449
181042
300624
522863
503716
369144
564533
590911
436181
380089
728857
474213
173679
484363
515550
733448
702841
524488
3426
443121
6132
306199
652690
522675
445885
530734
500761
446240
529618
183646
644863
212046
657067
115088
12554
446852
743230
38032
403857
317190
445652
422336
437497
352839
432387
654740
64064
658956
159195
631590
34447
81337
753
513261
400876
520898
479693
695185
716464
243994
144913
405614
743307
652273
654697
632218
362728
730098
474066
743262
470311
413045
513797
643610
380118
728759
9383
498543
7486
130774
518299
200738
248785
134084
153022
122346
713742
524920
143314
145726
516646
514470
385634
109929
706612
519557
7036
509622
441681
502328
632707
515688
34851
327631
504545
157394
187763
529438
23960
510927
97997
26136
126941
654972
502458
632373
411480
515260
1422
511425
26613
159546
440379
302963
158688
489448
644352
54697
201918
136713
492407
42806
438782
567229
709245
643536
546392
655217
268551
348531
654403
190968
99819
87247
515432
497867
14155
463759
634143
654944
518530
256639
9850
416375
523262
741411
724212
350268
520046
25723
660550
460124
508284
490224
381219
510635
71215
477159
368855
484686
297304
529846
124835
31053
75659
3972
376681
127897
495349
220864
296776
418668
657673
443881
567769
487458
369438
232194
97220
517543
355162
705517
590886
465627
75813
584900
632013
531111
148766
191518
292026
430849
77422
386390
1048
288940
512681
25391
713641
80343
200250
591242
465295
266331
471119
655738
482873
8763
461117
210283
700632
489284
445803
367639
743235
22907
71827
507475
618145
102558
411572
592081
578973
558537
446933
92033
321231
315230
275675
370937
62314
592456
643910
584851
632200
6191
631761
445733
713564
355232
514297
278429
182982
409934
521482
592011
524599
16695
6980
5912
175437
271643
409989
122363
371344
31439
288800
14623
152337
642042
731413
278815
435022
500047
641481
371350
313247
381189
373550
32374
165195
399984
459649
515417
446271
505004
483259
590970
567582
557850
558528
112341
645435
449291
436034
202453
515855
25601
532019
371096
88297
743319
147950
657494
258314
389457
9061
173464
104476
595333
743372
389649
80919
449009
487511
347270
534338
438429
528833
179986
743349
495240
462418
248472
406708
306380
646725
724
443330
532711
12680
98117
647822
276925
445981
20000
446427
30824
589924
280695
143261
114412
436585
467637
7778
90303
729279
2780
435255
523395
584782
471851
15827
473838
513870
252549
292451
443735
40735
137427
180178
533273
381079
632264
166556
138860
546542
288034
154036
14745
517817
525330
572993
356630
696211
532749
733264
673984
469030
441708
380973
743430
371720
534773
356654
444776
643864
181368
456557
631650
618526
656185
591121
163484
520094
485518
78769
24379
599470
147434
369068
518200
372003
590876
174193
656980
374446
500375
463036
78944
24422
593923
655614
195471
279245
500512
292088
433512
50649
514997
163776
474914
352677
463416
631925
514636
161000
567968
293629
631579
274422
308710
408708
466828
654979
642874
575631
517603
388739
355581
658464
524731
90107
643487
509964
445019
14468
179718
236030
727344
520623
409563
88025
466929
388034
311609
458360
532345
515032
645517
367690
554791
292356
250429
501574
255932
59214
117825
469244
437191
522472
498317
482910
505033
524498
413801
516155
50755
434878
29344
271791
502302
368802
581171
255462
464243
333526
268742
413359
349283
488478
292078
55235
133379
713173
520140
594912
15476
433901
112318
368264
435126
654688
515371
415790
603930
654792
390428
519337
109051
489336
532363
740407
22410
517987
520973
484242
75864
406096
189585
151134
143703
370555
3094
649054
153310
472213
628831
730889
591836
390594
534384
515139
515114
593631
74050
524815
390667
162233
23158
714302
502915
271044
478407
120319
591166
9589
514843
136164
38039
356050
470233
654583
445868
372286
570455
28491
567380
436527
530749
659215
363492
371889
662411
163629
728838
715617
501200
546261
573153
135406
356578
662180
471528
172772
80658
713131
609336
647075
78788
438289
355606
273397
435832
657032
534477
369920
534521
610830
270428
702646
77221
462086
112023
177275
406917
516777
43627
441488
309489
460298
20521
130293
37617
484738
517622
515271
653263
643560
150651
592045
654816
444931
412462
529044
709471
733319
402773
273330
440829
213666
17987
432760
436093
567419
493819
159161
192477
200716
381123
445534
534373
21554
508848
200804
597122
440515
600883
533770
199248
159013
154029
460355
525205
151761
600547
524574
472054
504035
532129
131570
445884
647067
410977
83190
372082
489207
111749
146591
473296
373947
168073
479116
12271
250456
740567
34906
700188
656466
171806
565319
523463
173043
466693
508514
151413
522616
396644
655292
511251
505652
86859
75527
621695
188553
514746
696684
27935
159130
306727
743268
525299
616962
155975
284207
118110
24178
490551
488827
368527
441038
520612
505735
58685
87726
730740
570355
659158
398093
150549
21765
654563
145150
567619
651436
283652
444356
513632
517949
519632
381256
508010
600940
504670
631862
445239
22867
654762
371698
339735
531818
355899
118241
521212
519672
500466
475150
326801
444106
584845
380250
36973
707753
258576
248815
474010
183153
475525
191213
515011
111554
516830
527524
279583
22616
446170
523299
304792
180414
167679
594084
596704
592262
280741
124047
469018
515164
591495
458596
440497
469060
591760
373741
534395
284297
77318
654465
732244
494648
155204
518525
246310
597091
696087
491060
416216
203896
326953
487774
83147
433222
592202
460996
43619
310645
496255
654754
148767
326387
512682
128067
199850
471768
597106
477287
442798
437178
517145
10095
466165
330742
236828
48029
442609
526728
523309
119177
591221
437855
533040
712144
300559
529495
460184
132858
460693
464210
72925
147381
132370
741210
530009
466987
157401
731633
517168
529178
96852
124490
436066
129563
356377
405410
370771
731563
143751
631562
109999
172550
463613
271614
460468
514402
480454
211800
298248
526521
375707
520287
433213
389461
368203
12457
369614
369201
743343
520525
519993
567779
269560
30141
202677
207538
632080
490510
106242
1581
413482
731908
31431
506603
259412
326822
371021
135087
491767
518201
444933
634506
520851
592605
445665
335139
7158
525781
732098
436445
644095
270851
197071
631602
23862
369430
159014
309641
741417
661576
4055
460923
129195
743437
188882
726050
463456
534679
504820
633762
231029
196011
117853
460141
444414
272062
626637
128690
74563
729135
647094
511816
243564
741531
446574
555910
175465
82916
632738
650093
523930
439309
466775
153863
168799
335106
467408
369759
449076
668085
464333
662152
287362
246112
741153
152385
655272
26670
515479
587231
514474
207459
463041
473204
132499
118983
150122
496943
644108
518805
160958
599232
493808
434864
27059
596078
655334
475055
464438
632326
124366
654400
236361
11594
13662
578109
273621
523811
177766
461647
483944
654371
432485
491440
531581
82887
632161
313544
643433
471933
473082
529420
374477
124649
741179
468840
252682
10903
534457
523739
198072
14839
460078
78601
76662
269128
10082
17936
436505
93836
295137
447688
656450
12144
34492
107101
524214
648326
91531
495985
41086
471834
517478
740420
154163
577463
643130
715778
151787
512492
310456
234569
149957
495541
118640
22678
446445
509447
123933
389945
527748
644033
458355
94672
521213
298990
509718
175218
188456
183232
45719
731613
42949
631844
179915
59368
371914
241576
272838
513867
611911
631926
632709
227817
11314
4082
731754
516076
659035
150324
591960
443134
187635
368157
434286
469331
733236
360174
180919
369091
520640
720197
407580
383019
343571
411125
661604
335918
631539
516788
233950
405590
462529
596461
466831
514590
426359
107382
461787
75160
38972
388927
4859
122752
32826
5210
743323
465593
489615
497692
348342
371563
438673
248153
502770
435074
593974
390420
642877
512756
549577
24601
210367
377090
434953
310231
418285
369017
596514
460960
437957
423968
516034
743393
712563
445045
132161
69997
502883
515344
647084
528519
713245
459927
584862
282113
343627
368281
415312
21816
459391
83734
519033
741282
171695
647068
465885
65758
271667
501012
186756
21213
652235
490347
924
127675
501629
320151
655317
474783
534385
118118
371225
20529
379912
420529
284208
522449
11590
105584
290404
31845
534345
540696
119387
371680
470804
709416
435120
333297
485606
159006
709218
238432
353454
224764
439645
512693
186350
632015
29189
524496
174134
274136
460574
741249
288042
93338
634040
660996
87435
592188
368011
458917
418581
182825
112895
244595
436687
161985
75914
262858
646775
444947
370247
528763
287471
8372
421622
416024
118651
352614
50382
405144
561064
730689
535622
520740
405153
459940
479451
743450
180909
632227
512465
497684
654530
511817
235782
258272
288954
591787
131255
210532
515534
506997
127799
507290
523836
293811
514496
118964
484241
608111
467524
16003
608380
534648
89575
655569
634723
592945
152978
376046
>un
170913
735815
656843
594482
728912
712138
732819
368518
663488
446623
658131
660522
721116
546523
732914
604966
592692
676356
570189
714430
619329
733077
669219
720572
519738
655770
741827
333388
635418
567846
670660
611988
610373
655261
657588
668814
668755
696093
737258
713582
633142
575922
513672
712829
661618
733478
661601
669019
656089
490273
669007
656281
523470
719509
605628
734477
436728
658287
5737
741660
693821
708565
732989
637500
708337
669140
743381
669010
703167
158985
665568
731589
608420
657798
668664
595280
126691
598622
669276
646002
519656
723997
743462
501239
604968
719384
733486
78592
304818
728969
653798
603052
647437
565013
699361
712650
710724
713774
669470
604640
605473
487883
670630
669011
668815
708445
223678
585854
743780
611242
276766
644466
730737
699851
160960
527213
74047
522995
657834
714498
731914
464217
667267
569932
664672
707198
732714
710244
665416
661543
659277
731879
733222
738878
635097
600029
666981
644693
569082
476706
356721
601496
741398
158984
386042
547600
437153
662806
593028
563417
705877
50925
86650
666584
661689
667479
713825
727898
596713
676258
726725
714485
666736
370475
733894
733087
593005
668993
604955
624845
374509
535009
661608
708963
702472
661567
674090
713163
738502
660660
660688
661667
734777
93832
719341
667693
708119
686513
661976
667113
658972
737452
335003
596544
741428
597504
734461
586567
595318
669278
656593
708925
724214
732134
560810
668010
593257
655774
668778
657607
720350
658867
666977
652804
662253
721505
734465
713782
661697
593056
632953
713213
644777
714138
734443
670629
521961
662537
594106
570211
668579
159718
430300
605350
633578
460642
377961
681817
632880
659640
660555
635379
701177
664066
703214
661758
593495
653450
193784
663033
449114
723371
148901
659250
662893
596334
638142
668798
73232
604900
633609
592843
741682
648342
594424
658285
218387
572875
591774
732479
514216
592614
632796
720773
734482
707524
596221
715310
721551
668807
733185
683607
203594
705738
605154
660646
664265
668775
616500
615566
548364
662923
676483
387576
667008
697334
600049
439713
709781
708775
661377
29068
659599
720526
530359
708295
733433
741352
665765
208546
677739
433010
659257
676344
270570
301277
732566
689533
506989
740844
720186
661045
666463
662097
158976
732821
734405
714301
669334
668959
567935
696063
669389
722329
662159
708303
668780
733287
731742
520714
655411
430755
731815
713017
657592
661527
503584
733484
669332
731787
571081
658209
665855
659711
657253
567343
729729
723475
733343
603066
594650
732420
74921
598827
655579
730219
708149
666879
732004
210850
732771
663110
448879
627910
276976
458609
708827
635383
676400
524276
706017
666884
734466
657369
531728
660237
743493
666433
729054
658252
732430
594580
693979
681691
731075
705946
186848
656220
700831
645304
570311
710868
708396
668835
599357
122011
571378
668304
118769
665968
661187
397443
718642
643495
655480
683274
596629
659573
62772
660734
659270
669866
600843
644829
732067
668818
545418
714487
662105
652272
731644
668838
666842
601883
743275
555248
656661
720248
715863
660736
180171
541294
661033
743458
319924
522074
731534
666697
707223
590939
668773
669339
514368
714388
709493
190279
589216
293796
63187
715993
726260
697237
697417
655526
657256
666487
713025
663419
596814
592555
713004
733119
706936
665026
708270
670185
492571
666335
720771
731509
656309
660864
734485
592714
732616
732462
571468
723368
371339
707012
667322
602777
672946
743608
522545
732716
442160
656511
700830
718695
734057
708536
62697
287292
705992
664921
715039
485155
662038
661258
600215
159454
666978
658557
662069
732214
729477
718751
535026
700975
667035
126365
603090
193605
600173
632872
668819
598419
664171
530973
718661
657019
630913
713664
24656
13268
161160
699316
657751
124391
613914
593915
694101
559883
708041
670937
205742
659298
722430
264606
721343
268887
669336
628728
47878
434326
708338
655724
644026
592495
147851
635505
635480
741243
662796
604773
668013
733995
662186
712803
707082
202577
604970
743308
660692
570237
658546
484703
701787
661794
671311
712717
734531
732519
732233
662908
253817
632927
569669
641576
585783
658486
660456
733669
741178
660048
731689
662110
743521
670856
713772
713001
438040
513000
701179
549992
713712
536913
611353
604993
674828
521338
655157
593474
707170
658688
717035
605470
663621
176498
660585
656234
708911
664628
513522
706803
605497
633613
715765
712967
499453
665312
731532
743522
667301
718835
668840
657777
640543
513913
702164
669018
732190
655872
262789
644008
703692
731674
732406
561301
647426
732988
120633
535901
650909
668441
662837
734487
372303
585087
660949
662384
658667
432479
655422
599888
632934
665573
543408
732072
597488
655970
151334
730666
