>id 1234|Hs|cgap|||stem cell|normal||tissue
>part
>ku
>uu
436287
539815
540506
688054
544831
608279
668470
551886
636001
672526
551915
560430
241942
538171
155782
155717
436418
561483
742353
546084
672525
672542
160849
575298
545452
566473
735075
663754
663755
663756
>kn
435080
655108
731539
157031
699177
467759
422676
458324
532492
515005
433427
412117
654543
5662
381219
510635
301989
439481
11638
431400
143728
349208
591768
529517
709893
644794
523855
471975
567612
516105
645535
478469
654827
319334
632229
13967
514599
655378
412870
473927
280741
216653
558536
406683
417004
647119
516986
156967
129758
408960
441072
433615
474781
500156
191518
655327
190086
432121
524690
386390
99884
656065
523185
517597
487774
314263
699841
172791
502745
57698
195464
473286
200250
662164
136313
713956
408018
460109
535972
534453
191074
406223
437178
473721
498892
489284
619396
170019
194329
500921
482144
618145
571886
311640
446429
513039
408427
132342
512675
469473
370937
254042
162032
87295
461200
172631
63489
433419
487536
476448
553723
174050
146180
741169
131910
709182
659809
546288
333120
590956
28914
446091
356502
14623
199877
513053
505654
524121
515070
356545
472558
405410
15277
522632
511605
211282
523732
172550
414028
499158
32374
662174
533624
381126
411312
183109
505059
440898
732047
504687
546285
64968
57813
645317
269560
410817
449585
535192
703523
385956
444749
413482
136947
122908
406013
135146
438429
7158
344151
119598
406620
519666
410111
731513
418175
211594
517070
112930
127403
263812
21590
534041
460923
406520
410970
593344
515169
490394
632717
642624
435255
655005
413416
621912
401929
515472
125300
502773
438227
567706
36587
381061
525557
259594
78466
459573
655498
138860
741531
44693
35052
380710
433701
439309
706229
591610
514220
498569
462680
741263
439480
740386
371720
11615
247186
370504
471441
529631
532786
656457
633514
488173
516837
433863
300772
724025
546286
270017
656901
75724
407955
596643
533655
55999
22047
532840
513266
522357
515714
355264
289271
44017
731853
713636
378103
449609
632570
484188
558601
363137
520070
174193
448342
500375
468442
511794
632554
655606
75139
655168
355935
459596
528713
313544
471933
591415
420229
309069
408054
523468
595133
70312
304682
250723
485915
151220
90107
627414
10082
435231
118076
659681
475733
713590
594338
743396
654649
516087
502875
23111
477028
437594
23650
375217
277704
475392
535464
448010
111903
530943
652114
434966
356190
108969
108957
513915
34136
485258
524498
22146
256301
632549
460317
400295
432976
374596
4749
163451
728933
654404
283725
530251
387208
492445
128548
444467
436178
278901
654602
439199
178551
502756
380953
112318
625725
653349
515371
252967
514581
635350
591306
99491
18166
298280
532363
17631
528305
348112
187635
317403
654379
434286
265174
525600
190477
80624
288809
153177
6396
171995
444743
703306
110571
449909
657366
279580
162233
180877
534770
433670
520042
656652
658702
524871
592322
642877
510328
521056
708365
517546
503284
556986
446852
20225
546261
74564
356440
352839
466945
415342
197043
423968
612096
647075
115242
355333
18925
523512
30619
584921
157160
176503
595072
512676
654427
289092
743218
519168
655207
460298
709914
517622
488240
498727
105806
654816
592317
740620
500483
522384
643610
61430
643580
425125
193326
258551
76095
650680
533122
477375
63236
381123
308171
499839
546289
412103
471751
529782
444389
303116
522699
314359
186350
173724
128199
430425
445570
446466
460558
279806
77719
484950
467284
309231
492516
505777
327631
514535
182825
6734
534293
464336
43812
513083
75914
522090
542707
438678
595071
429819
483209
370247
523463
472508
515560
377992
1030
26613
210751
137594
501578
515536
712714
546283
621695
647086
643590
518827
516157
511817
436873
183684
107911
212088
534404
424312
437338
654563
118666
743321
241545
440092
636199
429843
190968
608380
112405
631584
7527
>un
512525
708769
217079
118183
708256
718514
634447
731577
713080
225784
655072
189119
712882
743220
351316
499484
703302
512542
519520
667725
657308
654924
718983
722213
713770
714239
426104
713658
663758
713706
657800
658396
731819
268887
454011
519738
160800
448879
567352
656710
534798
732348
665958
567699
714503
734579
711628
596814
668391
661399
651222
605502
572786
707825
731501
714000
630169
511952
731509
387576
716846
668061
645304
697645
735793
708887
682303
707052
604208
731623
739459
661002
661894
733433
483829
596629
663757
666431
674466
429365
571239
720876
689533
122054
592114
663607
521961
446522
709788
447953
602321
733523
380956
656368
614690
743219
489932
715732
>part
>ku
>uu
436287
539815
540506
688054
544831
608279
668470
551886
636001
672526
551915
560430
241942
538171
155782
155717
436418
561483
742353
546084
672525
672542
160849
575298
545452
566473
735075
663754
663755
663756
>kn
435080
655108
157031
731539
699177
422676
467759
458324
532492
515005
433427
412117
654543
5662
381219
510635
301989
439481
11638
431400
143728
349208
591768
529517
709893
644794
523855
516105
567612
471975
645535
478469
654827
319334
632229
13967
514599
655378
412870
473927
280741
216653
558536
406683
417004
647119
516986
156967
129758
408960
441072
433615
474781
191518
500156
432121
190086
655327
524690
656065
99884
386390
487774
517597
523185
314263
172791
699841
502745
57698
195464
473286
200250
662164
136313
713956
408018
460109
535972
534453
191074
406223
437178
473721
498892
489284
619396
170019
194329
500921
482144
618145
571886
311640
446429
513039
408427
132342
512675
469473
370937
254042
162032
87295
461200
172631
63489
433419
476448
487536
553723
146180
174050
741169
131910
709182
659809
333120
546288
590956
446091
28914
14623
356502
199877
505654
513053
524121
356545
515070
405410
472558
15277
522632
511605
211282
523732
172550
414028
499158
32374
662174
533624
381126
183109
411312
505059
440898
732047
504687
546285
64968
57813
645317
269560
410817
449585
535192
703523
385956
444749
413482
136947
122908
406013
135146
438429
7158
344151
119598
406620
519666
410111
731513
418175
211594
517070
112930
127403
263812
21590
534041
460923
406520
410970
593344
515169
490394
632717
642624
435255
655005
413416
621912
401929
515472
125300
502773
438227
567706
36587
381061
525557
259594
78466
459573
655498
138860
741531
44693
35052
380710
433701
439309
706229
591610
498569
514220
439480
741263
462680
740386
371720
11615
471441
370504
247186
532786
529631
656457
633514
516837
488173
300772
433863
724025
270017
546286
656901
407955
75724
596643
55999
533655
22047
532840
522357
513266
515714
355264
289271
44017
731853
713636
378103
449609
632570
484188
558601
363137
174193
520070
500375
448342
468442
511794
632554
655606
75139
655168
355935
459596
528713
313544
471933
591415
420229
309069
408054
523468
595133
70312
304682
250723
485915
151220
90107
627414
10082
435231
118076
659681
475733
713590
594338
743396
654649
516087
502875
23111
477028
437594
23650
375217
277704
475392
535464
448010
111903
530943
652114
434966
356190
108969
108957
513915
34136
485258
524498
22146
256301
632549
460317
400295
432976
374596
4749
163451
728933
654404
283725
530251
387208
492445
128548
444467
436178
278901
654602
439199
178551
502756
380953
112318
625725
653349
515371
252967
514581
635350
591306
99491
18166
298280
532363
17631
528305
348112
187635
317403
654379
434286
265174
525600
190477
80624
288809
153177
6396
171995
444743
703306
110571
449909
657366
279580
162233
180877
534770
433670
520042
656652
658702
524871
592322
642877
510328
521056
708365
517546
503284
556986
446852
20225
546261
74564
356440
352839
466945
415342
197043
423968
612096
647075
115242
355333
18925
523512
30619
584921
157160
176503
595072
512676
654427
289092
743218
519168
655207
460298
709914
517622
488240
498727
105806
654816
592317
740620
500483
522384
643580
61430
643610
425125
193326
258551
76095
650680
533122
63236
477375
381123
308171
499839
412103
546289
471751
529782
444389
303116
314359
522699
186350
173724
445570
430425
128199
460558
446466
279806
77719
467284
484950
309231
492516
327631
505777
514535
6734
182825
534293
464336
43812
75914
513083
522090
595071
438678
542707
429819
483209
370247
523463
472508
515560
1030
377992
26613
137594
210751
515536
501578
546283
712714
647086
621695
643590
518827
511817
516157
183684
436873
107911
212088
424312
534404
437338
654563
118666
241545
743321
440092
636199
429843
190968
112405
608380
631584
7527
>un
512525
708769
217079
118183
718514
708256
634447
731577
713080
225784
655072
189119
712882
743220
351316
499484
703302
512542
519520
667725
657308
654924
718983
722213
713770
714239
426104
713658
663758
713706
657800
658396
731819
268887
454011
519738
160800
448879
567352
656710
534798
732348
665958
567699
714503
734579
711628
596814
668391
661399
651222
605502
572786
707825
731501
714000
630169
511952
731509
387576
716846
668061
645304
697645
735793
708887
682303
707052
604208
731623
739459
661002
661894
733433
483829
596629
663757
666431
674466
429365
571239
720876
689533
122054
592114
663607
521961
446522
709788
447953
602321
733523
656368
380956
614690
743219
489932
715732
